444 91 562
257 770 871
1539 444 91
1539 770 444
760 770 444
760 257 770
1452 726 140
1452 726 1295
1420 589 757
330 173 770
409 245 1461
2020 909 348
113 245 1461
118 1951 952
1155 1951 1498
1850 444 562
1850 760 444
146 726 1295
146 1283 1295
1084 1452 1295
1084 529 1295
1350 1110 829
1350 1455 829
1350 1110 446
1590 1562 348
1590 1567 1562
667 1567 1562
791 1420 844
795 1420 757
1164 1726 871
1627 795 757
826 173 770
826 770 871
826 1726 871
1772 1627 757
1772 1627 1726
1266 589 757
2029 1539 770
2029 330 770
688 674 844
1400 409 348
1400 2020 348
1400 409 245
334 1110 1461
334 113 1461
334 1110 829
1120 217 1498
1666 1155 1498
83 1130 1870
83 118 1870
83 118 1951
1263 217 1249
1216 1850 562
1216 1850 760
21 760 257
832 207 2021
966 1452 140
966 317 140
1122 1455 829
2027 218 587
2027 1590 348
1335 667 1567
1404 667 1737
1404 1335 667
1199 956 844
620 1755 489
620 791 1755
1469 620 489
1469 620 791
1327 791 1420
1327 795 1420
1556 1164 1503
1556 1164 403
598 1164 1726
598 1772 1726
598 1772 973
358 136 403
358 1164 871
358 1164 403
1799 1627 795
1799 1327 795
1799 1469 791
1799 1327 791
1703 826 173
1703 330 173
323 1627 1726
323 826 1726
1219 1772 757
1219 1772 973
1219 1266 757
1219 1266 973
1675 1164 1503
1675 598 1164
1675 1790 973
1675 598 973
994 1790 973
994 1266 973
994 1675 1790
894 688 354
1341 113 245
1673 1666 1498
1673 1317 1498
1673 1317 370
1817 1708 977
1817 1708 985
561 725 947
561 1130 1870
561 725 1130
74 561 947
967 1120 1498
967 1317 1498
665 1666 1155
665 1155 1951
665 1666 1035
665 83 1951
665 83 1130
254 983 1189
254 651 1189
1162 983 1189
1162 983 1672
260 1263 1249
260 841 1249
567 1070 1254
1391 1360 1552
1391 1070 473
1391 1360 473
1240 1396 1702
277 1070 473
277 207 1254
277 1070 1254
710 1216 760
710 21 760
710 21 164
424 93 1133
226 257 871
954 726 2021
954 1734 2021
720 1547 1294
720 1547 1287
978 146 1283
978 62 1283
111 2048 1283
111 62 1283
111 2048 1702
1313 736 451
45 650 1283
45 1792 650
45 1792 1476
1608 1084 529
1608 201 1084
77 1724 669
77 823 1595
1321 966 1452
835 1119 389
455 1779 1977
944 1110 1461
474 258 829
474 1122 829
1206 1814 1801
560 2027 348
560 2027 218
560 409 348
859 1335 1567
859 2027 587
859 1590 1567
859 2027 1590
1861 667 1562
1940 1313 736
1051 736 451
1738 1404 1737
1738 2023 1737
1384 1738 212
273 2023 381
273 1863 381
1750 218 587
1750 560 409
1750 560 218
1986 409 1461
1986 976 1461
1986 1750 409
1986 1750 634
1369 956 844
144 1369 844
144 1420 844
144 1420 589
1876 136 604
884 358 871
884 1945 358
884 1562 871
884 1562 348
884 909 348
884 856 909
1131 377 1858
1161 136 403
1022 1556 1503
1022 1556 403
1022 750 403
1803 1799 1627
1803 323 808
1803 323 1627
1803 487 489
1803 487 808
1803 1469 489
1803 1799 1469
7 994 1266
7 1266 589
7 796 589
1279 1675 1503
1279 1022 1503
1279 1022 495
1279 495 1682
1279 796 1682
238 884 625
238 884 856
155 2029 1539
155 40 2029
1256 2029 330
1256 330 91
1256 1539 91
1256 155 1539
1193 1053 2008
287 494 1598
225 494 1598
225 853 1598
1563 1666 1035
1563 1673 1666
1563 1708 985
301 725 947
301 665 1035
2 1817 977
2 1214 977
2 74 947
2 301 947
1655 74 561
1655 561 1870
1655 2 1214
1655 2 74
899 623 1541
899 1120 623
899 967 1120
351 725 1130
351 665 1130
351 301 725
351 301 665
1581 1119 389
1581 1119 1264
1581 387 1264
1560 983 1672
1560 1672 1249
1560 841 1249
559 1175 1235
1154 559 1235
1154 559 1086
1273 260 152
1273 260 1263
616 1273 152
367 616 1251
1786 567 1133
1786 567 1070
1786 1391 1070
1786 93 1133
1786 1391 93
107 277 1287
276 567 1254
1118 1379 230
1118 276 1254
1118 1254 562
365 710 164
365 1379 230
365 1216 562
365 710 1216
365 1118 562
365 1118 1379
319 567 1133
1529 424 1133
2028 21 164
2028 116 21
1071 1734 988
1071 548 988
1071 954 1734
1071 548 954
2047 548 954
913 832 207
913 720 832
1190 978 62
1190 121 1489
1190 121 978
1190 111 62
1926 1792 1444
64 2048 1283
64 650 1283
1961 1792 650
1961 64 650
1961 1926 836
1961 1926 1792
876 1332 1396
1492 1940 713
717 1313 451
939 1926 339
742 2030 317
549 77 669
549 77 1595
419 45 1218
806 1084 1452
1226 201 1595
729 951 1259
729 951 1452
729 1321 1452
1669 1119 741
1669 835 1119
1182 1603 576
1428 1644 1337
1428 1644 1603
1428 1182 1603
1428 1182 2038
400 840 1461
400 976 1461
400 928 976
1731 443 1460
399 1110 446
923 1731 1460
228 840 1461
228 944 1461
901 474 1122
901 1206 1801
1098 968 229
1098 968 258
930 1750 587
930 1750 634
1496 1861 1562
299 1376 520
691 1861 667
572 2023 1737
905 1375 2032
905 1376 520
905 520 624
905 1375 624
1244 1834 1668
1830 1276 912
1830 1645 912
1759 1188 1779
272 1940 1313
272 1492 1940
2017 1644 1603
2017 422 381
2017 1863 381
150 2023 381
150 422 381
1232 1738 1404
1232 1384 1738
1232 1404 1335
1692 273 1668
1692 273 2023
1692 572 2023
1692 1834 1668
1692 572 1834
1987 273 1668
1987 1244 1668
1987 1244 1375
1641 907 576
1641 2017 422
1641 1603 576
1641 2017 1603
324 1986 634
324 930 634
1170 688 354
1170 688 844
1170 1199 844
867 1684 1682
867 144 589
867 1369 1684
867 144 1369
867 796 589
867 796 1682
1361 536 1589
1361 536 408
114 703 706
1883 703 1442
160 1131 1858
160 1131 1445
1578 1131 1445
1578 536 408
2031 750 403
2031 1161 403
1880 136 604
1880 1161 136
78 2031 750
1720 1022 495
1720 1022 1913
1143 1703 826
1143 594 826
545 994 1675
545 1279 1675
693 856 909
1860 674 1124
1172 715 1442
1172 703 1442
1172 703 706
1525 40 2029
1525 1256 2029
1525 155 40
1525 1256 155
447 349 31
447 1912 349
170 199 738
170 287 1372
1246 297 31
1246 1930 738
1246 36 738
1788 287 1598
1788 287 1372
568 1193 2008
568 533 1193
1306 677 494
632 677 494
327 1820 1924
133 1708 977
133 327 1924
133 1214 977
133 1911 1214
1604 1655 1870
1604 1655 1214
294 1341 113
1584 334 50
1948 1673 370
696 1817 985
696 2 1817
696 1563 1035
696 1563 985
696 301 1035
696 2 301
613 289 981
1157 613 981
1157 613 1710
1374 1403 1087
1231 1814 1801
1231 979 1801
373 1350 1455
373 388 1455
373 1350 446
171 1119 1264
171 196 1119
1593 385 25
1593 196 25
1593 1119 741
1593 196 1119
332 2030 317
332 1891 2030
332 1891 1943
332 317 140
332 1943 140
1690 1943 1847
1690 1891 1847
1690 1891 1943
1605 1162 1189
1605 1162 1672
1605 1672 1249
34 254 983
34 1711 983
1245 1086 2010
1245 1154 1086
279 260 841
44 1120 623
1569 1462 1251
681 1273 1263
681 616 1273
681 1569 1263
681 616 1251
681 1569 1251
477 1089 1364
477 1462 1364
477 1462 1251
584 1971 159
1897 1206 1814
1897 82 1814
1897 82 229
1897 1098 229
1270 1360 473
1270 1068 473
1270 855 1552
1075 1068 473
1075 277 473
1075 107 277
1667 1636 988
1667 2047 1489
1667 548 988
1667 2047 548
433 1636 988
433 1636 1240
1169 720 1294
1171 107 1287
1171 1075 107
1171 1075 1068
2040 567 230
2040 1118 230
1449 319 1133
1449 1529 1133
1449 1529 59
1174 567 230
1174 319 567
893 424 1714
893 1529 424
893 226 257
893 226 1714
1026 1529 59
1026 116 21
1026 116 59
793 365 230
1967 226 1714
602 1391 93
602 1391 1552
602 855 1552
602 1144 855
1202 277 1287
1202 720 1287
1202 277 207
769 146 726
769 978 146
769 121 978
1414 2047 1489
1414 2047 954
1414 954 726
964 1926 1444
964 1926 339
219 836 1647
219 2048 1647
219 64 2048
219 1961 836
219 1961 64
1662 2048 1647
1662 876 1396
1662 2048 1702
1662 1396 1702
685 830 1638
300 591 774
1014 272 250
1014 272 1313
1014 591 250
1014 591 339
1770 966 317
1770 742 317
1211 201 1084
1211 806 1084
1211 1226 201
305 951 1452
305 806 1452
305 951 1259
1387 180 1595
1387 201 1595
1387 1608 201
1140 549 1595
1140 180 1595
1140 549 669
754 77 823
754 1545 823
1549 376 325
1549 376 1545
1549 426 325
1456 823 1595
1456 1226 1595
663 47 742
236 729 1259
174 1069 1291
174 188 292
174 188 1069
1478 642 1291
1370 188 1601
1010 208 1077
1010 376 1077
1685 1010 449
1685 376 325
1685 1010 376
571 426 325
571 1685 325
571 1685 830
571 685 830
1679 830 1638
1319 1902 1394
1156 376 1077
678 1669 741
1769 1428 1337
1827 400 840
1827 400 928
945 55 293
945 1827 840
945 1827 1977
945 455 1977
945 55 455
987 1731 443
103 373 388
103 399 446
103 373 446
1448 399 1110
1448 399 1597
1448 944 1110
1448 228 944
508 901 474
508 901 1206
508 474 258
508 1098 258
508 1897 1206
508 1897 1098
745 1384 212
745 930 1384
745 907 212
1954 1234 622
1954 1220 622
1954 1220 1046
1954 1580 871
1954 226 871
1954 226 1995
1954 1234 1995
1121 691 1861
1121 1496 1861
1121 1580 871
1121 1562 871
1121 1496 1562
1740 691 667
1740 691 1007
1740 667 1737
1740 572 1737
1740 572 1007
1307 1220 1286
1307 1220 1046
564 1580 1653
564 1528 1653
564 1954 1580
564 1307 1528
1102 691 1007
1585 905 2032
1585 905 1376
270 2017 1644
270 1863 912
270 2017 1863
1918 1769 1337
442 1645 912
442 270 912
442 270 192
1623 441 1051
1744 930 1384
1744 1232 1384
1744 859 587
1744 930 587
1744 859 1335
1744 1232 1335
491 1987 273
491 273 1863
491 1276 624
491 1276 912
491 1863 912
491 1375 624
491 1987 1375
223 1641 907
223 1738 212
223 907 212
223 1641 422
223 150 422
223 1738 2023
223 150 2023
553 1986 976
553 324 1986
1999 1369 956
1999 1369 1684
1999 1684 1682
1999 495 1682
1889 1170 354
1576 1324 1199
1576 1170 1199
1272 1565 1712
1694 1565 674
1694 1565 1712
1753 536 1589
543 715 1442
1194 1361 408
1194 1883 1442
1194 543 1442
1194 543 1361
799 1753 1589
1696 1945 358
1696 358 136
1696 1876 136
8 884 1945
8 1696 1945
580 114 703
580 1883 703
76 1131 377
76 580 377
76 580 1883
76 1578 1131
420 1880 604
420 580 604
43 420 1880
43 580 377
43 420 580
2013 2031 1161
2013 1880 1161
2013 78 1858
2013 78 2031
2013 43 1880
2013 377 1858
2013 43 377
1886 1022 750
1886 78 750
1886 1022 1913
1886 160 1913
1886 160 1858
1886 78 1858
1340 902 495
1340 1720 495
1340 902 1324
1331 487 808
1331 323 808
1331 1755 489
1331 487 489
734 323 826
734 594 826
734 1331 323
734 1331 2016
900 330 1755
900 1703 330
900 1331 1755
900 1331 2016
900 1143 1703
900 1143 594
900 734 594
900 734 2016
898 7 994
898 545 994
898 7 796
898 1279 796
898 545 1279
466 16 779
1258 379 1116
1972 1323 1893
1268 1933 800
1033 1860 674
1033 746 1860
1033 1565 674
538 706 625
538 238 625
211 447 1912
211 1591 1912
211 297 31
211 447 31
307 1912 349
307 1591 1912
307 1591 1079
1837 170 738
1837 36 1124
1837 36 738
1837 1372 1124
1837 170 1372
998 458 781
998 199 781
998 170 199
1213 1246 1930
1213 1246 297
1213 1150 297
1213 1930 1937
1213 1150 1937
1543 1246 31
1543 1246 36
1543 36 1124
1543 674 1124
1543 31 674
488 1762 1193
488 1193 1053
488 715 1787
488 715 1053
1342 1762 1193
1342 533 885
1342 533 1193
1879 488 1787
1879 488 1762
1109 1342 885
1109 1342 1762
1109 1879 1782
1109 1879 1762
274 287 494
274 998 458
274 170 287
274 998 170
1800 1930 738
1800 199 738
1412 2015 1963
1996 1788 1372
1996 1372 1124
1996 1860 1124
1996 746 1860
1996 1788 1598
1996 746 1598
416 568 533
416 1306 533
416 1306 677
1217 1306 494
1217 274 494
1217 274 458
1217 458 864
1365 225 494
1365 632 494
1600 1820 1924
1600 290 1820
1356 334 829
1356 334 50
1754 133 1911
1015 1604 1214
722 118 1870
722 1604 1870
722 118 952
360 946 294
360 294 1341
1955 1650 800
1183 636 379
1183 1650 800
1183 1773 1650
842 1584 50
1104 1584 334
833 1654 1527
833 289 981
833 1527 289
528 1563 1673
528 1813 1563
528 1948 1673
1344 410 1809
1962 1563 1708
1962 1813 1563
1962 133 1924
1962 133 1708
1942 1157 981
1942 1344 1809
695 1157 290
695 1600 290
695 1600 1809
695 1942 1809
695 1942 1157
1253 1710 1491
1253 1157 1710
493 1462 1364
1586 162 1857
154 1317 370
154 1654 370
1145 613 289
1678 196 25
817 183 429
590 387 1264
590 1403 1087
1255 950 837
502 817 429
502 1890 1403
502 817 1890
537 1374 1087
537 733 1087
537 733 101
512 537 1374
1423 82 1814
431 993 1076
431 1191 979
431 1191 1076
1003 188 881
1003 188 1069
773 1069 1291
773 642 1291
338 733 101
787 1245 2010
1304 1943 140
1304 239 1943
1304 239 1634
1553 34 254
1553 1175 1235
1553 254 1235
592 1822 415
592 1794 415
592 559 1175
635 1906 940
1719 1794 1711
1719 1560 841
1719 1711 983
1719 1560 983
142 787 1245
813 1154 1235
813 254 1235
813 254 651
48 1605 1189
48 1624 1605
48 1624 1919
53 1086 2010
53 1906 2010
53 635 1906
1618 1906 940
1618 1076 940
496 566 643
1195 1557 1089
1195 367 616
1195 616 152
1195 1557 152
1149 1569 1462
1149 493 1462
1149 1120 217
1149 44 1120
1149 1263 217
1149 1569 1263
1997 1360 1552
1997 1270 1552
1997 1270 1360
820 1190 1489
820 1667 1489
1620 720 832
1620 1169 720
1620 248 577
1620 1169 577
1950 433 577
1950 1169 577
106 248 577
106 433 577
106 1734 2021
106 832 2021
106 1620 832
106 1620 248
1855 1547 1287
1855 1171 1287
1855 1171 1547
1352 1144 855
265 345 1547
265 1171 1547
265 1171 1068
1393 345 1547
673 1793 1730
1224 639 1286
401 1118 276
401 2040 1118
401 276 567
401 2040 567
1824 116 59
1824 1449 59
925 893 257
925 893 1529
1082 793 365
1082 365 164
1082 2028 164
425 1174 230
425 793 230
425 2028 116
425 1082 2028
425 1082 793
1049 424 1714
821 226 1995
1320 913 720
1320 1202 720
1320 913 207
1320 1202 207
1385 121 1489
1385 1414 1489
1385 769 121
1385 769 726
1385 1414 726
656 1158 306
896 1169 1294
896 41 1294
328 1559 1688
61 1014 1313
61 939 339
61 1014 339
1651 717 1313
1651 134 717
1651 61 1313
1354 1888 1332
1062 1662 1647
1265 1492 713
914 55 293
914 55 455
914 455 1779
914 1188 1779
641 628 293
641 1901 293
637 228 840
35 685 1638
1592 964 339
1592 591 339
1592 964 1444
1531 300 393
1531 1493 393
1531 1265 1492
1531 1493 1265
1898 300 591
1898 591 250
1898 1531 1492
1898 1531 300
1898 272 250
1898 272 1492
611 1724 669
1210 611 1724
1833 305 806
1833 1211 806
1833 1211 1226
1833 305 1259
1373 529 1295
1373 1283 1295
1373 45 1283
1373 45 1218
1722 1140 669
1722 611 669
1722 611 1836
1715 77 1724
1715 754 77
1055 754 1545
1055 1549 1545
1055 1715 754
1467 1456 823
1467 1545 823
1467 376 1545
1467 1319 1640
1467 1319 1902
1467 1156 376
1467 1156 1902
822 2030 881
822 742 2030
822 47 742
822 1970 19
822 47 19
822 1970 1601
822 188 881
822 188 1601
1840 729 1321
1840 236 1500
1840 236 729
1011 1770 742
1011 663 742
1011 1321 966
1011 1770 966
309 642 1891
309 1478 642
309 1891 1847
191 1464 1713
1658 188 292
1658 1370 188
1658 1394 292
1658 1370 1394
772 571 685
772 35 685
938 1679 830
531 1370 1394
531 1319 1394
531 1370 1601
531 1319 1640
531 1970 1601
1763 208 1077
1763 1156 1077
509 1394 292
66 1182 576
927 2012 2038
927 75 1759
927 1797 1759
927 1797 2012
1349 945 840
1349 637 840
1349 637 1901
1349 1901 293
1349 945 293
838 923 1731
838 1938 923
838 1938 304
838 777 304
838 987 1731
838 987 777
1237 1679 304
1237 777 304
1237 1679 1638
1237 987 1638
1237 987 777
1874 103 388
1874 388 837
1874 950 837
740 1234 1995
740 1768 1286
740 1220 1286
740 1234 622
740 1220 622
249 1530 306
523 1559 1688
1815 1418 1793
1815 1559 1418
1815 520 624
1815 299 520
1815 673 1793
1815 673 299
1292 1815 1559
1141 564 1954
1141 564 1307
1142 1416 1834
1142 1102 1783
1704 572 1834
1704 1416 1834
1704 572 1007
138 1121 691
138 1102 691
138 1121 1580
138 1102 1783
138 1580 1653
316 1244 1834
316 765 1834
128 138 1783
128 1142 1783
1674 1376 2032
1674 299 1376
456 1376 2032
456 1585 2032
456 1585 1376
797 311 1644
797 1623 311
1203 1573 736
1203 1940 713
1203 1940 736
1203 75 713
1203 75 1637
546 1918 1337
546 1573 311
546 1644 1337
546 311 1644
165 1285 1645
165 442 1645
1200 1759 1188
1200 75 1759
1200 1188 713
1200 75 713
612 1769 1428
612 1428 2038
612 75 1637
612 927 2038
612 927 75
612 1918 1769
1163 1623 1051
1163 1623 311
1163 1051 736
1163 1573 736
1163 1573 311
1436 1623 192
1436 442 192
1436 371 442
38 553 976
747 1999 956
747 1999 902
747 902 1324
747 1199 956
747 1324 1199
2026 902 495
2026 1999 495
2026 1999 902
908 1889 515
908 1889 1170
1334 1272 1565
1334 1033 224
1334 1033 1565
1611 1333 894
1611 894 688
1611 688 674
1611 1694 674
84 1753 1445
865 1753 1445
865 1753 536
865 1578 1445
865 1578 536
126 84 1399
126 84 1753
1038 1576 256
143 543 715
1610 543 1361
1583 1194 408
1583 1194 1883
1583 1578 408
1583 76 1883
1583 76 1578
1877 437 1024
1877 1100 799
1877 799 1753
1877 126 437
1877 126 1753
1613 1100 1941
1408 225 853
919 114 706
919 8 1696
919 1696 1876
919 1876 604
919 580 604
919 580 114
1016 238 856
1016 466 238
1016 466 779
1016 1441 779
1016 1441 856
445 466 238
445 1323 1893
445 16 1893
445 466 16
445 538 238
445 538 1323
1229 1441 779
1748 1782 1116
1594 533 885
1952 1109 885
1952 1594 885
895 1782 1116
374 1629 1907
374 1105 1494
374 1629 1494
1353 715 1787
1129 693 1933
1129 1268 1933
1129 1268 1187
1129 693 856
1978 700 965
1978 746 965
1978 746 1598
1978 853 1598
1978 700 853
1073 1033 224
1073 746 965
1073 1033 746
333 211 1591
1060 374 1867
891 1800 2015
619 1412 2015
619 1800 2015
601 349 1652
601 307 349
601 307 1079
601 593 1079
337 1591 1079
1346 290 1820
847 1346 1820
26 133 327
26 1754 133
679 1911 1214
679 1015 1214
679 1015 1521
679 924 1521
1043 29 1438
1043 29 1040
1146 294 113
1146 946 294
1146 1043 946
1146 1043 1438
1146 1104 1438
1146 334 113
1146 1104 334
1017 1167 551
1090 1537 1233
1090 360 946
1090 1537 946
1856 131 1040
1236 1571 1233
1236 131 1233
1347 360 1341
1347 1090 360
1347 1341 245
647 1933 800
647 1955 800
935 693 1933
1631 1955 1650
1357 1773 1650
417 1916 1534
417 1357 1534
1934 1268 1187
1934 1229 1187
1934 1268 800
1934 1183 800
1934 1183 379
1975 636 379
1975 1201 379
782 379 1116
782 895 1116
915 585 386
766 2044 692
1761 578 234
1761 193 234
1761 151 193
472 346 240
472 346 3
1823 1356 50
54 1104 1438
65 932 1040
65 29 1040
65 1796 1798
65 932 1798
1929 1274 952
187 518 123
187 1274 952
699 1948 357
699 1948 370
699 1654 370
699 833 1654
1743 833 981
1743 699 833
653 528 1813
653 1948 357
653 528 1948
621 1600 1809
621 410 1809
621 1600 1924
1854 1962 1813
1854 1344 1813
1854 1344 410
1854 1962 1924
1854 621 1924
1854 621 410
530 1942 981
492 258 829
492 1356 829
1180 1253 1157
1511 1710 1491
1511 1721 1491
1511 942 1466
1484 942 1197
615 82 229
615 1197 229
600 493 1364
600 633 1541
600 633 1697
503 600 1364
503 600 1697
812 652 1111
730 1586 1857
730 652 1857
730 652 1111
120 1586 162
521 154 1654
521 967 1317
521 154 1317
195 997 633
195 430 1179
195 430 633
195 485 1179
1839 1527 289
1839 997 1527
1839 195 485
1839 195 997
1072 613 1710
1072 1145 613
1101 1511 1466
1101 1511 1710
1402 338 231
1402 338 733
1959 174 1291
1959 191 1464
459 1959 1464
1 171 196
1 1678 196
1 590 1087
1 733 1087
1 1678 733
1923 183 387
1923 817 183
1923 817 1890
1260 388 837
1260 388 1455
1804 512 1717
1804 512 537
1540 512 1717
1540 512 566
1540 643 1717
1540 566 643
1204 431 557
1023 512 566
1023 512 1374
1209 1991 1403
771 1231 1814
771 1423 1814
1852 1423 82
1852 584 1810
1852 584 159
1852 1423 159
2014 1423 159
2014 1574 159
2014 1574 1355
2014 1191 1076
2014 940 1355
2014 1076 940
364 431 557
364 1260 372
364 1255 837
364 1260 837
246 901 1801
246 901 1122
463 1127 372
463 364 372
463 364 431
463 431 979
463 979 1801
406 1003 1069
406 773 1069
406 1003 881
406 773 642
406 2030 881
406 1891 2030
406 642 1891
1252 191 1713
1252 1713 231
1829 142 1280
1829 142 787
56 1304 1634
56 1624 1634
56 1624 1605
56 1605 140
56 1304 140
1290 592 1794
1290 1794 1711
1290 1553 1175
1290 592 1175
1290 34 1711
1290 1553 34
922 592 1822
922 53 1086
922 53 1822
922 559 1086
922 592 559
359 940 1355
359 1574 1355
1974 1794 415
1974 237 415
597 1974 237
1137 813 1154
1137 1245 1154
1137 142 1245
1185 1544 1634
1577 48 1919
1577 813 651
1577 651 1189
1577 48 1189
1853 53 635
1012 787 643
1012 1906 2010
1012 787 2010
513 1618 643
513 496 643
513 1618 1076
513 993 1076
2035 513 993
2035 513 496
476 1381 279
476 1381 1557
227 1557 152
227 1381 1557
227 260 152
227 279 260
227 1381 279
156 477 1089
156 1195 1089
156 1195 367
156 367 1251
156 477 1251
1862 162 522
1862 476 522
1864 162 1857
1864 652 1857
1864 1862 162
1864 1862 877
145 1667 1636
145 820 1667
145 1240 1702
145 1636 1240
145 820 1190
145 111 1702
145 1190 111
514 1240 1396
514 433 1240
514 1950 433
1524 433 988
1524 106 433
1524 1734 988
1524 106 1734
1812 1656 1047
1812 1633 1147
1812 1656 1147
1080 1270 855
1080 265 1147
1080 1270 1068
1080 265 1068
1277 1633 1147
1277 1352 1633
1277 1080 1147
1277 1352 855
1277 1080 855
130 1547 1294
130 1393 1547
1727 1393 345
1727 1725 345
1909 1725 1730
1909 673 1730
1909 13 285
1909 13 1224
541 1725 1047
541 13 285
541 1909 285
541 1909 1725
541 1812 1047
541 1812 13
1632 1656 1047
1632 1725 1047
457 1768 1286
457 1768 1238
457 115 1238
457 115 1633
457 1812 1633
457 1812 13
1446 1449 319
1446 1824 1449
1446 1824 116
1446 425 116
1446 1174 319
1446 425 1174
694 1026 1529
694 925 1529
694 925 257
694 21 257
694 1026 21
210 1967 1714
210 1049 1714
475 424 93
475 1049 424
475 602 93
475 210 1049
341 602 903
341 602 1144
629 656 1663
629 41 1294
392 1725 1730
392 656 1158
392 1727 1725
161 990 1730
161 990 1158
161 392 1730
161 392 1158
575 1418 1793
575 1793 1730
575 990 1730
1064 514 1950
1064 1950 1169
1064 896 1169
1064 514 1396
1064 1332 1396
1064 1888 1332
1397 1064 896
1397 1064 1888
1397 1354 1888
1397 1450 1643
1397 1354 1643
1873 776 1659
1873 776 412
4 776 1659
4 896 41
4 1397 896
4 776 1450
4 1397 1450
112 1450 1643
112 776 1450
1117 1530 306
1117 1530 41
1117 629 41
1117 656 306
1117 629 656
68 1651 61
68 939 1518
68 61 939
68 134 1518
68 1651 134
336 1062 1662
347 336 1354
347 1354 1643
347 1039 1643
347 1039 1095
2033 717 451
2033 134 717
804 1566 1095
804 2033 1758
1915 1062 1647
1915 1062 247
2003 1265 713
2003 1265 1351
2003 1188 713
2003 914 1188
2003 914 1351
1437 1322 1093
1437 46 1745
1271 916 628
1271 628 293
398 914 293
398 914 1351
398 1271 293
398 1271 1493
398 1265 1351
398 1493 1265
363 46 1745
363 916 628
363 46 916
872 637 228
97 1742 1093
12 1742 1093
12 1437 1093
12 46 393
12 1437 46
179 300 774
179 12 1742
179 300 393
179 12 393
792 1592 1444
792 1792 1476
792 1792 1444
1665 591 774
1665 1592 591
1816 1836 1218
1816 419 1218
421 803 426
421 571 426
421 772 356
421 772 571
608 803 426
1395 1456 1226
282 1467 1640
282 531 1640
282 1970 19
282 531 1970
1065 1387 180
1065 1387 1608
1065 1608 529
1065 1373 529
484 1140 180
484 1065 180
484 1065 1373
484 1722 1140
484 1722 1836
1037 1055 1715
1037 608 426
1037 1549 426
1037 1055 1549
1037 608 1210
1037 1210 1724
1037 1715 1724
1074 1840 1321
1074 1011 1321
1074 1011 663
1914 47 1500
1914 663 47
617 1679 304
617 1113 304
141 1113 183
141 183 429
141 1938 429
141 1938 304
141 1113 304
849 1113 183
849 183 387
849 1581 387
1835 938 830
1426 938 1669
1426 835 389
1426 1669 835
1148 1156 1902
1148 1763 1156
1148 1902 1394
1148 1763 208
854 1593 385
854 385 292
854 509 292
854 1593 741
854 509 741
1091 678 741
1091 509 741
1091 678 208
1091 1148 208
1091 509 1394
1091 1148 1394
1459 1182 2038
1459 66 1182
1459 2012 2038
1300 1759 1779
1300 1797 1759
1990 1874 103
1990 399 1597
1990 103 399
958 502 429
2006 1559 1418
2006 249 1559
2006 249 306
2006 1158 306
2006 990 1158
1994 249 1559
889 1292 1559
889 523 1559
889 1830 1645
889 1292 1830
889 1285 1645
889 523 1285
1027 1830 1276
1027 1292 1830
1027 1276 624
1027 1815 624
1027 1292 1815
216 1954 1046
216 1141 1954
216 1307 1046
216 1141 1307
1092 1102 1007
1092 1142 1102
1092 1142 1416
1092 1704 1007
1092 1704 1416
382 316 1244
382 316 765
764 138 1653
764 128 138
764 1528 1653
542 128 1142
542 765 1834
542 1142 1834
542 764 128
542 765 1528
542 764 1528
1881 1307 1528
1881 1674 639
1881 639 1286
1881 1307 1286
595 270 1644
595 797 1644
595 270 192
595 1623 192
595 797 1623
1980 1203 1573
1980 546 1573
1980 1203 1637
1980 546 1918
1980 612 1637
1980 612 1918
818 371 442
818 165 442
818 165 1285
1390 1566 2024
1045 2024 371
1045 818 371
1045 1390 2024
1045 818 1285
1045 328 1688
1045 523 1688
1045 523 1285
1045 1390 412
1470 38 2012
1470 1459 2012
1470 1459 66
711 66 576
711 1470 66
711 1470 38
711 907 576
1936 1889 354
1936 894 354
1936 1333 894
524 1936 1333
524 1936 1308
465 906 2046
465 906 1671
486 84 1399
70 715 1053
70 143 715
2041 1100 799
2041 799 1589
2041 1361 1589
2041 1610 1361
607 2037 853
607 1408 853
605 1365 632
605 1365 225
605 1408 225
778 919 706
778 919 8
778 706 625
778 884 625
778 8 884
69 1340 1324
709 1340 1720
709 1720 1913
709 326 1913
1542 1748 1782
1542 1748 1972
1542 1353 1972
984 1258 1116
984 1748 1116
1535 1306 533
1535 1594 533
2004 1594 51
2004 1952 1594
2004 1952 1907
369 1172 715
369 1353 715
369 538 1323
369 1972 1323
369 1353 1972
1507 1879 1787
1507 1353 1787
1507 1542 1353
1507 1879 1782
1507 1542 1782
460 1129 1187
460 1229 1187
460 1229 1441
460 1441 856
460 1129 856
721 1613 1941
1241 906 2046
1241 906 1671
1780 1334 1272
1780 1334 224
1780 1073 224
929 211 297
929 333 211
929 1150 297
929 1150 1937
929 333 1937
834 1952 1109
834 1109 1782
834 1060 1867
834 895 1782
834 895 1867
697 1795 1963
697 1795 175
697 2015 1963
697 891 2015
697 1930 1937
697 175 1937
697 1800 1930
697 891 1800
119 888 864
1646 119 888
1646 888 864
1646 149 864
1646 149 1125
167 578 234
1821 619 1800
1821 199 781
1821 1800 199
1821 458 781
262 1795 1963
262 1412 1963
262 1412 698
1922 498 1242
1922 1153 1652
1922 313 1652
1922 498 313
1025 2044 762
1025 2044 1440
1126 2044 692
1126 1018 692
1126 2044 762
1126 1018 762
862 313 1652
862 601 1652
1561 327 1820
1561 924 1820
1561 26 327
1561 26 1754
1561 1754 1911
1561 679 1911
1561 679 924
1626 924 1820
1626 924 1521
1626 58 1521
375 1409 94
283 1043 1040
283 131 1040
283 1537 946
283 1043 946
283 131 1233
283 1537 1233
989 1596 618
350 989 1903
350 989 1596
2036 1596 1167
2036 1596 618
1548 1017 551
1548 932 1040
1548 1856 1040
1622 1017 1368
1021 1856 131
1021 1236 131
1021 1236 1571
534 1347 1090
534 1571 1233
534 1090 1233
92 1400 2020
92 1966 1400
1305 1966 953
1305 1572 953
1648 1572 953
1648 724 1805
1648 1572 1805
1505 647 1955
1505 647 1933
1505 935 1933
499 935 693
499 935 676
499 693 909
499 676 909
125 1648 953
125 1648 724
904 222 288
1107 222 288
1107 1966 953
1107 125 953
271 1631 1650
182 1631 1483
1058 1357 1650
1058 271 1650
917 1183 636
917 1183 1773
917 1357 1773
917 417 1357
1670 1229 779
1670 1934 1229
1670 1934 379
1063 417 1916
1063 1975 636
280 167 578
280 1105 1494
280 1031 1105
461 1031 1105
1363 1908 962
1363 1002 1108
1419 2018 1819
1207 1908 1904
1207 1419 1908
1207 2018 386
1207 1419 2018
1899 1606 1005
1899 1606 1904
786 1357 1534
1339 1908 1904
1339 1606 1904
1339 1363 1908
1339 1108 1227
1339 1363 1108
214 1005 1534
214 1606 1005
214 786 1534
214 1339 1606
1044 28 790
1579 766 2044
1579 1205 1480
1579 1205 2044
1579 766 519
1579 472 519
1741 766 692
1030 193 234
1030 2034 193
1030 2034 240
1030 1517 240
684 1063 1916
1716 346 240
1716 244 716
139 1716 716
139 1716 346
690 2036 343
690 343 1032
690 1058 1989
690 1058 1032
1261 28 683
1433 366 1828
1767 65 1796
1767 65 29
1767 29 1438
1767 54 1438
88 1929 952
1947 1015 1604
308 1015 1521
1687 582 1274
286 582 1274
108 518 123
880 187 518
497 1344 1813
497 530 1344
497 653 357
497 653 1813
497 1743 981
497 530 981
648 699 357
648 1743 699
648 497 357
648 497 1743
1749 530 1942
980 968 258
980 492 258
783 1346 290
314 968 229
314 1197 229
314 942 1197
176 615 82
176 1852 1810
176 1852 82
1431 1764 312
1431 176 615
1454 584 1971
996 600 1541
996 600 493
996 623 1541
996 44 623
996 1149 44
996 1149 493
14 485 1179
1330 1139 17
1695 120 162
1695 597 237
1695 237 415
1695 120 415
852 521 1654
852 1654 1527
852 997 1527
852 633 1541
852 997 633
852 899 1541
852 899 967
852 521 967
664 1839 485
664 1145 289
664 1839 289
1582 1072 1145
1582 664 1145
1582 664 1101
1582 1072 1710
1582 1101 1710
1776 1402 231
1776 1402 1464
1776 1713 231
1776 1464 1713
1811 1959 174
1811 385 292
1811 174 292
1811 459 1959
1811 385 25
1811 459 25
974 1678 25
974 459 25
732 1402 1464
732 459 1464
732 974 459
732 1402 733
660 590 1264
660 1 590
660 171 1264
660 1 171
1946 1923 1890
1946 1890 1403
1946 590 1403
1946 590 387
1946 1923 387
454 1804 1717
454 537 101
454 1804 537
1895 1204 1991
1895 2035 993
1895 2035 1198
1895 431 993
1895 1204 431
579 1023 1198
579 1895 1198
579 1895 1991
579 1023 1374
579 1374 1403
579 1991 1403
569 1209 1403
569 1209 950
569 502 1403
569 1874 950
569 958 502
569 958 1874
811 1255 950
811 1209 950
811 1204 557
811 1204 1991
811 1209 1991
878 771 1231
878 1231 979
878 1191 979
556 364 557
556 364 1255
556 811 557
556 811 1255
1928 246 1801
1928 463 1801
1928 463 1127
132 635 940
132 359 940
428 1719 1794
428 1974 1794
428 597 1974
1250 467 1280
1250 1829 1280
1250 1829 787
1250 643 1717
1250 787 643
763 239 1634
763 1185 1634
763 1943 1847
763 239 1943
1621 309 1847
1621 763 1847
1621 763 1185
361 1577 1919
361 1577 813
1106 1944 1853
402 801 635
402 1853 635
402 1106 1853
402 120 1586
402 1106 120
1988 1618 1906
1988 1012 1906
1988 1618 643
1988 1012 643
1488 2035 1198
1488 1023 566
1488 1023 1198
1488 496 566
1488 2035 496
342 476 1557
342 1862 476
342 1862 877
342 1557 1089
342 1864 652
342 1864 877
1506 1352 1633
1506 115 1633
1506 1352 1144
1960 130 1294
1832 130 1393
1832 1727 1393
1832 1960 130
1477 1909 673
1477 673 299
1477 1224 639
1477 1909 1224
1477 1674 639
1477 1674 299
453 1725 345
453 1632 345
453 1632 1725
714 265 345
714 1632 345
714 265 1147
714 1656 1147
714 1632 1656
1223 1224 1286
1223 457 1286
1499 602 903
1499 475 903
1499 475 602
1575 210 1967
1575 475 210
1575 475 903
1575 341 903
1575 341 821
1575 1967 226
1575 821 226
1343 341 821
1343 821 1995
1343 341 1144
1343 740 1995
1343 740 1768
1343 1768 1238
1343 1144 1238
205 656 1663
205 392 656
205 392 1727
469 1873 412
469 1873 328
469 1045 412
469 1045 328
1278 1530 41
1278 4 41
1278 1530 1659
1278 4 1659
1892 1662 876
1892 336 1662
1892 336 1354
1892 876 1332
1892 1354 1332
596 776 412
596 1039 412
596 112 776
278 347 1095
278 804 1095
63 1051 451
63 441 1434
63 441 1051
1509 2033 134
1509 2033 1758
1509 134 1518
1509 1915 1518
1660 1566 1434
1660 1566 2024
1660 441 1434
1660 1623 441
1660 2024 371
1660 1436 371
1660 1436 1623
638 1915 1647
638 836 1647
638 1926 836
638 1915 1518
638 939 1518
638 939 1926
209 443 1745
209 1437 1745
209 1437 1322
99 1271 916
99 1271 1493
99 1493 393
99 46 393
99 46 916
90 641 628
90 363 628
1230 443 1460
1502 1448 228
1502 872 228
1432 97 1742
264 792 1592
264 1665 1592
264 792 1476
264 1735 1476
1302 611 1836
1302 1816 1836
1302 1816 419
1302 1735 1476
1302 45 1476
1302 419 45
52 421 803
52 819 737
758 1467 1456
758 282 1467
758 1395 1456
1587 1836 1218
1587 484 1836
1587 1373 1218
1587 484 1373
1680 1914 663
1680 1074 663
1680 1074 1840
1680 1840 1500
1680 1914 1500
1649 1113 1282
1649 849 1113
1649 1426 389
1649 1426 1282
1649 1581 389
1649 849 1581
970 1685 830
970 1835 830
970 1685 449
970 1010 449
970 1010 208
970 678 208
970 678 1669
970 938 1669
970 1835 938
1097 1426 1282
1097 1113 1282
2045 938 1679
2045 1426 938
2045 1097 1426
2045 617 1679
2045 617 1113
2045 1097 1113
1371 1468 670
1920 1300 1797
1920 1797 2012
1920 38 2012
380 1990 1874
380 958 1874
380 958 429
380 1938 429
380 1938 923
1388 2006 1418
1388 2006 990
1388 575 1418
1388 575 990
1312 328 1559
1312 1994 1559
1312 1873 328
418 1530 1659
418 1312 1659
418 1312 1994
418 249 1530
418 1994 249
1078 1881 1674
1078 765 1528
1078 1881 1528
1160 1390 412
1160 1039 412
1160 1039 1095
1160 1566 1095
1160 1390 1566
1048 38 553
1048 711 38
1048 553 324
1463 1272 1712
1463 1303 1712
1463 465 1303
1463 465 1671
1463 1780 1272
10 524 1308
10 1303 1308
10 1694 1712
10 1303 1712
198 1936 1889
198 1889 515
198 1936 1308
198 668 1308
728 1303 1308
728 668 1308
728 465 1303
728 465 2046
728 1009 2046
1657 1038 1576
1657 1038 1425
1657 1576 1170
1657 908 1170
11 486 1399
11 1038 1425
11 486 1038
631 1316 1009
631 303 1009
687 126 437
687 303 126
687 437 1024
687 2046 1024
687 1009 2046
687 303 1009
1609 126 1399
1609 303 126
1609 631 1399
1609 631 303
1054 326 1913
1054 160 1913
414 1613 1100
414 2041 1100
1099 607 2037
450 605 632
450 605 1408
450 416 568
450 632 677
450 416 677
1842 69 326
1842 69 1324
1842 1576 256
1842 1576 1324
39 709 1340
39 709 326
39 69 1340
39 69 326
1784 16 1893
1784 984 1748
1784 1972 1893
1784 1748 1972
1536 1535 1594
1536 1594 51
1536 1535 1306
1536 119 864
1536 119 51
1536 1217 864
1536 1217 1306
532 2004 51
532 119 51
532 119 1629
532 1629 1907
532 2004 1907
1001 369 1172
1001 369 538
1001 1172 706
1001 538 706
1243 721 1843
1243 2037 853
1243 1613 2037
1243 721 1613
1243 700 853
1878 1100 1941
1878 1877 1024
1878 1877 1100
86 2046 1024
86 1241 2046
86 1878 1024
86 1878 1241
1732 1952 1907
1732 834 1952
1732 834 1060
869 1412 698
831 1629 1494
831 119 1629
831 295 1831
831 1646 1831
831 1646 119
831 167 295
831 280 1494
831 280 167
181 1030 234
181 1030 1517
181 1716 244
1248 1821 619
1248 149 864
1248 458 864
1248 1821 458
481 262 698
504 262 1795
504 481 1267
504 481 262
404 1205 1480
404 1554 1480
749 1153 1427
87 1025 762
87 1025 322
1383 586 1781
815 1153 1427
815 1616 1427
815 1153 1652
882 1018 762
882 87 762
1293 1616 322
1293 87 322
1293 882 87
1939 498 313
1939 1789 313
1939 498 1242
1628 593 1079
1628 337 1079
243 862 601
243 862 313
243 1789 313
438 375 94
1504 375 1409
1504 847 1346
1522 1626 58
1522 1504 847
1522 847 1820
1522 1626 1820
1707 1596 1167
1707 350 1596
1707 1167 551
879 350 1774
879 1774 245
879 1347 245
2022 744 1774
2022 350 1774
2022 350 1903
2022 744 1805
2022 724 1903
2022 724 1805
719 1017 1167
719 2036 1167
719 1017 1368
719 2036 343
1443 1548 932
1443 172 683
873 28 790
873 28 683
873 1443 683
743 1622 1368
743 1032 790
743 873 790
743 873 1622
383 1021 1856
383 1548 551
383 1548 1856
383 1021 1571
383 1707 551
383 1707 1571
870 1495 1805
870 1572 1805
870 1572 1239
870 1239 245
870 1495 245
1728 744 1805
1728 1495 1805
1728 744 1774
1728 1774 245
1728 1495 245
1664 1400 245
1664 1966 1400
1664 1305 1966
960 1572 1239
960 1305 1572
1485 935 676
1485 1887 197
1485 676 1887
1311 1336 1483
1311 1631 1955
1311 1631 1483
33 1107 222
33 1887 197
178 1336 1483
178 222 1483
178 33 222
178 33 197
1985 222 1483
1985 904 222
439 904 288
439 1107 288
439 1107 125
439 125 724
27 724 1903
27 439 724
27 439 904
516 2020 909
516 92 2020
516 92 1966
516 1107 1966
655 1058 1357
655 786 1357
1196 1058 1032
1196 655 1058
851 917 636
851 917 417
851 1063 636
851 1063 417
610 16 779
610 1670 779
610 984 16
610 984 1258
610 1258 379
610 1670 379
1516 684 151
1516 1761 578
1516 1761 151
1516 1063 1975
1516 684 1063
413 374 1105
413 461 1105
413 461 782
413 374 1867
413 895 1867
413 782 895
423 461 1031
423 1975 1201
423 461 782
423 1516 1975
423 1201 379
423 782 379
1083 1908 962
1083 1419 1908
1083 1981 962
1083 1419 302
802 1419 302
802 1419 1819
558 1207 386
558 1207 1904
558 1899 1904
558 915 386
558 1899 915
1756 1044 28
1756 1261 28
1359 585 386
1359 2018 386
606 1579 1480
606 1579 472
606 3 1480
606 472 3
1177 766 519
1177 1741 766
718 1005 1534
241 1932 2034
241 718 1932
992 139 1247
992 139 346
1523 1128 1267
1523 139 1128
1523 139 716
1523 244 716
1523 244 1267
1398 1261 683
1123 1756 1526
1123 1756 1261
552 1104 1584
552 54 1104
1802 1767 1796
1802 1767 54
911 1433 1828
911 1828 565
911 802 1819
911 802 1433
704 1433 366
704 802 302
704 802 1433
1729 842 50
1729 2019 842
1729 1823 50
920 1378 269
626 920 1378
1458 815 1808
1458 815 661
1512 1981 962
1512 2042 1981
1512 5 550
1512 2042 550
72 1363 1002
72 1363 962
1964 88 397
972 722 1604
972 722 952
972 88 952
972 1964 88
137 58 1521
640 308 1015
1362 96 1019
1362 1378 1019
135 96 1166
135 96 1019
574 187 2002
1479 880 846
535 1929 1274
535 286 1274
1752 286 582
1752 286 1910
1006 931 518
1006 233 518
1472 574 96
1472 187 123
1472 574 187
1607 96 1166
1607 108 1166
1607 1472 96
1607 108 123
1607 1472 123
362 233 518
362 108 518
362 108 233
609 1687 1274
609 187 1274
609 880 187
609 880 846
1112 1942 1344
1112 1749 1942
1112 530 1344
1112 1749 530
1905 1504 1409
1905 783 1346
1905 1504 1346
390 1511 942
390 314 942
390 314 968
390 1721 968
390 1511 1721
1723 615 1197
1723 1431 615
1723 1484 1197
1723 1431 312
1736 1431 1764
1736 1431 176
1736 176 1810
1736 584 1810
1736 1454 584
1029 71 17
1029 57 17
168 1089 1364
168 503 1364
1042 1330 1088
1042 57 17
1042 1330 17
1000 1330 1139
1825 739 1088
1825 1764 312
1825 1088 312
784 1088 1111
784 739 1088
784 730 1111
784 730 1586
310 597 522
310 1695 597
310 162 522
310 1695 162
1222 732 733
1222 732 974
1222 1678 733
1222 974 1678
1676 878 771
1676 771 1423
1676 2014 1423
1676 2014 1191
1676 878 1191
1872 1928 246
1872 1260 372
1872 1127 372
1872 1928 1127
1872 1260 1455
1872 1122 1455
1872 246 1122
563 801 635
563 132 635
563 801 1971
1168 359 1574
1168 132 359
1168 563 132
1168 563 1971
1168 1971 159
1168 1574 159
2043 1719 841
2043 428 1719
2043 279 841
995 1137 142
886 1624 1919
886 506 1544
886 1624 1634
886 1544 1634
1284 1250 467
1284 1310 1791
654 1621 1185
98 1944 1822
98 1944 1853
98 53 1822
98 1853 53
1949 1106 120
1949 1106 1944
1949 1944 1822
1949 1822 415
1949 120 415
701 402 1586
701 402 801
1555 1144 1238
1555 1506 1144
1555 115 1238
1555 1506 115
809 205 1663
809 205 1727
809 629 1663
809 1832 1727
809 1832 1960
809 629 1294
809 1960 1294
232 457 13
232 1223 457
232 13 1224
232 1223 1224
204 1039 1643
204 596 1039
204 112 1643
204 596 112
810 347 336
810 278 347
810 278 247
810 1062 247
810 336 1062
1979 804 2033
1979 2033 451
1979 63 451
1979 804 1566
1979 1566 1434
1979 63 1434
1844 1509 1758
1844 1509 1915
1844 1915 247
1844 278 247
1844 804 1758
1844 278 804
158 641 1901
158 637 1901
645 90 363
645 363 1745
645 443 1745
645 1230 443
937 52 819
937 52 421
646 772 35
646 97 1093
646 2000 1093
646 772 356
646 97 356
1956 209 1322
1956 1322 1093
1956 2000 1093
794 987 1638
794 35 1638
794 987 443
794 1956 2000
794 209 443
794 1956 209
1430 819 737
1430 686 737
320 611 737
320 686 737
921 608 803
921 52 803
921 52 737
921 611 737
921 1210 611
921 608 1210
268 758 1395
268 1833 1226
268 1395 1226
712 758 282
712 47 19
712 282 19
712 47 1500
712 236 1500
712 236 1259
712 1833 1259
1846 1827 928
1846 1371 928
1846 1827 1977
89 1371 670
89 1920 670
89 1920 38
89 38 976
89 928 976
89 1371 928
95 1468 670
95 1920 670
95 1371 1468
95 1846 1371
95 1920 1300
95 1300 1779
95 1779 1977
95 1846 1977
344 380 923
344 380 1990
344 923 1460
1866 1873 1659
1866 1312 1659
1866 1312 1873
1746 382 765
1746 1078 765
1746 382 1244
1746 1375 2032
1746 1244 1375
825 324 930
825 745 930
825 745 907
1700 1611 1333
1700 1611 1694
1700 10 1694
1806 198 515
1806 198 668
1806 1316 515
1806 1316 1009
1806 728 1009
1806 728 668
394 1316 515
394 1657 1316
394 908 515
394 1657 908
753 1657 1316
753 631 1316
753 1657 1425
753 11 1425
753 11 1399
753 631 1399
321 1038 256
321 1842 256
321 1054 326
321 1842 326
767 486 84
767 84 1445
767 321 1054
767 160 1445
767 1054 160
767 486 1038
767 321 1038
478 414 1613
478 414 2041
284 1099 607
284 607 1408
284 450 1408
213 568 2008
213 450 568
213 284 450
213 284 1099
213 1099 2037
213 1613 2037
255 984 16
255 1784 16
255 1784 984
1865 1243 700
1865 1243 1843
1519 721 1843
1519 1865 1843
1519 1865 1225
1519 721 1941
1519 1878 1941
1328 1780 1073
1328 1073 965
355 374 1907
355 1732 1907
355 1060 374
355 1732 1060
157 948 1831
157 1646 1831
157 1646 1125
157 869 1125
157 869 948
263 295 1831
263 948 1831
263 948 244
263 181 244
1807 948 244
1807 244 1267
1807 869 698
1807 869 948
1807 481 698
1807 481 1267
1020 167 234
1020 181 234
1020 263 181
1931 181 1517
1931 181 1716
1931 1517 240
1931 1716 240
680 1248 619
680 1248 149
680 619 1412
680 869 1412
680 149 1125
680 869 1125
1957 1128 1267
1957 504 1267
897 1795 175
1614 471 573
1614 1616 322
1085 2018 1819
1085 206 2018
671 1828 565
671 448 565
671 366 1828
671 366 269
963 448 971
1777 815 1389
1709 815 1616
1709 815 1389
1709 1293 1616
1709 1293 1389
705 882 1018
705 1293 882
1848 1939 1242
67 601 593
67 243 593
67 243 601
1851 438 58
1851 438 375
1851 1522 58
1851 1504 375
1851 1522 1504
547 879 350
547 879 1347
1481 343 1032
1481 719 343
1481 719 1368
1481 743 1368
1481 743 1032
1103 1443 1548
1103 1548 1017
1103 1622 1017
1103 873 1622
1103 873 1443
1900 1664 1305
1900 960 1305
1900 960 1239
1900 1239 245
1900 1664 245
1558 1485 197
1558 178 197
1558 178 1336
761 1505 935
761 1485 935
761 1558 1485
761 1558 1336
1377 182 1483
1377 1985 1483
1884 1985 904
1884 27 904
1884 1377 1985
941 989 1903
941 27 1903
941 989 618
169 33 1107
169 33 1887
1473 1058 1989
1473 1058 271
1473 690 1989
1473 982 690
999 655 786
999 214 786
999 1196 1227
999 1196 655
999 1339 1227
999 214 1339
1661 1032 1108
1661 1196 1032
1661 1108 1227
1661 1196 1227
588 280 1031
588 423 1031
588 423 1516
1474 472 240
1474 472 519
1474 2034 240
1474 511 2034
1733 1932 2034
1693 1359 585
1693 1359 814
127 1383 1497
874 1085 206
874 127 9
874 1085 1819
874 911 1819
874 9 565
874 911 565
1927 1359 814
1927 1359 2018
1927 206 2018
1927 1689 206
100 1927 814
100 1927 1689
1136 1741 586
1136 1177 1741
1136 100 586
1136 100 1177
1186 718 1005
1186 718 915
1186 1899 1005
1186 1899 915
1275 151 193
1275 2034 193
1275 241 2034
1422 718 1534
1422 241 718
1422 1916 1534
1422 684 1916
1422 684 151
1422 1275 151
1422 1275 241
490 346 3
490 992 346
490 3 1480
490 1554 1480
490 1554 1247
490 992 1247
6 500 1798
6 500 117
1348 1398 1261
1348 1123 1261
1348 172 683
1348 1398 683
1765 1123 1526
1765 331 2005
1765 1348 1691
1765 1348 1123
85 117 1036
1028 552 54
1066 6 110
378 857 2009
470 552 1584
470 842 1439
470 842 1584
470 1028 1439
470 1028 552
1297 1802 1796
1297 1796 1798
1297 6 1798
1094 1823 1356
1094 1729 1823
1094 1356 94
1094 438 94
807 2042 550
1935 704 366
1935 366 269
1935 920 269
1008 1378 1019
1008 626 1378
1008 135 1019
81 5 550
81 626 550
81 1008 626
81 1008 135
1917 1458 1808
24 1512 5
1465 72 1002
1465 1044 790
1465 507 1044
1465 507 72
1465 1032 790
1465 1002 1108
1465 1032 1108
482 972 1570
482 1947 1604
482 972 1604
1968 308 1521
1968 137 1521
1451 438 58
1451 137 58
1546 640 308
452 1006 1257
452 1006 233
281 452 233
281 1184 1257
281 452 1257
1345 1362 2011
1766 135 1166
1766 135 866
1766 281 1184
1114 1345 1362
1845 1687 582
1845 609 1687
185 18 80
185 931 368
1421 1479 880
1421 185 931
1421 185 18
1421 931 518
1421 880 518
828 931 368
828 1006 931
1386 1421 1479
1386 1421 18
1386 1479 846
1386 609 846
1875 1905 783
1875 1180 1157
1875 1157 290
1875 783 290
464 1180 1253
464 1875 1180
464 1875 1905
464 980 492
464 1905 1409
464 1409 94
464 1253 1491
464 1721 1491
464 1721 968
464 980 968
464 1356 94
464 492 1356
1841 430 1179
1841 14 1179
1841 430 633
1841 633 1697
1841 1059 1697
863 503 1697
863 1059 1697
863 168 503
863 168 1059
666 168 1139
666 168 1059
275 57 1466
275 1029 57
275 1101 1466
275 184 1029
275 664 1101
275 184 664
1701 1088 312
1701 1042 1088
1701 1723 312
1701 1723 1484
1701 1484 942
1701 942 1466
1701 57 1466
1701 1042 57
1382 1000 812
1382 1000 1330
1382 812 1111
1382 1088 1111
1382 1330 1088
37 168 1139
37 1000 1139
37 168 1089
1564 1825 739
1326 428 597
1326 2043 428
1326 2043 279
1326 476 279
1326 597 522
1326 476 522
1288 995 506
1288 467 1280
1288 142 1280
1288 995 142
1568 1137 813
1568 995 1137
1568 361 813
1138 702 1791
1138 1284 1791
1221 1284 1250
1221 1138 1284
1221 454 1717
1221 1250 1717
1771 338 231
1617 707 910
527 654 1185
527 1185 1544
527 1310 1544
527 1310 1791
1642 654 707
1642 1617 1478
1642 1617 707
1642 654 1621
1642 309 1478
1642 1621 309
405 702 1791
405 910 702
405 707 910
405 654 707
440 645 1230
440 1230 1460
727 645 90
727 90 641
727 158 641
727 158 637
949 421 356
949 937 421
949 937 1432
949 97 356
949 1432 97
991 646 2000
991 794 2000
991 646 35
991 794 35
751 1430 819
751 1432 1742
751 179 1742
751 937 819
751 937 1432
751 179 774
751 1665 774
630 1302 611
630 320 611
630 1302 1735
630 264 1735
630 320 264
353 264 1665
353 320 264
353 320 686
353 1430 686
353 751 1665
353 751 1430
105 268 758
105 712 758
105 268 1833
105 712 1833
1550 344 1460
1550 344 1990
1550 1990 1597
194 1746 2032
194 1746 1078
22 1048 711
22 1048 324
22 825 324
1132 10 524
1132 1700 10
1132 524 1333
1132 1700 1333
2025 2041 1610
2025 478 2041
2025 1610 543
2025 143 543
2025 478 143
1896 478 1613
1896 213 1613
1896 478 143
1896 1053 2008
1896 213 2008
1896 70 1053
1896 70 143
1447 1225 1241
1447 1519 1225
1447 1878 1241
1447 1519 1878
1041 1328 1780
1041 1463 1671
1041 1463 1780
396 1328 965
396 1225 1241
396 1241 1671
396 1041 1671
396 1041 1328
1677 167 295
1677 1020 167
1677 263 295
1677 1020 263
1435 504 1795
1435 897 1795
868 175 1937
868 897 175
1698 404 1205
1698 1602 1205
936 1205 2044
936 1602 1205
936 2044 1440
936 1551 1440
614 749 1427
614 1338 749
614 1616 1427
614 1614 1616
23 1922 1153
23 749 1153
23 1338 749
163 555 471
163 555 1551
163 936 1551
163 936 1602
517 555 471
517 1614 471
517 555 1551
517 1551 1440
517 1025 1440
517 1025 322
517 1614 322
1849 1383 1497
1281 448 565
1281 963 448
1281 9 565
1281 127 9
1281 127 1497
1281 1849 1497
73 1917 1458
1818 671 448
1818 448 971
1818 73 971
104 1417 2011
104 661 2002
875 1362 2011
875 1362 1378
1176 1976 692
1176 1741 692
1176 586 1781
1176 1741 586
1176 1383 1781
352 139 1247
352 139 1128
1871 1848 603
959 471 573
959 1871 471
959 1871 1848
296 1848 1939
296 1848 603
296 1939 1789
1599 1707 350
1599 547 350
1599 547 1347
1599 534 1347
1599 534 1571
1599 1707 1571
479 1311 1336
479 761 1336
479 761 1505
479 1505 1955
479 1311 1955
1309 516 1107
1309 169 1107
147 271 1631
147 1473 271
147 1473 982
407 182 1631
407 252 1631
411 280 578
411 588 280
411 1516 578
411 588 1516
892 1756 1044
892 1756 1526
649 507 72
649 1512 962
649 72 962
649 24 1953
649 24 1512
689 100 1177
689 1474 511
689 1177 519
689 1474 519
1096 1733 1932
1096 915 585
1096 718 915
1096 718 1932
221 1693 814
221 689 511
505 1689 206
505 874 206
505 874 127
505 127 1383
505 100 1689
505 1383 586
505 100 586
79 500 117
79 85 1691
79 85 117
1315 932 1798
1315 500 1798
1165 1965 759
1165 1066 759
1165 1066 6
986 24 1953
986 24 5
858 1765 331
943 85 1691
943 1765 1691
943 1765 2005
202 85 1036
1052 1297 1802
1052 1802 54
1052 1028 54
1358 1066 110
1358 1052 110
1358 1052 1028
1358 1066 857
1358 1028 1439
259 378 2009
259 1639 2009
1115 6 110
1115 1297 6
1115 1052 110
1115 1052 1297
436 117 1036
436 1965 117
1686 1094 1729
961 704 302
961 807 302
816 2042 1981
816 807 2042
816 807 302
816 1083 302
816 1083 1981
1635 135 866
1635 81 135
1635 1766 866
788 482 1947
788 1947 1015
788 640 1015
788 482 1570
788 1546 1570
60 535 1929
1151 60 535
427 1766 1166
427 1766 281
427 281 233
427 108 1166
427 108 233
1299 574 96
1299 1114 574
1299 1362 96
1299 1114 1362
883 574 2002
883 1114 574
318 1114 1345
318 1345 2011
318 883 2002
318 883 1114
318 104 2002
318 104 2011
49 1845 582
49 1845 18
49 1752 582
49 18 80
49 80 1298
49 1752 1298
1982 828 368
1982 1006 1257
1982 828 1006
957 1845 609
957 1386 609
957 1845 18
957 1386 18
510 71 17
510 666 71
510 1139 17
510 666 1139
735 664 485
735 184 664
735 14 485
735 184 14
1289 184 14
1289 666 71
1289 666 1059
1289 1841 14
1289 1841 1059
672 37 1089
672 342 1089
672 342 652
672 812 652
2007 701 1586
2007 801 1971
2007 701 801
32 1825 1764
32 1564 1825
32 1736 1764
1424 1288 467
1424 1284 467
1424 1284 1310
1424 1310 1544
1424 506 1544
1424 1288 506
839 361 1919
839 1568 361
839 1568 995
934 1138 702
1520 1771 910
1520 1252 231
1520 1771 231
1747 910 702
1747 1771 910
1747 1771 338
1747 934 338
1747 934 702
435 1617 910
435 1520 1252
435 1520 910
435 1252 191
435 1959 191
435 1959 1291
435 1478 1291
435 1617 1478
2001 405 1791
2001 405 654
2001 527 1791
2001 527 654
468 1502 872
468 1448 1597
468 1502 1448
468 440 1460
468 1550 1460
468 1550 1597
1615 440 645
1615 727 645
1615 468 440
1615 727 637
1615 872 637
1615 468 872
102 194 2032
102 194 1078
102 1674 2032
102 1078 1674
544 22 711
544 22 825
544 711 907
544 825 907
1457 1865 1225
1457 396 1225
1457 396 965
1457 700 965
1457 1865 700
1413 333 1937
1413 868 1937
1262 1698 404
1262 1698 1602
1262 163 1602
1262 163 471
675 959 573
1683 614 1338
1683 675 1415
1683 675 573
1683 1614 573
1683 614 1614
1215 1976 540
1215 1281 963
1215 1281 1849
1215 1176 1976
1215 1849 1383
1215 1176 1383
1004 73 1458
1004 73 1417
955 671 269
955 1818 671
955 1378 269
955 875 1378
1958 1777 1389
1958 890 1777
798 1976 692
798 1976 540
798 890 540
1925 434 963
1925 1215 540
1925 1215 963
220 890 540
220 890 1777
220 1925 540
220 1925 434
1785 963 971
1785 434 963
1785 73 971
1134 352 1247
1134 352 483
1475 352 483
1475 352 1128
748 1134 1247
748 1134 483
748 1554 1247
748 1871 1554
1699 404 1554
1699 1871 1554
1699 1262 404
1699 1871 471
1699 1262 471
1301 1309 169
1301 676 909
1301 516 909
1301 1309 516
1301 676 1887
1301 169 1887
1630 252 1631
1630 147 1631
1630 252 982
1630 147 982
122 1377 182
122 407 182
122 407 1377
1894 1884 1377
1894 407 1377
1894 1884 27
1894 941 27
1894 941 618
1894 252 982
1894 407 252
1482 507 1044
1482 892 1044
1482 215 507
129 100 814
129 689 100
129 221 814
129 221 689
1538 221 1693
1538 221 511
1538 511 2034
1538 1733 2034
539 436 1965
1411 1066 759
1411 1066 857
1838 857 2009
1838 659 2009
1838 1411 857
1173 1348 1691
1173 79 1691
1173 1348 172
1173 79 500
15 1965 117
15 1165 1965
15 6 117
15 1165 6
1296 649 507
1296 215 507
1296 649 1953
1296 215 1953
384 986 5
780 331 2005
329 1752 1298
1057 185 368
1057 1405 185
242 858 215
242 215 1953
242 986 1953
242 1775 986
570 2019 842
570 259 2019
570 842 1439
1705 1358 1439
1705 378 857
1705 1358 857
166 259 2019
166 259 1639
775 539 436
1998 1686 1729
644 1094 438
644 1686 1094
1152 1935 704
1152 961 704
1152 1935 920
768 961 807
768 626 550
768 807 550
768 626 920
768 1152 920
768 1152 961
824 1184 1257
824 1766 1184
824 1635 1766
824 1982 1257
824 1982 627
926 1546 640
926 788 640
926 788 1546
1718 1968 308
1718 1921 308
554 1546 308
554 1921 308
554 1546 1570
581 1451 137
845 1367 1181
845 1407 1314
845 1367 1314
1588 1392 397
1588 88 397
1588 88 1929
1013 1367 1314
1984 535 286
1984 1151 535
189 184 1029
189 1289 184
189 1029 71
189 1289 71
148 1000 812
148 672 812
148 37 1000
148 672 37
153 1564 739
153 2007 1564
153 2007 1586
153 784 1586
153 784 739
186 2007 1564
186 32 1564
186 1454 1971
186 2007 1971
186 1736 1454
186 32 1736
203 886 1919
203 839 1919
291 934 338
291 338 101
291 1221 1138
291 934 1138
291 454 101
291 1221 454
1067 333 1591
1067 1413 333
1067 337 1591
109 675 959
109 675 1415
1380 1683 1338
1380 1683 1415
1380 23 1922
1380 23 1338
1380 1922 1242
1380 1415 1242
599 104 1417
599 1004 1417
599 1004 1458
599 1458 661
599 104 661
1429 955 1818
1429 73 1417
1429 1818 73
789 955 875
789 1417 2011
789 875 2011
789 1429 1417
789 1429 955
1612 1293 1389
1612 1958 1389
1612 705 1293
391 798 692
391 798 890
391 1958 890
432 220 1777
1760 1894 618
1760 1894 982
1760 982 690
1760 2036 618
1760 690 2036
395 1765 1526
395 858 1765
395 892 1526
395 1482 892
395 858 215
395 1482 215
1081 1693 585
1081 1538 1693
1081 1096 585
1081 1096 1733
1081 1538 1733
1325 539 1510
1325 1411 1510
1325 1411 759
1325 1965 759
1325 539 1965
1034 1411 1510
1034 1838 1411
1228 1173 172
1228 1443 172
1228 1315 500
1228 1173 500
1228 1443 932
1228 1315 932
251 824 627
1868 780 2005
1868 943 2005
1868 943 85
1868 202 85
848 780 331
30 80 1298
30 185 80
30 1405 185
266 384 986
266 251 627
266 251 384
1269 242 858
1269 242 1775
1269 858 331
1269 1775 331
1410 570 259
1410 259 378
1410 1705 378
1050 202 1036
1983 775 969
1983 775 539
1983 861 969
1983 539 1510
1983 1510 335
1983 861 335
827 861 335
827 1838 335
731 775 969
731 1050 775
1885 1729 2019
1885 1998 1729
1885 166 2019
1490 1639 2009
1490 659 2009
1490 2039 659
1993 1451 438
1993 644 438
1993 581 1451
1993 581 526
1366 1968 137
1366 581 137
1619 554 1570
1619 845 1407
1619 972 1570
1619 972 1964
1619 845 1392
1619 1964 397
1619 1392 397
315 554 1921
315 124 1314
315 124 1921
315 1619 554
315 1407 1314
315 1619 1407
887 1718 1921
887 124 1921
887 581 526
1757 1838 659
1757 2039 659
1501 1013 1367
1501 1969 298
1501 1859 298
1501 1859 1013
708 1984 1151
708 1984 286
462 203 839
462 995 506
462 839 995
462 886 506
462 203 886
267 296 1789
267 296 603
267 1067 1413
756 1628 337
756 1067 337
756 243 1789
756 267 1789
756 267 1067
756 1628 593
756 243 593
1869 959 1848
1869 109 959
1869 1848 1242
1869 1415 1242
1869 109 1415
583 391 1958
583 1612 705
583 1612 1958
583 705 1018
583 1018 692
583 391 692
1625 220 434
1625 658 434
1625 432 220
1625 1777 815
1625 432 1777
1625 815 1808
1625 658 1808
1514 1785 434
1514 658 434
1514 658 1808
1514 1917 1808
1514 73 1917
1514 1785 73
1192 1413 868
1192 1882 1413
1192 868 897
1192 1882 897
657 1882 1413
657 267 603
657 267 1413
850 1435 897
850 1882 897
850 1882 1475
850 1435 504
850 1957 504
850 1957 1128
850 1475 1128
1681 1838 335
1681 1034 1838
1681 1510 335
1681 1034 1510
1739 1635 81
1739 81 5
1739 824 1635
1739 251 824
1739 384 5
1739 251 384
1508 1868 202
1508 780 1405
1508 1868 780
253 780 1405
253 848 780
253 1982 627
253 266 627
253 266 848
253 1057 1405
253 1982 368
253 1057 368
42 1775 986
42 266 986
42 1775 331
42 848 331
42 266 848
525 570 1439
525 1410 570
525 1705 1439
525 1410 1705
682 775 436
682 1050 775
682 436 1036
682 1050 1036
1453 1212 480
1401 1490 1639
1401 1993 526
1401 1061 526
1826 644 1686
1826 1993 644
1826 1998 1686
662 1718 1968
662 1366 1968
662 887 1718
662 1366 581
662 887 581
1533 1490 2039
1533 1401 1490
1533 1401 1061
177 843 1588
177 1588 1392
177 843 1151
177 845 1181
177 845 1392
975 843 1151
975 60 1929
975 1151 60
975 1588 1929
975 843 1588
1208 1859 298
1751 177 1181
1751 177 1151
1751 708 1151
1751 708 1178
1406 1501 1969
1406 1778 1178
1515 1453 1212
200 708 1178
200 1778 1178
1532 1882 1475
1532 657 1882
1532 1475 483
1532 657 603
1532 1871 603
1532 748 483
1532 748 1871
340 1508 202
340 1050 480
340 1050 202
340 1453 480
1487 1508 1405
1487 30 1405
1487 329 1298
1487 30 1298
785 731 969
785 1973 731
785 861 969
752 933 1969
752 1135 1973
752 1969 298
752 1135 298
723 933 1212
723 1515 1212
723 933 1969
723 1406 1969
723 1406 1778
1056 933 731
1056 1050 480
1056 731 1050
1056 1212 480
1056 933 1212
1159 1401 1993
1159 1885 166
1159 1826 1998
1159 1826 1993
1159 166 1639
1159 1401 1639
261 1208 1859
261 1013 1314
261 1859 1013
1318 1208 124
1471 1367 1181
1471 1751 1181
1471 1501 1367
1471 1751 1501
190 1751 1501
190 1406 1501
190 1751 1178
190 1406 1178
235 1515 329
235 1752 1910
235 329 1752
805 708 286
805 200 708
805 286 1910
805 200 1910
1706 1487 1508
1706 340 1508
1706 340 1453
1706 1487 329
1706 1515 329
1706 1515 1453
918 1135 1973
918 785 1973
918 785 861
918 827 861
918 1208 827
918 1208 298
918 1135 298
1486 752 1973
1486 752 933
1486 1973 731
1486 933 731
1513 723 1778
1513 723 1515
1513 235 1515
1513 235 1910
1513 200 1910
1513 200 1778
1992 1885 1998
1992 1159 1998
1992 1159 1885
860 1208 124
860 261 1208
860 124 1314
860 261 1314
755 1533 1061
755 1061 526
755 887 526
755 887 124
755 1318 124
1329 755 1533
1329 755 1318
1329 1318 1208
501 1533 2039
501 1329 1533
501 1757 2039
501 1757 1838
20 1329 1208
20 501 1329
20 1208 827
20 827 1838
20 501 1838
