 1.66292075e-01 -6.17807890e-01
 7.85887988e-01 -3.78006067e-01
 5.03341222e-01 5.77742823e-01
 -3.64770593e-01 -3.76415681e-01
 6.45599600e-01 2.37609208e-01
 5.45257325e-01 8.00489585e-03
 -2.15499657e-01 7.68381551e-01
 -3.70555336e-02 4.34748064e-01
 6.12441831e-01 4.48991848e-01
 5.90577730e-02 8.60022141e-01
 1.52056125e-03 7.61044201e-01
 -2.84510867e-02 -4.71534289e-01
 -4.39348551e-01 -1.96007926e-01
 5.79272685e-01 -5.53757359e-01
 5.60133999e-01 5.42963826e-03
 1.76720086e-01 4.27105110e-01
 5.36857276e-01 -5.72321225e-01
 7.77989655e-01 1.16744161e-01
 3.94253089e-02 -7.29799596e-01
 6.24698832e-01 -9.60133016e-02
 -7.39087089e-01 1.00105212e-01
 -7.42597026e-02 -1.84584307e-01
 6.21353477e-01 7.07700701e-01
 6.11609565e-01 2.35872572e-01
 1.33242421e-01 -6.44185731e-01
 6.95273557e-01 -3.30222001e-01
 3.03279885e-01 1.80213869e-01
 4.98725077e-01 1.59602534e-01
 4.30680985e-01 9.85598140e-03
 7.24976485e-01 1.10864342e-01
 4.51688985e-01 8.33673532e-01
 4.56425602e-01 -5.80182598e-01
 2.54064626e-01 2.21605574e-01
 4.39809173e-01 -7.58301537e-01
 1.99005494e-02 -5.28113825e-01
 3.79002027e-01 8.15618389e-01
 5.33763919e-01 -6.10749448e-01
 -4.21548665e-02 -2.24559087e-01
 -7.03174345e-02 7.64949107e-01
 -7.64554352e-01 5.20679948e-01
 -3.92699301e-01 -3.55040101e-01
 6.28784435e-01 1.65218691e-01
 -6.71578798e-02 5.88576652e-01
 6.39291361e-01 -6.33788313e-01
 -1.56138598e-01 -6.06407432e-01
 -3.47243954e-04 -4.46348236e-01
 3.62494756e-02 -7.39329252e-01
 3.39874317e-01 -8.42890408e-01
 7.75260567e-01 9.83110750e-02
 5.04502202e-01 -1.59053429e-01
 2.89436744e-01 5.92571662e-01
 -5.69502880e-02 -5.61394830e-01
 3.72797525e-01 -6.78180684e-01
 4.53805229e-01 -4.95251500e-02
 -1.76897492e-02 -3.40766989e-01
 2.63339208e-01 -8.47110789e-01
 5.25353636e-01 -5.34648697e-01
 6.30567635e-01 -2.67692806e-01
 -7.15521014e-01 3.24368137e-02
 8.16846030e-01 -2.31970175e-02
 -1.98472772e-01 -4.48306116e-01
 -3.35276104e-01 -6.13034165e-01
 -2.52713775e-01 -3.96324319e-01
 -2.58681589e-01 -5.57935091e-01
 4.45314549e-01 2.51789789e-02
 -9.94397502e-02 -2.40781467e-01
 5.50422012e-01 7.56101074e-01
 -2.07279803e-01 -4.52360212e-01
 -6.57529221e-02 7.69095942e-01
 1.22799691e-01 6.17964172e-01
 5.54189085e-01 -5.60860173e-01
 5.21795273e-01 2.53264431e-01
 7.38180308e-01 4.50452163e-01
 7.93911887e-01 -3.73842329e-01
 -1.12005325e-01 -3.13769784e-01
 -1.93658522e-02 6.03549231e-01
 -5.66673924e-02 -6.40772480e-01
 -1.17357301e-01 6.60593030e-01
 5.38605572e-01 7.22304487e-02
 7.41784409e-01 1.02491511e-01
 6.76042390e-01 2.63552103e-01
 4.18515652e-01 -4.96886475e-01
 8.58159555e-01 -3.75747232e-01
 5.24340887e-03 7.11360768e-01
 6.04351852e-01 7.02425131e-02
 9.31546638e-02 7.51069571e-01
 6.19772892e-01 6.14458984e-01
 8.19205210e-01 -1.17133564e-01
 -3.19171662e-02 -2.46870241e-01
 2.22226032e-02 -4.02085371e-01
 -8.56736876e-01 4.65732836e-01
 2.32532567e-01 1.62670031e-01
 -6.50194393e-01 -6.23951799e-02
 5.61620946e-01 -2.45203911e-01
 -3.16733982e-02 -2.72617957e-01
 7.94591423e-01 2.92956356e-01
 -1.49871176e-02 -5.01397012e-01
 4.12180844e-01 -6.61704820e-01
 -1.73978824e-02 -4.26311903e-01
 5.67472157e-01 4.86720620e-01
 2.34101699e-01 -6.47353361e-01
 -3.34753900e-01 -1.35372823e-01
 2.00732611e-01 -4.49265389e-01
 7.95223328e-01 3.96697039e-01
 -8.16735316e-03 -7.17046016e-01
 -4.91236000e-01 -5.59229671e-01
 -6.17739866e-01 -4.13241141e-01
 7.83528590e-01 2.44209888e-01
 5.83760997e-01 6.77091798e-01
 5.03108509e-01 -2.45653256e-02
 -3.34296860e-01 -6.09889281e-01
 -3.53570092e-01 -4.17320658e-01
 3.60006425e-01 2.06342360e-02
 1.15035073e-03 5.41398325e-01
 -4.96184959e-01 -1.53217696e-01
 -7.50141887e-01 5.92140554e-02
 5.62860268e-01 1.49859720e-02
 8.68401180e-01 -3.32668110e-01
 3.15998768e-01 6.04158545e-01
 4.40183626e-01 -6.74806338e-01
 -3.67428606e-01 -6.68771404e-01
 3.21761420e-01 2.27115105e-01
 8.19276290e-01 2.39172742e-01
 6.83567520e-01 -1.08083678e-01
 2.79022568e-01 1.71059588e-01
 3.83397756e-02 7.37803477e-01
 6.12893124e-01 4.61000456e-01
 -2.89767736e-01 -6.90100144e-02
 5.49598020e-01 4.84167217e-01
 -4.75138377e-01 -3.53632326e-01
 4.18081589e-01 7.18332009e-02
 3.98612650e-01 -6.16249174e-01
 7.19192264e-01 -3.47167617e-01
 -2.22717038e-01 -4.38332266e-01
 7.20708987e-01 2.74262433e-01
 -1.04884395e-01 5.45044636e-01
 6.63888708e-01 -2.06050734e-01
 -2.69916751e-01 -5.85210912e-02
 4.71786970e-01 6.01718716e-01
 1.87131015e-01 -9.00000000e-01
 1.24012041e-01 -5.36156729e-01
 3.20135243e-01 -7.15511554e-01
 1.17880140e-01 6.22128100e-01
 -1.68059918e-01 8.16859888e-01
 -3.68875200e-01 -5.97076565e-01
 -2.93362728e-01 -7.03625160e-01
 3.45148124e-01 2.31604344e-01
 5.29192167e-01 -6.10426056e-01
 3.66771933e-01 6.60852301e-01
 -1.76225050e-01 -1.73624270e-01
 4.08856449e-01 4.66979531e-01
 5.60158857e-01 -7.02310485e-01
 4.55186577e-01 -6.00739652e-01
 6.85052851e-01 -5.32126685e-01
 -7.80766443e-01 5.02039778e-01
 5.78236008e-01 -6.60944789e-01
 3.78328268e-01 6.36281380e-01
 4.22272379e-02 -3.75800276e-01
 3.89045848e-01 -5.74827358e-01
 -6.75702188e-02 6.74964285e-01
 -3.91142954e-01 -2.87832142e-01
 4.83120080e-01 -6.74278853e-01
 5.81720556e-01 6.37126982e-01
 -7.85735578e-01 1.06154205e-01
 -2.87189850e-01 -3.13680555e-01
 5.59395232e-01 -1.20341073e-01
 3.90456970e-01 5.48023474e-01
 5.63509548e-01 -6.07514056e-01
 2.37165494e-01 2.05783804e-01
 3.22254699e-01 7.59973160e-01
 1.53794855e-01 -6.10719619e-01
 5.11855393e-01 9.78777906e-02
 -6.32800282e-01 6.44425789e-01
 1.20920298e-01 -7.05301962e-01
 4.38129666e-01 7.07780664e-01
 4.33634888e-01 -5.40607451e-01
 7.65955193e-01 -5.71005091e-02
 2.64939035e-01 2.23947968e-01
 -6.23658546e-02 -4.83806094e-01
 -1.03751339e-01 -6.55034170e-01
 4.17173175e-01 5.61385941e-01
 3.21772335e-01 2.29163967e-01
 1.27792756e-01 -5.48063307e-01
 5.68243489e-01 -5.29224947e-01
 7.39615625e-01 1.36392219e-01
 4.41227569e-01 -5.85471005e-01
 8.60444489e-01 1.92770804e-01
 9.06028026e-02 -7.04803135e-01
 5.60167739e-01 -5.53280454e-01
 7.40436216e-01 -2.44069498e-02
 1.74244236e-01 -6.94540673e-01
 -2.50176129e-01 -3.14167710e-01
 4.20464678e-01 4.82287993e-01
 -3.17537608e-01 -1.43952883e-01
 5.98970522e-01 -5.40641500e-01
 1.38566994e-01 -6.28803068e-01
 2.50055410e-01 2.26981784e-01
 2.50629916e-02 8.17744587e-01
 3.59417848e-01 7.54094886e-01
 7.63658601e-01 6.11822562e-03
 -7.77024102e-02 -7.21891151e-01
 6.37941151e-01 5.58585189e-02
 3.13018803e-01 -7.92248466e-01
 -3.33937329e-01 -3.94726172e-01
 -4.33497251e-01 -3.10056660e-01
 5.82161109e-01 4.24278630e-01
 -6.18063029e-01 -5.50336991e-01
 7.24888809e-02 -6.33411063e-01
 1.60341782e-02 -4.66308862e-01
 -6.16679249e-01 -3.42410604e-02
 4.82993603e-01 7.90895018e-01
 -1.37972865e-01 -1.29728373e-01
 1.77498077e-01 6.65381994e-01
 4.47025945e-01 3.60575734e-01
 5.87094804e-01 2.03037047e-01
 -3.74189207e-01 -5.83853413e-02
 6.75656663e-01 -6.79120333e-01
 -8.64850645e-02 -5.85939958e-02
 -2.58892234e-01 -5.55779016e-01
 7.03961933e-01 5.18769945e-01
 5.24693989e-01 4.73416563e-01
 2.71948591e-01 2.12170540e-01
 -1.69902488e-01 -1.58990032e-01
 1.36349076e-01 8.28462129e-01
 2.23075353e-01 7.11028447e-01
 -6.12337741e-01 2.53858687e-02
 5.36243166e-01 -7.18637724e-01
 1.15251868e-01 -3.65888716e-01
 4.46659593e-01 -4.72103614e-01
 -8.15764453e-01 3.39742077e-02
 1.91799687e-01 -6.75374677e-01
 -4.35897820e-01 -1.57540010e-01
 7.76951929e-01 2.28469025e-01
 4.13585728e-01 5.21390166e-01
 7.39410011e-01 4.37897501e-02
 1.06706545e-02 -7.63533355e-01
 4.64944602e-01 -7.01014523e-01
 8.44252797e-02 4.14059492e-01
 2.25511113e-01 -8.17933051e-01
 4.54666310e-01 5.37730702e-01
 4.36277384e-01 4.57453836e-01
 6.13845503e-01 1.97501968e-01
 5.52033361e-01 7.52828162e-01
 4.17068189e-01 6.12766636e-01
 2.72480940e-01 8.55517461e-02
 3.32474008e-01 -4.52529261e-01
 -2.91838736e-01 -4.52570480e-01
 -4.97147126e-01 -5.35466203e-01
 -3.65921001e-01 -3.24187361e-01
 -1.44815625e-01 -4.39402261e-01
 6.79268632e-01 2.08979601e-01
 3.34653309e-01 2.22592995e-01
 7.01133971e-01 1.49924619e-01
 4.05309478e-01 -7.68874954e-01
 1.90149946e-01 4.45903656e-01
 -5.03855625e-02 7.71195873e-01
 -6.18062593e-01 2.92871197e-02
 4.28081613e-01 -4.19774007e-01
 5.36193103e-01 -1.03390181e-01
 5.52181633e-01 -7.24926948e-01
 6.92982362e-01 -8.86688776e-02
 4.17133425e-01 6.75438146e-01
 3.97651182e-01 5.88381423e-01
 -1.33526301e-01 -5.49751827e-01
 -5.70685159e-01 -2.24588428e-01
 6.59414140e-01 1.92852080e-01
 5.34036910e-01 7.20160757e-01
 -2.38641020e-02 -7.07453671e-01
 6.73878241e-01 3.74294811e-01
 -2.34673723e-01 -2.97613990e-01
 3.48822217e-01 2.51709417e-01
 -1.40421623e-01 -4.18633411e-01
 -2.30502216e-01 -1.82445283e-01
 2.94711743e-01 7.31477135e-01
 5.56126914e-01 -5.23410787e-01
 -8.57249325e-01 -2.80265371e-02
 -6.18446587e-01 -4.14710293e-01
 -2.94614235e-01 -4.38461224e-01
 5.01281660e-01 -7.29719504e-01
 3.58642603e-01 4.97648846e-01
 7.49138383e-01 2.24212264e-01
 2.32484777e-02 -7.04754840e-01
 4.04623718e-01 4.16341167e-02
 1.86073100e-01 6.94784956e-01
 -4.37039563e-01 -1.99678153e-01
 7.80019254e-01 1.11648880e-02
 2.85495026e-01 7.40131457e-01
 2.71387281e-01 1.94558587e-01
 5.98365453e-01 -4.76009670e-01
 6.27787801e-01 -3.76129004e-01
 2.34389468e-01 -6.74141832e-01
 1.00737584e-01 -6.92219654e-01
 -1.66431144e-02 -3.47606500e-01
 3.68139225e-01 3.59935341e-02
 3.80988987e-01 5.65766973e-01
 5.44841018e-01 7.12609666e-01
 4.57764829e-01 7.75636940e-01
 6.84622299e-01 -4.80087656e-02
 -3.49497147e-01 -1.98581954e-01
 -8.92495303e-02 -4.72891928e-01
 8.10995186e-01 -3.95307363e-01
 5.86366750e-01 3.50322617e-01
 4.89254822e-02 7.57391853e-01
 9.27634361e-02 -5.36068963e-01
 -2.99924970e-02 -7.52385697e-01
 -3.85554487e-01 -3.21780483e-01
 5.48142866e-01 7.86049829e-01
 7.02629246e-01 -1.96916228e-01
 1.65253891e-01 -7.78337945e-01
 4.80628604e-01 -6.78122067e-01
 -1.93628296e-01 -3.27069315e-01
 4.67547588e-01 -5.46861643e-01
 5.73743738e-01 7.48959952e-01
 4.85282989e-01 -4.80180062e-01
 7.29068301e-01 -1.58989207e-01
 -2.88489775e-01 -1.28724633e-01
 8.55356778e-02 -8.07034119e-01
 7.94001380e-01 3.39963862e-01
 -7.66475280e-01 2.00697573e-02
 -1.03678511e-01 -5.55625606e-01
 -3.60061998e-02 7.46806455e-01
 6.22641484e-01 6.26408984e-01
 -4.91465497e-01 7.01060385e-01
 -4.98939085e-02 -1.48005270e-01
 2.68036512e-03 -6.08798817e-01
 -6.52787179e-02 7.43590693e-01
 6.88214386e-01 -3.32924320e-01
 -3.31381207e-01 -3.47338239e-01
 7.20106200e-01 7.89869129e-02
 -6.85716897e-01 6.32129718e-01
 6.22077983e-01 1.56749339e-01
 1.30324196e-01 -8.16704206e-01
 4.85040524e-01 7.71693374e-01
 4.22597415e-01 -1.21227325e-01
 6.16708115e-01 -5.24142967e-02
 -3.23312447e-01 -4.67475092e-01
 5.42840151e-01 7.63227755e-01
 2.10100153e-01 -6.77756000e-01
 -1.72237927e-01 -4.84451078e-01
 6.62031541e-01 5.29574013e-02
 -5.36325082e-01 -6.78881231e-02
 5.23168137e-01 -6.65498728e-01
 3.94417406e-01 2.11831506e-01
 1.34338906e-01 -4.63198202e-01
 -4.96180452e-01 -2.73400167e-01
 4.85571907e-01 5.79444771e-01
 -3.28330716e-01 -4.31637825e-01
 -6.92990772e-02 -3.84459433e-02
 5.53054578e-01 7.95090883e-01
 3.34527067e-01 1.11495013e-01
 8.34977852e-01 -3.99709157e-01
 4.91501929e-01 6.52312201e-01
 -9.51133209e-02 -5.32449186e-01
 7.77049088e-03 8.67722907e-01
 2.64852747e-01 5.44318951e-01
 -1.50879784e-02 -5.37955527e-01
 6.83721564e-01 -4.72266840e-01
 -1.64580243e-01 4.34620376e-01
 3.73673811e-01 -5.99556594e-01
 3.74234189e-01 4.67838892e-02
 3.53451396e-01 -7.82789102e-01
 7.86957754e-01 2.31541934e-01
 2.17863660e-02 -4.15781453e-01
 2.80702448e-01 -5.25034937e-01
 -8.26063192e-01 5.98555818e-02
 6.61685662e-01 3.83691089e-01
 5.79340860e-01 -6.66022303e-01
 7.36906975e-01 1.43563642e-01
 1.00776605e-01 5.20168269e-01
 6.99276405e-01 -5.09052110e-01
 -2.78056121e-01 -3.23068632e-01
 2.95291953e-01 -4.82777272e-01
 2.25219443e-01 -4.30079055e-01
 2.84095932e-01 5.22817633e-01
 5.96612944e-01 -3.00225912e-01
 3.76634560e-02 -6.32764009e-01
 -4.84980691e-02 6.06192770e-01
 5.38274872e-01 -7.52310281e-02
 2.72129358e-01 4.36218805e-01
 1.53291908e-01 -5.10775610e-01
 -2.03110430e-01 -1.95846272e-01
 -2.97699426e-01 -1.30794560e-01
 4.20487269e-01 8.82255264e-02
 6.66690283e-01 2.08901686e-01
 1.17234098e-01 -6.73451883e-01
 5.23474343e-01 3.99378090e-01
 1.45850929e-01 -5.83128221e-01
 2.31447754e-01 -4.70014942e-01
 1.16187637e-01 -5.91929403e-01
 4.94956261e-01 -4.68219419e-01
 6.41400325e-01 5.58433471e-01
 -4.31435984e-01 -2.91550800e-01
 -3.88124358e-02 -4.44628987e-01
 6.77513823e-03 7.91222946e-01
 5.80798728e-01 1.63815531e-01
 1.40612073e-01 7.87131330e-01
 8.10177201e-01 -1.11133478e-01
 -6.58079890e-02 -3.91995468e-01
 1.61199700e-01 -4.06350594e-01
 4.70151608e-02 -2.69903056e-01
 -8.47413318e-01 -1.74200775e-02
 4.31020607e-01 -6.29723446e-01
 -1.77369169e-01 6.11835581e-01
 5.57636675e-01 6.24139236e-01
 2.11195873e-01 -7.21121222e-01
 1.20879118e-01 -7.34075586e-01
 3.27543741e-01 2.22629046e-01
 2.29071144e-02 6.36805204e-01
 -3.87583192e-02 -7.74102319e-02
 6.80423385e-01 -3.96428538e-01
 3.70034711e-01 4.83501625e-01
 -3.22001558e-01 -3.70750957e-01
 2.88398943e-01 5.01393037e-01
 1.13379716e-01 6.88182846e-01
 4.41509097e-01 -6.92309853e-01
 2.25812262e-01 6.60360713e-01
 3.68310017e-01 3.93949135e-01
 -3.65634369e-01 -3.43413508e-01
 -1.44142227e-01 -6.07226434e-01
 -6.40756267e-02 5.68693190e-01
 -2.63998056e-02 -5.53247714e-01
 -1.71888952e-01 -1.84154700e-01
 3.38053663e-01 4.59116616e-01
 -6.45001726e-01 -4.30070852e-02
 -7.87151608e-01 4.45469543e-02
 -3.13717825e-02 -5.96263517e-01
 7.64961947e-01 2.40126444e-01
 4.67005814e-01 -7.13178020e-01
 1.57200165e-01 -5.31283713e-01
 5.91639213e-01 -5.60703230e-01
 3.00065548e-01 -5.43926960e-01
 7.19533755e-01 5.35677571e-01
 -4.38923810e-01 -5.68259817e-01
 7.00141019e-01 5.00012278e-01
 1.77958384e-01 -7.19505852e-01
 6.16047666e-01 1.32758446e-02
 6.13994521e-02 7.41879584e-01
 5.89244945e-01 -2.34542515e-01
 2.80129182e-01 1.78677371e-01
 7.50548837e-02 -4.24348927e-01
 -2.40972629e-01 -3.83690934e-01
 -2.66824537e-01 -2.94465370e-01
 6.06305193e-02 -4.67556990e-01
 -8.24259109e-01 3.75348111e-01
 1.17435129e-01 4.21225530e-01
 1.81764805e-01 -4.01402095e-01
 4.94150645e-01 8.08480448e-01
 6.89547452e-01 4.39257923e-01
 4.76296584e-02 -6.12665011e-01
 2.00550634e-01 6.83971476e-01
 -2.31397043e-01 -4.01897941e-01
 7.45725025e-01 2.08817503e-01
 -4.93819296e-01 -2.57936239e-01
 2.43421802e-01 -6.42627582e-01
 -3.77669114e-02 -3.29953194e-01
 -3.23074196e-01 -1.86428310e-01
 -4.51100483e-01 -1.54178450e-01
 3.07685955e-01 6.97650783e-01
 1.61548547e-01 -6.70249651e-01
 1.88089509e-01 3.44557731e-01
 2.91066605e-01 4.99106827e-01
 3.16081167e-01 -7.78876271e-01
 3.17280488e-01 -4.81530413e-01
 5.40538044e-01 -3.79742754e-01
 8.23777842e-02 8.07530049e-01
 1.34412075e-01 4.07924766e-01
 2.78995868e-01 -7.21995020e-01
 9.15466022e-02 -4.12579987e-01
 -3.31084153e-01 -3.49596252e-01
 4.87721604e-01 -8.71271414e-02
 5.84339020e-01 6.45170636e-01
 5.13205898e-01 5.53929341e-01
 -6.54221009e-01 -2.43370428e-01
 3.64138293e-01 -4.21309928e-01
 -6.14732177e-01 -5.98795364e-02
 5.10920969e-01 -6.99647244e-01
 5.77736071e-01 -6.49290989e-01
 1.15615733e-01 6.59317100e-01
 2.62027769e-01 2.68268048e-01
 6.69887860e-01 4.15053576e-02
 4.16096081e-01 6.62896029e-01
 7.86333319e-01 -2.20954453e-01
 5.05023100e-01 6.53925377e-01
 -1.30549889e-01 -6.46714005e-01
 5.87846107e-01 -5.34091668e-01
 -7.40537136e-03 7.34647515e-01
 -4.84153546e-01 7.32995149e-01
 1.66350534e-01 5.84375294e-01
 -4.78602132e-01 7.56223979e-01
 4.97769932e-01 5.82643461e-01
 -2.56250878e-01 -2.06372176e-01
 4.51442177e-01 -3.94561493e-01
 6.05507767e-01 -6.41468181e-01
 2.57858233e-01 6.98059252e-01
 -1.08079514e-01 7.59858251e-01
 2.98573209e-01 -6.05233927e-01
 6.66859964e-01 -4.49112067e-01
 5.79761126e-01 7.19187509e-01
 2.11765779e-01 2.64329506e-01
 5.26752921e-01 6.75929004e-02
 6.21046962e-01 -9.81959324e-02
 1.85447711e-01 -5.49532167e-01
 5.78478705e-01 -6.01686234e-01
 4.53596038e-01 6.69353624e-01
 5.82840440e-01 4.56486369e-01
 3.05125437e-01 -7.62174932e-01
 5.63974959e-01 2.00414479e-01
 4.14832110e-01 -4.53677362e-01
 8.86208882e-02 -6.50347352e-01
 5.50267243e-01 -5.68942630e-01
 5.15186834e-01 4.92112965e-01
 2.53692677e-01 -6.26144537e-01
 3.04317047e-01 -6.03633230e-01
 -4.13310236e-01 -5.24863135e-01
 1.44179483e-02 8.00043425e-01
 2.33618053e-01 1.83974531e-01
 6.13026369e-01 6.39883795e-01
 8.00450722e-01 2.24834196e-01
 5.29215115e-01 5.22955113e-01
 -3.30170934e-01 -1.99353650e-01
 6.80535241e-01 -5.43932967e-01
 4.94904578e-01 -6.93751670e-01
 -3.08346800e-01 -3.16756400e-01
 5.16648261e-02 8.57154319e-01
 5.15688661e-01 -1.00097934e-01
 6.28509908e-01 -1.50655311e-01
 2.34110173e-01 -7.41510007e-01
 7.10264998e-01 -4.69653673e-01
 -1.27751659e-01 -7.10864300e-01
 6.50022461e-01 -4.37958340e-01
 5.29398697e-02 -6.91416625e-01
 2.89669609e-01 5.67999103e-01
 2.35156667e-01 6.29543669e-01
 3.93256400e-01 6.30473195e-02
 8.09595141e-01 -4.45339765e-03
 3.05682306e-02 6.67737491e-01
 2.23436228e-01 -6.31095412e-01
 8.89836765e-02 4.99377303e-01
 6.09687896e-01 -1.51264455e-02
 6.66891998e-01 5.17509872e-01
 -4.51883821e-01 -2.08169412e-01
 -3.00707623e-01 -8.61592689e-02
 8.33098810e-02 6.28056217e-01
 -8.23955847e-02 -1.82125753e-01
 -1.89388428e-01 7.34906240e-01
 -1.61914490e-01 -3.00872337e-01
 3.38794016e-01 9.22094642e-02
 -4.32105088e-01 -6.42956722e-01
 -6.88189514e-02 -6.44209834e-01
 6.32404059e-01 2.95229279e-01
 4.22926668e-01 9.38997852e-02
 4.66685837e-01 -6.32038486e-02
 -4.60122456e-02 -1.71958168e-01
 7.31697272e-01 -1.66566211e-01
 5.84790638e-01 6.41495760e-01
 2.74654850e-01 -5.31093568e-01
 2.74746811e-01 -5.40969726e-01
 5.15740285e-01 3.94886137e-01
 3.99417999e-01 -7.22007108e-01
 -8.00473772e-02 -5.27397498e-02
 8.06427042e-01 -3.68365837e-01
 -9.00000000e-01 1.72016372e-01
 4.03030859e-01 -6.13744070e-01
 -3.44399168e-01 -5.31665443e-02
 6.33406169e-01 4.39608637e-01
 2.77202506e-01 -6.18609066e-01
 -8.17493293e-01 -3.75348937e-02
 2.15493964e-01 6.54964780e-01
 2.16426865e-01 -5.41097215e-01
 5.14142289e-01 -1.08837485e-01
 1.10297436e-02 -5.87829224e-01
 -2.33233093e-01 -1.16156133e-01
 6.06414095e-01 6.71710898e-01
 8.28272295e-01 3.03259508e-01
 -3.65381109e-01 -2.80042129e-01
 -1.25108978e-01 -2.09136042e-01
 -4.65677758e-01 -5.09312906e-01
 3.90974848e-01 5.05466985e-01
 2.48454810e-01 -5.81073669e-01
 -2.59433988e-02 5.81498672e-01
 6.38840205e-01 -1.67141714e-01
 8.01863334e-01 8.73026586e-02
 6.40798606e-01 5.62721793e-01
 4.11071766e-01 -5.68065301e-01
 5.13336462e-01 4.31011565e-01
 5.93931612e-01 4.99787403e-01
 -1.03745905e-01 -7.07158354e-02
 3.68446548e-01 4.82949290e-01
 -1.84768065e-01 8.09048707e-01
 1.67155542e-01 -5.87583468e-01
 -1.22202313e-01 -4.74685190e-01
 4.15384862e-01 -7.14831554e-01
 5.48430633e-01 7.58175224e-01
 -5.56095171e-01 6.97280927e-01
 -2.20651498e-01 -3.13520351e-01
 -3.37013294e-01 -3.93367096e-01
 4.83309623e-01 -7.01114024e-01
 -2.78341208e-01 6.84532729e-01
 7.70267538e-01 4.26599454e-01
 6.00657587e-01 -6.03796071e-01
 5.59133351e-01 7.70557533e-01
 -5.89312937e-01 -8.73751517e-02
 5.33378395e-01 7.02478276e-01
 -6.42733883e-02 5.63611922e-01
 2.20565696e-01 7.03233242e-01
 5.36526439e-01 5.82359920e-01
 1.81754440e-01 7.02048104e-01
 -6.09261279e-02 -5.93708931e-01
 8.11405734e-01 1.19875778e-01
 2.25102956e-01 4.13195408e-01
 -9.32025884e-02 -5.85494792e-01
 -1.29166132e-01 -2.96624176e-01
 5.93274486e-01 -4.71946111e-01
 6.21504157e-01 6.81695105e-01
 4.42511936e-01 -5.21579722e-01
 5.74579653e-01 -6.84707109e-01
 9.80105857e-02 -5.56478544e-01
 3.49283514e-01 1.87912959e-01
 3.85585786e-01 6.93989717e-01
 -4.77633540e-01 7.80833657e-01
 6.78204107e-01 -3.91774112e-01
 -4.23113627e-01 -4.96927560e-02
 6.55298666e-01 -6.16625726e-01
 -3.03881183e-01 -2.28870818e-01
 3.19866547e-02 4.40179431e-01
 6.75685888e-01 3.04549428e-01
 6.96942863e-01 1.80924595e-01
 3.36091365e-03 -4.06958101e-01
 -4.06838998e-01 -3.47360239e-01
 -1.32934773e-01 -5.64731374e-01
 1.77295707e-02 7.65493672e-01
 2.24199894e-01 6.96468269e-01
 6.08761587e-01 -5.76975067e-01
 -8.14382724e-02 -1.06079954e-01
 4.01901656e-01 -6.25358171e-01
 3.37338570e-01 3.90473468e-01
 7.52717152e-02 -3.79486711e-01
 -2.25717313e-01 -4.79096530e-01
 -3.89136737e-01 -1.50520581e-01
 7.49890132e-01 -2.21059244e-01
 3.56019241e-02 -3.78204027e-01
 1.38926872e-01 -7.36661866e-01
 3.08170666e-01 -6.31533083e-01
 5.54274678e-01 -1.96873974e-01
 6.57270576e-02 -4.30654584e-01
 3.42535352e-03 -5.03937031e-01
 2.62480587e-01 3.00551229e-01
 6.78157843e-01 -4.71992346e-01
 5.89560899e-01 2.24184445e-01
 -2.22328893e-01 -5.65778580e-01
 3.93015697e-01 -7.86578955e-01
 5.06781609e-01 -6.28807338e-01
 6.93074041e-01 -4.73601504e-01
 2.06424912e-01 -7.40990248e-01
 4.28279228e-01 3.12723716e-01
 -4.18301360e-01 -3.17765350e-01
 4.95146617e-01 7.05908377e-01
 7.43691838e-01 5.03211786e-01
 5.92356983e-01 -9.67186835e-02
 1.57471882e-01 -6.03989237e-01
 8.14389463e-01 3.99498184e-01
 6.78672705e-01 -1.82322492e-01
 4.08473890e-02 -7.72585299e-01
 5.80202641e-01 -5.17167196e-01
 8.37842435e-01 -4.03985186e-01
 5.58031238e-01 -5.72697189e-01
 -1.83159612e-01 -8.67930659e-02
 4.64102209e-02 8.07987269e-01
 -7.51483482e-02 -6.27922744e-01
 -3.16327043e-02 -2.56800618e-01
 6.77023343e-01 4.22865789e-01
 5.28525582e-01 -6.15468185e-01
 -3.75186400e-01 -2.16620884e-01
 1.10866381e-01 8.79468840e-01
 6.00645045e-01 6.76295456e-01
 2.29997062e-01 2.28297431e-01
 2.35981980e-01 6.77107422e-01
 7.83604996e-02 -6.32301729e-01
 7.23632287e-01 -2.91399903e-01
 3.71714335e-01 6.64067857e-01
 6.08222344e-01 -6.88987796e-01
 6.19263483e-01 2.97880148e-02
 5.09808203e-01 1.17644247e-01
 3.94756155e-01 4.43697111e-01
 2.99351558e-02 -5.40756541e-01
 -9.21374783e-02 -5.52174689e-01
 5.60976907e-02 7.54936116e-01
 -9.66013006e-04 8.88372347e-01
 5.42568122e-01 5.03438257e-01
 3.88174586e-01 2.22436178e-01
 -2.37471190e-01 -6.14893441e-02
 6.18369440e-01 5.51961873e-01
 2.06707059e-01 2.73386151e-01
 -6.82416724e-01 3.33322812e-02
 6.47701461e-01 -3.94410044e-01
 7.72818367e-01 -3.96598680e-01
 4.23514751e-01 7.13606411e-01
 4.11300385e-01 6.62016457e-01
 6.71727980e-01 -4.88739866e-01
 1.79604819e-01 7.62459606e-01
 4.31999211e-01 -6.23654787e-01
 2.24581061e-01 -7.02271152e-01
 3.04261778e-03 5.42170014e-01
 6.27465551e-01 3.77294100e-01
 6.41388445e-01 5.89891716e-01
 4.40175516e-02 4.99348763e-01
 1.88410953e-01 -7.35063445e-01
 7.78623536e-01 -8.68739934e-03
 -7.34964250e-02 7.43974374e-01
 -7.98230189e-01 1.36016949e-01
 -7.90621040e-02 -1.86824851e-01
 4.70884096e-03 -7.18882163e-01
 -9.76213673e-02 -3.55049187e-01
 -5.09160484e-01 -2.46769847e-01
 1.29216854e-01 5.86486298e-01
 4.57562712e-01 6.00389161e-01
 -2.23957769e-01 -4.22098458e-01
 4.61807102e-01 4.19443503e-01
 4.03956026e-01 1.84053487e-01
 -5.72142724e-01 -4.99815804e-01
 1.36757706e-01 7.10622333e-01
 8.58235706e-01 -2.76377796e-01
 7.24353284e-01 2.52395177e-02
 2.97053504e-01 1.63696053e-01
 8.13828957e-01 -3.90601166e-01
 -4.02459126e-01 -7.08520372e-01
 5.90666583e-02 -3.84240893e-01
 6.34676878e-02 8.04379164e-01
 7.88659553e-03 -7.86022228e-01
 4.78557917e-01 -6.11575596e-01
 6.68940699e-01 -4.28114170e-03
 1.85008075e-01 -6.63397275e-01
 1.89186223e-01 -6.46201413e-01
 -5.42178705e-01 7.10770073e-01
 5.87279992e-01 -5.34035308e-01
 -1.67073690e-01 -3.59087816e-01
 -8.24710779e-02 -5.70562136e-01
 3.61630912e-01 7.59359072e-01
 4.66419884e-01 -5.96425965e-01
 -4.40079687e-01 -7.70270298e-02
 1.00709370e-01 -6.30233519e-01
 6.33322207e-02 -7.73374434e-01
 4.51278070e-01 1.83400899e-01
 2.86163613e-01 1.28017517e-01
 -1.24055201e-01 -1.24819760e-01
 2.20685975e-01 7.90939519e-01
 -8.17697887e-02 8.12689691e-01
 5.20333078e-01 6.40837654e-01
 6.36916599e-01 7.03492345e-01
 -1.45444602e-01 6.15081376e-01
 -7.42010320e-02 -5.21357356e-01
 6.96676648e-01 -1.23782482e-02
 9.23675737e-03 7.64401205e-01
 -2.47803198e-02 -6.35535483e-01
 6.38750065e-01 -1.20597863e-01
 5.34179798e-01 7.40158620e-01
 -3.21553931e-01 7.83540821e-01
 -4.87995427e-03 -6.97511456e-01
 5.66916059e-01 -1.32273305e-02
 -8.05128971e-01 2.11381420e-01
 2.48441185e-01 2.59338061e-01
 6.19281768e-01 5.98287679e-01
 2.25439749e-01 -8.13560967e-01
 -2.94782546e-01 -6.33914402e-02
 -3.05728073e-01 -1.02417286e-01
 5.65439797e-01 5.41567606e-01
 -1.82418704e-02 7.30141801e-01
 6.52066406e-01 3.37433979e-01
 -3.65946485e-01 -6.98795429e-01
 -6.80068632e-01 5.66836049e-01
 3.73454302e-01 -5.38207721e-01
 1.09833118e-02 -5.36353989e-01
 1.32693248e-01 -7.31250312e-01
 -8.78466094e-02 -4.85109427e-01
 6.22815572e-01 1.27097042e-02
 -3.50283505e-01 -3.87895411e-01
 8.53977512e-02 -5.31264762e-01
 -1.59576814e-02 4.29713962e-01
 1.78584970e-01 3.86416414e-01
 6.38379064e-01 1.31556361e-01
 3.27275025e-01 7.03933934e-01
 2.87107274e-01 4.97143338e-01
 6.12134458e-01 -3.72935727e-01
 4.69209817e-01 -5.99381340e-01
 6.58010274e-01 -1.33894904e-02
 4.17260231e-01 3.42169644e-01
 3.20185175e-01 -6.85199880e-01
 7.65740496e-01 -2.22349688e-01
 7.33221491e-01 3.86432519e-01
 4.75473302e-01 1.89336850e-01
 -4.34007673e-01 8.04916269e-01
 -1.59823154e-01 -5.40377420e-01
 -7.97386454e-01 5.47701147e-02
 3.57580933e-02 -5.00551861e-01
 -3.81460381e-01 7.66467270e-01
 -1.81148530e-01 7.62535235e-01
 -2.19055887e-01 -3.14774571e-01
 6.47401174e-01 5.34338982e-01
 7.42108519e-02 7.01098125e-01
 2.64476895e-01 3.22504519e-01
 4.10504020e-01 -6.13469120e-01
 5.99649622e-01 3.78379280e-01
 -4.75792171e-02 -5.75878106e-01
 -2.74527895e-01 -4.19862237e-01
 7.67573485e-01 7.10476694e-03
 -5.63280468e-02 -7.44668413e-01
 6.27995386e-01 3.30663627e-01
 -4.76561165e-01 7.19213381e-01
 -4.42871420e-01 -3.41191093e-01
 -3.02992818e-01 -4.57221233e-01
 2.50783327e-01 -5.39504554e-01
 5.13685349e-01 -6.07034393e-01
 3.61724372e-01 -7.77523600e-01
 5.49615218e-01 4.72598211e-01
 7.26788064e-01 6.13583921e-01
 5.83056380e-01 3.13629972e-01
 1.57920506e-01 -5.58866578e-01
 -2.87016930e-01 -3.14018123e-01
 -6.42813987e-02 -5.50642618e-01
 -3.67527072e-01 -6.12705239e-01
 -5.32304288e-01 -6.06629539e-02
 5.83913199e-02 -7.32247786e-01
 -1.95875666e-02 -6.58381961e-01
 7.15769108e-01 2.27091541e-01
 -8.44981524e-02 -1.79257346e-01
 -5.46015574e-01 6.72725649e-01
 6.37283322e-01 -5.77863339e-02
 7.52922112e-01 1.81190264e-01
 3.73391976e-01 -3.96897000e-01
 4.19985706e-02 -5.75470754e-01
 3.30637205e-01 5.54964604e-01
 -5.35094032e-01 -5.54924612e-01
 6.70741463e-01 -4.88864478e-01
 2.37611704e-01 5.34366429e-01
 1.15349244e-01 -6.00798036e-01
 -2.36614122e-01 -5.35562910e-01
 2.40732636e-01 -4.90053489e-01
 9.44104409e-02 -5.09564034e-01
 3.28434513e-01 -7.78567593e-01
 3.99511647e-02 -3.14154171e-01
 4.87636581e-01 -7.51652232e-01
 5.05839292e-01 -1.14305357e-01
 7.86742257e-01 -4.84557116e-02
 -5.57034634e-02 9.00000000e-01
 7.52521253e-01 -1.00739222e-01
 8.05732780e-01 1.38818225e-01
 6.21496653e-01 -3.28355350e-01
 6.36403957e-01 1.40906101e-01
 1.13094007e-01 -5.62771645e-01
 4.79966568e-01 6.66364808e-01
 3.48847874e-01 3.89609736e-01
 6.57138199e-01 -5.39892397e-01
 1.85507305e-01 7.21474512e-01
 9.54081412e-02 -6.50582929e-01
 -5.89462777e-01 -1.64612449e-01
 1.39082960e-01 3.57457759e-01
 5.42330912e-01 -6.67358425e-02
 6.01363844e-01 1.65072285e-01
 -1.21155844e-01 -7.29888896e-02
 6.91461080e-01 -9.54840524e-02
 6.36710126e-01 -3.62529381e-02
 5.72745995e-01 7.53977438e-01
 5.79520336e-01 -5.99762824e-01
 3.15477086e-01 6.33948606e-01
 2.20179041e-02 6.76923825e-01
 7.27130087e-01 2.56723718e-01
 -1.42097529e-01 7.90646278e-01
 4.72131296e-01 7.04514610e-01
 3.89030092e-01 6.55185568e-01
 2.60729066e-01 1.24309148e-01
 -1.92404950e-01 3.97766664e-01
 9.95131337e-02 -3.79206668e-01
 4.77175102e-01 1.48898127e-01
 6.03762678e-01 4.46131636e-01
 7.33143512e-01 3.62750464e-01
 -3.40186049e-01 -4.82871534e-01
 5.11492616e-01 -6.64963079e-01
 3.67073201e-01 -5.36199154e-01
 3.28074335e-01 8.75853577e-02
 8.10468533e-01 1.51773153e-01
 9.47345926e-02 -7.41026287e-01
 6.23400406e-01 5.97950148e-01
 8.25360792e-01 3.31189671e-01
 -4.11813897e-02 4.04218937e-01
 2.27389234e-01 5.93463278e-01
 3.08732046e-01 -7.95112834e-01
 6.74480509e-01 -1.57179024e-01
 3.20273066e-01 6.08271816e-01
 -3.02625647e-01 -2.80670390e-01
 6.57320176e-01 5.50924174e-01
 3.99334111e-01 7.17525902e-01
 5.54824238e-01 1.61635366e-01
 -6.52030019e-01 7.28795660e-03
 1.91025967e-02 8.74762639e-01
 2.53402394e-01 5.03698262e-01
 -4.02861790e-01 -4.34284572e-01
 4.64106597e-01 6.95472699e-01
 -1.91696890e-01 7.46511469e-01
 6.59246270e-01 -6.12189975e-01
 -5.51492761e-01 7.31737078e-01
 3.63333638e-01 -4.43674166e-01
 -9.18221950e-02 7.74597858e-01
 -5.87989818e-01 -7.44936737e-02
 2.94717384e-01 1.95878559e-01
 -3.16041438e-01 -1.97117638e-01
 9.25383242e-02 7.92698320e-01
 -1.26815079e-01 -1.98287534e-01
 6.96559631e-03 8.07790860e-01
 2.03167840e-01 2.20722006e-01
 2.01601988e-01 -7.11413262e-01
 6.13311295e-01 3.99693719e-01
 -2.65042944e-01 -2.70920359e-01
 -5.83634667e-01 -5.21344152e-01
 -4.84799286e-02 -3.40773147e-01
 4.98015124e-01 4.18898059e-01
 -1.11401041e-02 -4.27700171e-01
 3.59966090e-01 3.68926301e-01
 6.60509334e-01 -4.01249337e-02
 -1.49119472e-02 5.38615484e-01
 6.63001742e-01 3.56582903e-01
 -7.56303951e-02 -5.78385617e-01
 3.95093230e-01 -6.89016402e-01
 1.17182628e-01 -4.81004677e-01
 6.86858563e-01 -2.99941531e-01
 -6.55746262e-01 1.59425633e-02
 7.58747363e-01 -2.20455799e-01
 -8.99965389e-02 -2.95096918e-01
 1.52721995e-02 -2.51039362e-01
 4.63218068e-01 7.73197516e-01
 -9.56535616e-02 -1.08932409e-01
 7.67637981e-01 1.64747201e-01
 4.64500880e-01 3.62964815e-02
 6.85185548e-01 3.35028820e-03
 2.30034247e-01 -6.96956255e-01
 2.31499655e-01 2.69598401e-01
 5.77697169e-01 6.25033519e-01
 -4.28232597e-02 -5.38989003e-01
 7.72780368e-02 -5.90142922e-01
 -1.96891815e-01 -4.80270706e-01
 3.60195731e-01 -6.16187996e-01
 3.32146987e-01 1.76343036e-01
 4.98052045e-01 -4.89176417e-01
 6.04962161e-01 7.84090518e-02
 1.25255981e-01 -3.57337114e-01
 2.04293038e-03 -3.29029838e-01
 3.93494459e-01 3.81544658e-02
 8.01392734e-01 -3.76847878e-01
 3.99071725e-01 6.18930821e-01
 -2.47600312e-02 -5.36480347e-01
 2.23156316e-01 -5.35385226e-01
 -1.46175851e-02 -7.84681086e-01
 9.00000000e-01 -2.45648428e-01
 2.63821743e-01 1.57888226e-01
 -4.25359328e-01 -6.70693414e-01
 7.20266343e-01 3.90439946e-01
 -8.86180827e-02 8.17977101e-01
 7.82830915e-01 1.19317790e-01
 1.74967399e-01 -5.20566391e-01
 5.84214356e-01 6.64856452e-01
 2.53324388e-01 1.31046290e-01
 6.33833243e-01 3.37224902e-01
 5.46106919e-01 2.82808670e-01
 6.78277383e-01 4.76165034e-01
 -1.77562932e-01 -5.10720952e-01
 1.69908391e-01 7.96095902e-01
 7.24843120e-02 -8.04992446e-01
 6.82577200e-01 -6.03938488e-01
 4.85399041e-01 -4.54636707e-01
 6.36780408e-01 -9.37973208e-03
 6.35153742e-02 -5.98084315e-01
 7.01555266e-01 4.52369329e-01
 8.12243911e-01 -1.70413599e-01
 -2.68535424e-01 7.23848992e-01
 1.62182278e-01 -6.49814028e-01
 7.96455965e-01 -4.15234859e-02
 -9.98442997e-03 -2.10869904e-01
 7.64072849e-01 -3.57145483e-01
 -3.40585078e-01 -6.53588807e-01
 3.51182503e-01 -5.16783596e-01
 4.51656430e-01 -3.95778487e-01
 6.41196274e-01 -4.43128349e-01
 3.43001590e-01 2.17966957e-01
 4.43409646e-01 -7.78917546e-01
 1.92371825e-01 4.46810502e-01
 7.54681617e-01 -4.03662972e-01
 6.27301495e-01 1.99465542e-01
 6.70385725e-02 -5.20506856e-01
 -4.37351395e-01 -6.04241314e-01
 3.36277819e-01 1.70418051e-01
 -3.76731268e-01 -2.87200265e-01
 1.86043216e-02 -5.07370810e-01
 4.86134341e-01 5.87512812e-01
 2.99520048e-01 -5.86139771e-01
 -2.25086819e-01 7.34190209e-01
 3.20044967e-01 -7.54557229e-01
 6.30651515e-01 -6.28737770e-01
 6.34509792e-01 -5.32529424e-01
 3.13536691e-01 7.31140929e-01
 4.38456739e-01 3.17489796e-01
 5.31013456e-01 -5.98203017e-01
 7.90472396e-02 5.11501897e-01
 5.00948610e-01 2.47355146e-01
 1.12308557e-01 -7.24960005e-01
 7.59993591e-01 4.32063014e-01
 4.65383201e-01 4.03005456e-01
 7.52996049e-01 1.89496973e-01
 -2.34828289e-01 -8.22537223e-02
 6.89993758e-01 2.95789360e-01
 4.09021744e-02 7.77887214e-01
 4.75064364e-02 -6.16024986e-01
 4.80359205e-02 -7.89124431e-01
 3.29107153e-01 -6.47730712e-01
 7.22741047e-01 -7.03308428e-02
 -1.51914853e-01 -4.40508409e-01
 7.33304070e-01 -2.71101656e-01
 1.43113023e-01 3.81025466e-01
 4.16201348e-01 1.49145218e-01
 6.17668321e-01 5.84926287e-01
 7.17347116e-01 2.91502436e-01
 4.05087252e-01 5.56291314e-01
 4.13485598e-01 7.35511826e-02
 -1.40087082e-01 6.90045556e-01
 2.47342271e-01 -6.10282902e-01
 8.41230762e-02 7.46252803e-01
 6.09689622e-01 6.15443756e-01
 -6.96599684e-01 3.94132976e-02
 -2.96400319e-01 -2.53069409e-01
 4.97580788e-01 -5.12673022e-02
 5.52427964e-01 -5.42876714e-01
 4.33999379e-01 5.26185862e-01
 3.49399124e-01 4.82356711e-01
 4.31997248e-01 2.20313650e-01
 1.48864642e-01 8.41631342e-01
 6.04198578e-01 -5.03709434e-02
 8.01715870e-01 -4.20202203e-01
 6.09540966e-01 3.27246183e-02
 -3.65163124e-02 -6.13009657e-01
 -1.80798864e-02 7.60251645e-01
 -3.29803800e-01 -3.95061472e-01
 4.35999284e-01 4.22877281e-02
 1.20604192e-01 8.10025714e-01
 5.12712154e-01 -5.45731447e-01
 4.07588843e-01 1.89521463e-02
 5.09556141e-01 1.98970056e-01
 -3.00000233e-01 -3.27236237e-01
 -3.85759669e-01 -5.88259198e-02
 -4.75304111e-01 -2.22107625e-01
 -6.62703201e-02 -1.85718646e-01
 -6.19610354e-01 -3.47092077e-02
 6.27849392e-01 3.26748236e-02
 -2.39476122e-01 -3.84409237e-01
 4.96454301e-01 -2.93353115e-02
 1.42694692e-01 6.18474198e-01
 -4.20622121e-02 7.35977035e-01
 -2.59725743e-02 -6.28851216e-01
 6.78343544e-01 7.35119899e-03
 7.36670143e-01 1.43029722e-01
 3.95286197e-01 2.62070950e-01
 5.73081283e-01 -5.77739485e-01
 2.58859529e-01 5.28065907e-01
 6.21762444e-01 -1.32593108e-01
 -2.95088124e-01 -4.88740601e-01
 3.48605338e-01 4.22965019e-01
 -3.80991539e-01 -4.74360129e-01
 -1.14222282e-01 -6.73259085e-01
 5.44986978e-01 -3.08012238e-02
 5.19126978e-01 7.48533579e-01
 -6.01438852e-01 -2.30538960e-01
 1.18186076e-01 -7.16890559e-01
 -7.44881940e-01 -1.33817963e-01
 -4.53113536e-01 -6.29746776e-01
 5.81019739e-01 -4.74075080e-01
 1.59905297e-01 8.12050538e-01
 2.91544165e-02 -7.87631807e-01
 -6.43609026e-01 -2.54704260e-01
 3.29203113e-01 -5.74662013e-01
 4.43019130e-02 -6.34060366e-01
 -3.34353111e-01 -1.33636899e-01
 5.48474424e-01 7.72091315e-01
 -5.63244468e-01 -1.92731798e-01
 5.08932325e-01 4.57915340e-01
 -7.93186221e-01 6.63462830e-02
 5.54280801e-01 3.35930614e-01
 -1.00329356e-01 -7.45850095e-01
 5.84277696e-01 4.19762814e-01
 3.76842813e-01 -6.87346095e-01
 1.88213606e-01 -6.15323907e-01
 4.90842221e-01 -5.78536448e-01
 5.54507915e-01 -6.40931943e-01
 3.89857765e-01 5.69755066e-02
 8.06862703e-02 -6.41801941e-01
 -2.44184812e-01 -8.90469525e-02
 -1.29810232e-02 -4.80033134e-01
 5.45609298e-01 -2.05562383e-01
 -3.07999329e-01 -4.06643099e-01
 4.82951885e-01 4.46401512e-01
 1.03866004e-01 -5.71192519e-01
 4.28998634e-01 -4.48308998e-01
 1.77977781e-01 6.97101735e-01
 1.14628964e-01 7.03651124e-01
 5.61353750e-01 -5.03465608e-01
 -2.61487189e-01 -6.65240929e-02
 4.53133900e-01 1.18617264e-01
 4.37176916e-01 -9.35994070e-02
 2.94325757e-01 5.18647610e-01
 4.26821574e-01 -6.63322133e-01
 2.57638532e-01 1.87324425e-01
 4.86426057e-01 2.61039966e-01
 2.10248243e-01 5.71391796e-01
 1.35552473e-01 -3.56460051e-01
 4.92636727e-01 -6.05823259e-01
 6.57818382e-01 -4.24325870e-01
 1.06703570e-01 -5.59005674e-01
 7.96269569e-01 3.24199678e-01
 4.99729291e-01 -1.97790610e-02
 2.48006017e-01 4.87534841e-01
 -3.91760545e-01 -3.31664814e-01
 -8.46488032e-01 -1.02134568e-03
 1.21032603e-01 -6.06005996e-01
 6.79000186e-01 -6.57903394e-01
 -2.32749857e-01 -1.42996363e-02
 3.53728261e-01 -4.29615568e-01
 5.46045406e-01 1.29413845e-01
 3.37248987e-01 8.32688835e-01
 3.75945013e-01 6.38528775e-01
 6.13997064e-01 5.87642840e-01
 3.17392432e-01 -4.78445614e-01
 4.71600149e-01 6.51669261e-01
 2.07716391e-01 3.09630845e-01
 8.38816265e-01 -3.93993020e-01
 -2.99593200e-02 6.35539430e-01
 5.16201345e-02 8.61170180e-01
 -7.23909527e-01 -4.27599294e-02
 5.03361722e-01 6.51801692e-01
 6.74927823e-01 -3.89061923e-02
 5.71485181e-01 5.07934038e-01
 3.42766191e-01 -7.32368790e-01
 2.35938833e-01 -6.97138769e-01
 5.39239421e-01 -5.86659894e-01
 -1.03635680e-01 -6.52368458e-01
 -3.65757133e-01 -5.46643498e-02
 -2.63728502e-01 -7.51343947e-02
 -5.80451985e-01 6.87518134e-01
 -5.38008908e-01 -1.10601845e-01
 5.84444067e-01 -4.81200708e-01
 3.74392191e-01 1.05973188e-02
 -5.58870659e-01 -2.07696609e-01
 5.74080079e-02 -6.45888860e-01
 6.31648381e-01 -6.55869148e-01
 4.55728643e-01 7.65500792e-01
 7.88832469e-01 -2.42122847e-02
 6.53935819e-01 3.61674937e-01
 6.35741057e-01 7.25764034e-01
 3.58989605e-01 -7.23599067e-01
 8.45413360e-01 -4.55239020e-01
 4.79996427e-02 -6.46514745e-01
 6.07304012e-01 -4.16802152e-01
 -3.97782500e-01 -3.01093245e-01
 5.80863140e-01 -1.42231646e-01
 -3.09086717e-01 -4.03467087e-01
 -1.16651032e-01 5.77213779e-01
 4.28565965e-01 -8.16635587e-01
 -1.90587248e-01 -3.34132032e-01
 -2.55354727e-01 6.66993249e-01
 5.60646792e-01 1.14680756e-03
 7.65235401e-01 2.45131109e-01
 3.83934485e-01 1.38739188e-01
 3.89548685e-01 -5.93772921e-01
 -4.61183123e-01 -4.99363799e-01
 -3.07099001e-02 8.28014092e-01
 -5.86202571e-01 -3.57659254e-01
 7.40076917e-02 5.27211880e-01
 5.37978425e-01 8.90938478e-02
 -7.72761495e-01 2.08296877e-02
 4.09510406e-01 -7.23414987e-01
 6.18087933e-01 5.08405330e-01
 5.65146723e-01 5.12587174e-01
 7.43393616e-01 -1.70399980e-02
 5.90772203e-01 -5.55710731e-01
 5.82813101e-01 -4.04064855e-01
 7.64782354e-01 -5.70807663e-02
 -1.25431266e-01 -2.51476349e-01
 2.95441135e-01 3.70017554e-01
 7.36258961e-01 2.26779280e-01
 2.24016957e-01 -7.75933928e-01
 4.73599375e-01 4.06808096e-01
 2.08413849e-01 3.42874735e-01
 -8.43520298e-02 -3.37346826e-01
 4.19827731e-01 -8.17439277e-01
 -3.59087587e-01 -6.16746871e-01
 3.45656539e-01 -5.68489745e-01
 4.73310876e-01 7.03608804e-01
 1.82937292e-01 6.20068516e-01
 3.38307502e-02 6.20999309e-01
 5.57227559e-01 -6.77590019e-01
 4.24501328e-01 2.78290452e-01
 4.64096295e-01 -5.22420158e-01
 2.75451729e-01 -5.91654875e-01
 -4.33521227e-02 8.27503693e-01
 -9.38732215e-02 -3.21820874e-01
 3.36802325e-01 4.47290464e-01
 -5.89542827e-01 -4.99023601e-01
 -1.39366325e-01 -3.41300058e-01
 2.75803033e-01 -5.49575441e-01
 5.61557278e-01 6.10192009e-01
 4.10404908e-01 -4.63827132e-01
 5.34907678e-01 3.87883805e-01
 6.55505857e-01 -8.23485471e-02
 2.37243344e-01 -5.51730377e-01
 -6.68194903e-02 -6.03346545e-01
 -6.78359854e-02 -7.30184611e-01
 6.97056951e-01 3.95842661e-02
 4.49688199e-01 7.68019056e-01
 7.67250889e-01 -3.52840434e-01
 6.34276074e-01 4.87939036e-01
 -8.29127237e-01 1.71077271e-01
 2.88696047e-01 6.84409185e-01
 -1.43112346e-01 -6.27982415e-01
 -3.02723606e-01 7.61214529e-01
 -4.18461028e-01 -6.25186646e-02
 2.54257651e-01 -6.82383782e-01
 1.85071831e-01 -6.50965697e-01
 -4.38016014e-01 -1.51791781e-01
 -4.26283231e-01 -1.54975730e-01
 1.43870526e-01 7.63434469e-01
 -3.16157356e-02 -7.00775312e-01
 4.58606335e-01 3.14801102e-01
 5.14269035e-01 8.54687888e-02
 1.91034790e-01 3.70117577e-01
 7.27407058e-02 -4.44623929e-01
 3.51947937e-01 -5.17029917e-01
 -1.39990035e-01 -1.05334018e-01
 3.99663964e-01 5.29105909e-02
 -4.25869373e-01 -4.63874519e-02
 3.92205593e-01 -7.40165630e-01
 4.12423852e-01 7.25460358e-02
 8.34502107e-02 -5.35299012e-01
 -4.88603343e-01 -1.31912618e-01
 2.57484447e-01 1.26354662e-01
 -3.95323689e-01 -5.64366983e-01
 1.13162778e-01 7.72684480e-01
 5.90638074e-01 7.04089545e-01
 1.54789153e-01 7.21637068e-01
 -2.82915712e-01 -1.44954959e-01
 3.53456329e-01 -7.10394860e-01
 3.94499532e-01 8.03409724e-01
 5.11892148e-01 6.31529515e-01
 3.46450885e-01 6.82339218e-01
 4.90086253e-01 -8.07717967e-01
 2.66963940e-01 -6.80012113e-01
 5.87789043e-01 -6.67236908e-01
 1.82837360e-01 -6.97838963e-01
 5.62707062e-01 -4.14071162e-01
 -8.72583122e-01 -3.25743473e-02
 2.49655212e-01 -5.28903828e-01
 -7.95581861e-01 5.23322121e-01
 7.40293201e-01 2.07880241e-01
 2.17757320e-01 4.43641981e-01
 -3.80716526e-03 -7.65511171e-01
 2.80826773e-01 -4.81747733e-01
 5.22742377e-01 1.32151212e-01
 5.64976511e-01 6.28659770e-01
 6.22655661e-01 -6.98139005e-01
 1.52313324e-01 -6.01817258e-01
 -8.31567157e-02 -3.97130124e-01
 -2.45620759e-01 7.76013111e-01
 4.40891738e-01 6.41599931e-01
 2.17824613e-01 3.36006530e-01
 6.04869667e-01 1.65138688e-01
 -6.01314486e-01 -1.69317268e-01
 -8.56009378e-03 -4.14559215e-01
 9.25019613e-02 8.34709697e-01
 5.66786171e-01 -7.13652247e-01
 8.47655405e-01 6.84622385e-02
 4.32483229e-01 4.67028148e-01
 -2.86528255e-01 -2.49771277e-01
 -5.49290298e-01 -1.79235869e-01
 -3.86122658e-01 -3.56346023e-01
 -1.81151031e-01 7.30135747e-01
 3.00524201e-01 -7.09874644e-01
 6.36922499e-01 4.66053372e-01
 1.06578077e-01 -5.71237178e-01
 -2.49471923e-01 -5.99205141e-01
 2.52451803e-01 -6.94536756e-01
 -2.91439704e-01 -3.11481752e-01
 -4.31847971e-01 -1.23877429e-01
 -6.13055907e-01 -4.13968216e-01
 2.79845347e-01 -7.29249005e-01
 5.69806298e-01 -5.53981327e-01
 4.24510882e-01 -7.46198031e-01
 1.44440619e-01 -7.18068241e-01
 -3.02961104e-01 -2.73222892e-01
 6.51151835e-01 5.99114977e-01
 -4.55856120e-01 -3.73876080e-01
 -2.24781992e-01 -7.32640157e-01
 5.84217078e-01 2.06014263e-01
 4.93032492e-01 -1.71699374e-02
 7.34687301e-01 8.80177480e-02
 7.93689143e-01 3.12672902e-01
 -5.71085526e-02 -2.74263910e-01
 2.31788301e-01 2.09617180e-01
 -1.35865564e-01 -5.81749944e-01
 6.65872464e-02 8.36442472e-01
 2.25501268e-01 -8.24254822e-01
 2.54815545e-01 1.56333000e-01
 2.63620754e-01 6.54887214e-01
 -3.76280093e-01 -7.18463451e-02
 6.05041486e-02 8.37536882e-01
 2.37282011e-01 1.96284831e-01
 2.46007038e-01 -7.36457770e-01
 2.69420205e-01 2.71923428e-01
 -3.47387949e-01 -3.40105796e-01
 -1.96685107e-01 -4.18393383e-01
 7.26510384e-01 -9.39196491e-02
 5.19363812e-01 6.94279788e-02
 1.77056833e-02 7.81679421e-01
 6.97985530e-01 -5.34271378e-01
 6.45311162e-01 -1.08800043e-01
 4.63891352e-02 -6.76250232e-01
 -5.87829770e-01 -5.15198989e-01
 2.58652148e-02 -7.88899011e-01
 6.71902487e-03 -4.68503435e-01
 1.24423667e-01 4.90448519e-01
 -5.75361909e-02 7.90578098e-01
 5.75394905e-01 -1.99332265e-02
 4.84982088e-01 -7.17241743e-01
 -4.02689254e-01 7.91992202e-01
 1.42156093e-01 7.93164322e-01
 6.38666352e-01 -1.05576209e-01
 5.16649448e-01 -5.82018946e-01
 -5.07721130e-01 7.27077030e-01
 -3.63256897e-01 -4.79681777e-01
 4.02816800e-02 8.60036287e-01
 1.30038002e-01 8.26907269e-01
 -1.38711530e-01 -8.19128925e-02
 2.61070402e-01 2.51850352e-01
 -1.66855539e-01 -2.85829887e-01
 6.19727888e-01 7.01930902e-01
 4.68139312e-01 3.24995314e-01
 -7.49272264e-02 7.67251454e-01
 3.48324389e-01 4.11017187e-02
 2.12891774e-01 5.94945548e-01
 -4.98398029e-01 -8.56145956e-02
 6.62646740e-01 -4.24486715e-01
 7.81206289e-01 3.34306807e-01
 6.21162695e-01 -3.56493015e-01
 3.43946797e-01 6.81470611e-02
 5.34913200e-01 1.09197764e-01
 2.85047893e-02 -3.40622966e-01
 2.37208351e-01 -4.21867950e-01
 -7.37177719e-02 -3.78382635e-01
 -5.28814130e-01 -1.61424621e-01
 1.55472449e-01 5.44113050e-01
 -3.40455492e-01 -4.45082606e-01
 3.68707927e-01 -5.90954619e-01
 5.36726194e-01 -2.21371846e-01
 3.97942321e-01 3.42480325e-01
 5.09741903e-01 -5.36114570e-02
 5.50286539e-01 4.37361099e-01
 -6.27887071e-01 -1.53863479e-01
 6.28120323e-02 6.61703078e-01
 7.79692753e-01 3.27272400e-01
 5.17614528e-01 2.69701762e-01
 5.82309671e-01 -6.43202433e-01
 2.24626872e-01 7.04753419e-01
 6.70121509e-01 -1.97759378e-01
 7.48184477e-01 -5.79428684e-02
 4.24928229e-01 1.80855002e-01
 -1.12570694e-01 8.15802744e-01
 8.52695603e-02 -6.96150788e-01
 -2.68000336e-02 -2.57274666e-01
 2.88817647e-01 7.77108284e-01
 -1.40834367e-01 -6.63067491e-01
 2.40785844e-01 -6.10324278e-01
 -2.89494075e-01 -1.77070901e-01
 -3.30508732e-01 -1.91124189e-01
 3.11768984e-01 2.22952374e-01
 7.10679944e-01 3.40958527e-01
 -8.26722225e-01 3.57567806e-02
 6.10228009e-01 7.03829086e-01
 5.19054715e-01 -7.12075359e-01
 5.12704025e-01 -5.97681704e-01
 6.13474542e-01 4.84464428e-01
 -1.30747163e-01 -1.19375494e-01
 -3.89088322e-01 -6.66942324e-01
 7.90700757e-01 1.34355682e-01
 -9.92007236e-02 -6.81837343e-01
 -3.67877235e-01 -2.89922210e-01
 6.78057905e-01 5.92428900e-01
 -2.95893878e-01 -3.75927926e-01
 -6.65792213e-01 -1.26192984e-01
 7.93070288e-01 -9.83774063e-02
 -4.89912831e-01 -3.30211678e-01
 6.91367119e-02 -6.66133883e-01
 -2.79674174e-02 -7.00042740e-01
 -3.63335265e-01 -5.34623717e-01
 -3.67167930e-01 -4.25569001e-01
 5.18514670e-01 1.23357413e-01
 2.19056345e-02 7.40162687e-01
 2.30229736e-01 1.41118986e-01
 5.82869252e-01 -1.40391108e-01
 1.89027836e-01 -6.70820721e-01
 1.98932890e-01 -5.70366806e-01
 -1.47637264e-01 -9.39472447e-02
 7.10912231e-01 1.27666440e-01
 7.16768099e-01 -1.47119192e-02
 7.50770351e-01 -1.01665157e-01
 1.85571006e-01 7.04778817e-01
 5.81514803e-01 -3.15769739e-01
 5.22510380e-01 -9.62596805e-02
 5.65465914e-01 -3.17840421e-02
 4.00074061e-01 6.88139157e-01
 4.93023505e-01 7.14833941e-01
 -3.92086659e-01 -6.66648454e-01
 5.96986176e-01 6.96707540e-01
 -2.45808131e-01 -9.43967566e-02
 7.38812588e-01 4.00252597e-01
 -3.58043579e-01 -2.84968633e-01
 5.59308374e-01 3.63221798e-01
 -3.98099351e-01 8.03513659e-01
 7.80737263e-01 1.56430947e-01
 4.21767278e-01 4.54100678e-01
 3.78869051e-01 -5.41744405e-01
 2.69225468e-01 -7.33610794e-01
 -6.02567897e-03 7.66126725e-01
 1.02555752e-01 -5.80541661e-01
 6.43410110e-01 6.96545357e-01
 -1.42290496e-01 -2.77529225e-01
 7.23553258e-01 3.99134488e-01
 -8.48778767e-02 -5.46818314e-01
 4.46301891e-01 -5.48834135e-01
 -3.54767375e-02 -5.14057126e-01
 6.22956910e-01 3.85059975e-01
 -2.57517348e-01 -3.93254497e-01
 4.57784901e-01 6.83689814e-01
 -2.55620431e-01 -3.16956639e-01
 4.78147775e-04 -4.48863723e-01
 4.10426022e-01 6.23847840e-03
 5.01608564e-01 -9.10194079e-02
 5.85525662e-01 6.29823064e-01
 1.77480398e-01 3.62048497e-01
 4.68944627e-02 6.05592758e-01
 4.82959372e-01 1.06516206e-01
 -1.76746210e-01 -5.19189249e-01
 4.42969028e-03 6.87874198e-01
 -7.60598636e-01 3.15382687e-02
 1.24064064e-01 7.51291956e-01
 1.32769495e-01 -3.87272299e-01
 -7.42164435e-01 1.25416355e-02
 -3.59892440e-01 -4.19601802e-01
 6.12598430e-01 -2.06287918e-01
 -3.21563069e-02 -8.03287072e-01
 6.99744945e-01 4.78539649e-02
 4.32183620e-01 -5.74847263e-01
 2.45266331e-01 -4.24409375e-01
 -1.99352606e-02 -6.82818539e-01
 1.54921320e-01 7.66848647e-01
 7.81880934e-01 4.51426410e-01
 -9.68029771e-02 -2.46527305e-01
 9.18710991e-02 -4.58259472e-01
 7.21926772e-02 -2.78330966e-01
 6.02545881e-01 -6.55223960e-01
 9.09188119e-02 8.22113415e-01
 1.66898429e-01 -6.77491095e-01
 5.04296714e-01 2.22446079e-01
 5.27029552e-01 -5.07729831e-01
 2.59575410e-02 -6.67281610e-01
 -2.93917624e-02 -2.57816968e-01
 -4.70661141e-01 7.76005900e-01
 -9.26609195e-02 -2.45121383e-01
 7.48140240e-01 -4.73227587e-02
 8.21351787e-01 2.61120210e-01
 3.75102401e-01 2.39008909e-01
 5.15689179e-01 5.05706808e-01
 4.84726883e-01 6.63797160e-01
 -1.56752124e-01 -5.62369312e-01
 -3.91960836e-01 -1.64537215e-01
 1.73463575e-01 -7.41265140e-01
 7.97467533e-01 1.40470022e-01
 5.41840259e-01 5.96358460e-01
 4.16936987e-01 1.91992950e-01
 5.66332259e-01 1.82691775e-01
 2.99399667e-01 2.24924258e-01
 4.67783050e-01 -5.27095781e-01
 2.48805555e-01 2.48160822e-01
 6.76726595e-01 -1.08300786e-02
 7.13930412e-01 9.15640348e-02
 2.77410443e-01 -6.02166154e-01
 -4.02855322e-01 -6.34799965e-01
 5.88303556e-01 -1.15751562e-01
 5.46537249e-01 -4.42595653e-01
 -9.49403066e-02 -4.08362349e-01
 -6.23262007e-02 -4.01636893e-01
 3.12079105e-01 5.42126194e-01
 2.69475961e-01 1.15259092e-01
 -2.24769194e-01 -1.23395807e-02
 6.19614254e-01 4.76952393e-01
 8.48713697e-01 -4.97028823e-01
 -5.92752070e-01 -7.66965056e-02
 1.83180409e-02 -7.61682590e-01
 7.24119006e-01 -5.83843611e-02
 1.13669654e-01 -3.82010030e-01
 -2.08231272e-01 6.87802320e-01
 6.07119386e-01 -3.23847870e-01
 2.47385896e-01 2.83762842e-01
 -5.00884994e-01 -1.51158029e-01
 1.57168081e-01 5.47907705e-01
 6.58704143e-01 6.63316753e-02
 -2.45668948e-01 -4.47928622e-01
 6.01883841e-01 -4.35375860e-02
 5.22614055e-01 -4.76331031e-01
 6.06360353e-01 2.43240098e-01
 7.35913417e-01 2.01528219e-02
 7.37845204e-01 4.79258959e-01
 7.29590795e-01 3.73323851e-02
 3.81934395e-01 4.68331646e-01
 4.42168550e-01 5.40383089e-01
 -2.17721196e-01 -4.62669424e-01
 1.36322708e-01 7.39603138e-01
 1.94831827e-01 -6.99630176e-01
 6.74897498e-01 -2.75716659e-01
 6.21942105e-01 -3.15137797e-01
 4.58869526e-01 6.02318850e-01
 -4.59022236e-01 -5.77035602e-01
 -7.75805274e-01 5.21694040e-01
 5.59027638e-01 1.49580012e-01
 6.47696249e-01 -5.14320609e-01
 -3.27537395e-01 -6.90127147e-02
 -6.84831287e-01 2.05559537e-02
 -3.77705596e-01 -3.47389916e-01
 -7.99695120e-02 -4.13072305e-01
 5.11370137e-01 6.68059515e-01
 6.16324338e-01 -1.25344088e-01
 3.98648608e-01 4.18803515e-01
 2.66933844e-01 6.35890360e-01
 2.80494556e-01 6.28385931e-01
 3.99982500e-01 4.88870740e-02
 5.10286882e-01 4.65082800e-01
 -7.90649034e-01 4.87358793e-01
 2.77144713e-01 -6.27005663e-01
 6.24893476e-01 -5.98631678e-01
 1.76155457e-01 5.22692786e-01
 3.98354471e-01 8.35284921e-01
 2.63843999e-01 -7.73910227e-01
 -1.55281755e-02 -6.37611287e-01
 7.57259248e-01 -1.90967220e-01
 -5.40625383e-01 -3.51048262e-01
 4.35956706e-01 1.02986832e-01
 -1.10813694e-02 -6.24301848e-01
 1.37919320e-01 -4.58577917e-01
 5.84946444e-01 6.32652592e-01
 -6.17953980e-01 -1.49881564e-01
 4.22816065e-01 -7.48327666e-01
 5.23730097e-01 6.23828651e-01
 -4.96908385e-01 -1.45580701e-01
 -2.12216773e-01 6.52300488e-01
 5.42128608e-01 -6.78960386e-01
 2.55693462e-01 2.49367020e-01
 -3.26672752e-01 -3.02729549e-01
 4.80840894e-01 -7.79050172e-01
 6.93436436e-01 -3.11459835e-01
 -1.83771412e-01 9.47654200e-03
 7.46142776e-01 -4.27982855e-01
 4.55199407e-01 -5.84400382e-01
 1.06059620e-01 8.58390702e-01
 -2.72198532e-01 -3.94940940e-01
 -1.28718303e-01 -3.17276726e-02
 3.38594354e-01 -7.74567201e-01
 6.14027388e-01 -6.82966530e-01
 7.67366661e-01 -1.83508064e-01
 3.98327796e-01 6.95385073e-02
 2.69892840e-01 1.44552017e-01
 -1.75010519e-01 -3.32238187e-01
 3.78639008e-01 -5.87640428e-01
 -5.95720802e-01 -4.08914122e-02
 -4.83358623e-02 7.83880864e-01
 3.65263452e-01 -7.97316353e-01
 -2.59954863e-03 6.38833145e-01
 5.51061318e-01 5.53261128e-01
 -2.98867339e-01 -3.15050365e-02
 1.38214950e-01 -5.89851264e-01
 5.78970012e-01 -4.82144687e-01
 1.06164662e-02 6.23257605e-01
 4.57498912e-01 -1.05042139e-01
 -3.22829925e-01 -1.86647101e-01
 4.56787643e-01 -6.17559864e-01
 -1.38361108e-01 -6.42275859e-01
 8.04051792e-01 -7.03908844e-02
 6.30967581e-02 6.90846275e-01
 -1.14509170e-01 -3.32923698e-02
 5.11012801e-01 7.72530805e-01
 -1.34814405e-01 -5.10202786e-01
 1.08168822e-01 -6.38650844e-01
 2.67260118e-01 6.20583813e-01
 -6.82274120e-02 -6.60059940e-01
 3.57863583e-01 1.62617107e-01
 1.47344041e-01 -4.09342710e-01
 2.23598786e-01 7.52761470e-01
 3.56063324e-01 1.09175682e-01
 6.53648615e-01 -3.94394554e-01
 6.05599974e-02 -7.09197989e-01
 5.73437846e-01 6.25428553e-01
 -1.64354962e-01 -2.39629903e-01
 8.18273378e-01 -2.71200165e-01
 3.16155243e-01 -8.65026550e-01
 4.51568267e-01 3.60733160e-01
 7.97617318e-01 2.68291688e-01
 -1.04267028e-01 -6.95838137e-01
 3.57484465e-02 7.42071178e-01
 8.04033583e-02 6.54198995e-01
 4.24315763e-02 8.70278128e-01
 6.59275172e-01 5.78615836e-01
 1.36141381e-01 6.94325648e-01
 6.16488598e-01 6.44121145e-01
 7.32460047e-02 -3.92659224e-01
 6.65033279e-01 6.44297543e-01
 1.82231569e-01 -7.28119583e-01
 3.44400064e-01 -6.27949137e-01
 7.64184044e-01 -1.35976724e-01
 -4.99638073e-01 -5.35139300e-01
 2.10277753e-01 -7.76104539e-01
 4.58364424e-01 1.48116953e-01
 -2.34544912e-01 -3.32200768e-01
 3.09391864e-01 -8.16061198e-01
 7.32181731e-01 5.23759178e-01
 6.63590997e-01 -2.89930779e-01
 -3.62121421e-01 7.09932188e-01
 5.46128886e-01 7.60087741e-01
 2.94496083e-01 5.60370174e-01
 3.42422988e-01 2.27520942e-01
 3.27171745e-01 2.40257591e-01
 -5.00297550e-01 -2.49939485e-01
 -4.96608361e-01 -1.88269205e-01
 2.55592588e-01 -8.08930079e-01
 7.11730744e-01 2.47740830e-01
 -4.00672067e-01 -5.80553067e-01
 -1.31002983e-01 -3.12951578e-01
 5.21923380e-02 -5.33301015e-01
 5.70229699e-01 -1.16423748e-01
 3.88255880e-02 -6.81002967e-01
 -1.35969141e-01 -2.00903545e-01
 1.85458298e-01 -7.42467936e-01
 -3.47183761e-01 -4.22720132e-01
 -1.74082045e-01 -2.81215062e-01
 -2.85176110e-01 -2.92606108e-01
 3.43268430e-01 6.10944224e-01
 -2.59109711e-01 -5.20193863e-01
 2.70957404e-01 1.46995179e-01
 1.10053153e-01 -5.69517790e-01
 3.42270021e-01 2.87045475e-01
 -2.01831520e-01 -4.42318761e-01
 6.16589986e-01 7.64787931e-01
 -3.03346668e-01 -4.58673160e-02
 6.71339376e-01 -5.28445997e-01
 7.97709168e-01 -3.54497444e-01
 -4.88040364e-01 -2.21193395e-01
 -2.00659929e-03 7.83111777e-01
 9.06136385e-02 -6.95951661e-01
 -3.61186194e-01 -3.56379655e-01
 -2.70759409e-01 -3.69925149e-01
 4.64877879e-01 2.68817362e-01
 -3.25775725e-01 -5.05562205e-01
 -4.26678576e-01 -3.29199376e-01
 2.34207037e-01 1.38216764e-01
 -1.15095338e-01 -5.06122146e-01
 8.24815649e-01 -4.54689266e-01
 -4.18312517e-01 -6.09176808e-01
 -2.46916128e-01 -1.53166298e-01
 9.78628933e-02 -6.13477591e-01
 2.27960193e-01 3.96563394e-01
 1.11114571e-01 8.05629220e-01
 4.70014293e-01 -8.10915081e-01
 7.30959360e-01 -4.80053198e-01
 -3.62667485e-01 -1.42887308e-01
 -2.19222431e-01 7.01463300e-01
 3.68480244e-01 -5.39798427e-01
 3.84518149e-01 5.63547437e-01
 1.62771975e-01 -6.44432802e-01
 9.07806505e-02 -5.61200957e-01
 2.75713818e-02 -7.71696951e-01
 6.05862306e-01 -5.08161474e-02
 -1.37445439e-01 7.84022973e-01
 6.14553315e-01 6.78892997e-01
 -1.31709205e-01 7.89576698e-01
 3.59493810e-02 -5.94605735e-01
 5.56784823e-01 -1.81779002e-01
 8.10685890e-01 1.04393972e-01
 -3.08259371e-01 -3.20260223e-01
 5.73881199e-01 4.52675608e-01
 1.68571718e-01 -8.03692436e-01
 5.52629883e-01 8.66297687e-02
 -2.31846217e-01 -1.45154884e-01
 5.21410671e-01 4.55170883e-01
 6.49563827e-02 8.67094169e-01
 4.73538054e-01 -6.83153741e-01
 -9.13037131e-02 4.76755716e-01
 5.95346615e-01 -5.98669889e-01
 5.59559031e-01 6.22691764e-01
 5.51694617e-01 6.31251507e-01
 5.00808067e-02 8.66277138e-01
 5.07046515e-01 -5.42734969e-01
 -3.41353015e-01 -5.76024073e-01
 -5.85467413e-01 6.85155698e-01
 -2.42332456e-01 -9.71776370e-02
 5.20821655e-01 -8.03625872e-02
 7.05292589e-01 7.31584977e-02
 3.63547965e-01 1.14970368e-01
 7.43462967e-01 -3.89032227e-01
 6.74957713e-01 6.32778077e-01
 5.77709741e-01 -4.67718269e-01
 4.42723982e-01 -7.53166186e-01
 8.22758509e-02 8.43591263e-01
 1.75586596e-01 -6.94005118e-01
 -6.36258425e-01 -1.69747116e-02
 -4.29457566e-02 -6.26626949e-01
 4.51927843e-01 5.76350236e-01
 2.65844047e-01 -6.46332353e-01
 6.84472054e-01 -1.79826081e-01
 4.58228656e-01 -7.44211297e-01
 -8.14923559e-02 7.38489947e-01
 5.22298398e-01 -4.51575047e-01
 -1.08174247e-01 -6.34160757e-01
 4.65682178e-01 -5.35250277e-01
 -6.79701515e-02 -6.17984980e-01
 -4.65894884e-01 -2.53486175e-01
 -3.17142859e-01 6.93631155e-01
 -4.67305206e-01 -3.19949090e-01
 2.78582107e-01 1.13555021e-01
 5.28603279e-01 -1.62940324e-01
 -3.95431888e-01 -2.70127711e-01
 9.24478638e-02 -4.96960854e-01
 2.63640383e-01 5.45645762e-01
 4.83336942e-01 4.58164791e-01
 -4.60998280e-01 -6.28819276e-01
 -1.34134247e-01 -5.62920277e-01
 4.37000069e-01 -5.64725528e-01
 -1.92961895e-01 -1.07489285e-01
 -1.46668167e-01 -1.30480854e-01
 6.68526049e-01 2.32962839e-01
 -2.32813987e-01 -8.06328748e-02
 5.77997017e-01 5.19126311e-01
 -4.26519287e-02 -4.96636699e-01
 6.75082448e-01 -4.72753493e-01
 -1.17549254e-01 -8.60949766e-02
 2.21627275e-02 -4.49225350e-01
 -3.09092729e-01 -1.40353514e-01
 2.09470310e-01 -6.95789770e-01
 1.74006926e-01 5.01364952e-01
 6.53350026e-01 -4.23412712e-01
 -7.64199920e-02 -8.87632940e-02
 7.47189220e-01 -4.48065267e-02
 7.56374711e-01 5.71181788e-02
 4.15381351e-02 6.96632466e-01
 7.04469012e-01 -3.25050502e-01
 -4.97672838e-01 7.76313931e-01
 5.49843034e-01 1.56504453e-01
 5.99419781e-01 -9.70509220e-02
 -2.60477265e-01 -4.36703202e-01
 -8.43909998e-02 -3.02244495e-01
 3.45369704e-01 2.08015823e-01
 4.10375749e-01 4.81935536e-01
 2.00709535e-01 5.77040576e-01
 5.14834863e-02 -6.43679751e-01
 4.58999917e-01 -5.61713062e-01
 5.65700625e-01 1.20781379e-01
 7.31834625e-01 2.53562483e-01
 4.44541673e-01 -1.28327312e-03
 -4.61803769e-01 -1.07322102e-01
 -1.43690404e-01 -2.80917740e-01
 6.45243028e-02 -7.96896982e-01
 2.02724248e-01 -6.96030793e-01
 -3.09372277e-01 7.22896627e-01
 3.65565561e-01 3.51326248e-01
 2.95744015e-01 9.99743665e-02
 6.18812680e-01 1.66330780e-01
 1.90666774e-01 -6.74424324e-01
 7.14140670e-01 5.52569794e-01
 7.35546264e-01 1.22201931e-02
 -5.38223836e-02 -2.99788127e-01
 1.26322894e-01 8.18773886e-01
 6.06487867e-01 4.97480518e-01
 1.97598732e-01 5.26600448e-01
 -2.68233969e-01 -6.98200091e-02
 1.63210886e-01 4.81179081e-01
 7.23057681e-01 4.71815573e-01
 -7.27876687e-01 -8.05172708e-02
 1.57831789e-01 5.63649800e-01
 2.78790224e-01 7.79625139e-01
 5.42460778e-01 7.30501977e-01
 -2.31326864e-01 7.23520121e-01
 2.27929461e-01 -7.20671718e-01
 -1.88904379e-01 -5.57974685e-01
 -3.47356582e-01 -2.56062263e-01
 4.47608335e-01 -7.23046752e-01
 4.34678106e-01 6.98102776e-01
 4.72062188e-01 4.84941383e-03
 -6.72110512e-02 -2.69490263e-01
 4.74805438e-01 2.89324263e-02
 -4.14589526e-01 7.49701375e-01
 3.94588914e-01 7.23781938e-01
 3.61652987e-01 -4.61223697e-01
 4.83220175e-01 -1.72363869e-02
 -4.50616589e-01 7.26129435e-01
 2.49632572e-01 -6.38436112e-01
 2.79231062e-01 1.33290106e-01
 4.37300570e-02 8.05207437e-01
 4.18241632e-01 6.28529197e-01
 7.56897991e-01 4.93501974e-01
 6.54629076e-01 -4.02091750e-01
 4.15135754e-01 -5.49660593e-01
 1.22498530e-01 -6.75772467e-01
 -4.90600346e-01 -1.97216558e-01
 6.93895452e-01 -4.17941866e-01
 3.96154462e-01 -4.90059279e-01
 -3.41631240e-01 -2.53437169e-01
 -1.41580519e-01 -6.09326675e-01
 7.64353821e-01 -3.82046834e-01
 6.99265231e-01 4.26667248e-01
 5.85620425e-01 4.17013271e-01
 6.53491775e-01 -3.25984478e-01
 3.38167177e-01 6.98198747e-01
 4.07689861e-01 -6.73650556e-01
 5.17635612e-01 -1.67715828e-01
 -7.41140397e-01 3.30331340e-02
 4.65584627e-01 -5.75413831e-01
 5.69639909e-01 -1.75601939e-01
 3.40172982e-03 -2.88848873e-01
 6.40673076e-01 4.23904113e-01
 3.09922849e-01 -6.98226762e-01
 -2.80645083e-01 -2.67437320e-01
 3.65930644e-01 5.95653839e-01
 -4.79029814e-01 -3.36624432e-01
 -1.95045755e-02 -7.24321813e-01
 -2.68491142e-01 -1.26635367e-01
 6.62566908e-02 -5.93049924e-01
 -1.27317639e-01 -6.17312260e-01
 3.29116175e-01 7.83043268e-01
 6.00661983e-01 -7.13603974e-02
 6.27671524e-01 -5.18161117e-01
 2.48199881e-02 -7.73387104e-01
 5.83908792e-01 -5.65287193e-01
 -5.16391625e-02 7.70867011e-01
 1.50167174e-01 7.25940013e-01
 -2.61372796e-01 -4.38333722e-01
 7.97776573e-01 1.03871839e-01
 -2.03194234e-02 -2.73638020e-01
 1.73812784e-01 -7.95134074e-01
 5.71314908e-01 6.78972306e-01
 6.27871439e-01 4.79247371e-01
 -8.77933107e-01 1.93556708e-01
 6.10265114e-01 -2.96227093e-01
 4.10551738e-01 -5.49134153e-01
 4.13650893e-01 -6.47253465e-01
 6.82805033e-01 -3.97206088e-01
 -5.74217311e-01 -3.60107747e-01
 4.18578900e-01 7.80537721e-02
 4.94019399e-01 -6.39543293e-01
 -9.45400166e-02 6.52610196e-01
 6.94864837e-01 -6.88901214e-02
 2.53569164e-01 8.10484545e-01
 -2.22852067e-01 -2.04034233e-02
 5.04556405e-01 -6.74490509e-01
 -2.08048229e-01 -2.08803380e-01
 5.03638101e-01 -6.58678563e-01
 1.58585432e-01 7.62328368e-01
 -3.44535298e-01 -3.49310045e-01
 2.53362754e-01 5.12408663e-01
 6.27590677e-01 9.07215927e-02
 5.79980773e-01 6.78666753e-01
 8.20839680e-01 -3.45759390e-01
 5.39131324e-01 6.47320277e-01
 3.07573054e-01 -4.56538375e-01
 -3.42338012e-01 -3.50124224e-01
 1.93005483e-01 -5.03848545e-01
 5.94999437e-01 -3.86376496e-01
 -8.83677969e-02 5.19718871e-01
 7.43772470e-02 7.30382653e-01
 1.05382718e-01 7.46444948e-01
 1.93121670e-01 5.70829193e-01
 -9.38758472e-02 5.86137581e-01
 -3.72349695e-01 -1.23964649e-01
 4.83150417e-01 6.98887165e-01
 4.01668433e-03 6.02747130e-01
 2.98996999e-01 2.04615439e-01
 5.55940177e-01 -1.43170987e-01
 -1.25782014e-01 6.75722608e-01
 2.36823187e-01 2.25374509e-01
 -3.69599910e-01 -4.76089925e-01
 1.65528050e-02 8.16133466e-01
 1.64860528e-01 -5.68876137e-01
 1.54395253e-01 -7.98410587e-01
 -3.31710054e-01 -4.71732154e-01
 1.43366877e-01 4.76283373e-01
 3.28152096e-01 2.08249515e-01
 2.71731961e-01 -5.73990350e-01
 1.37448710e-01 6.50503225e-01
 4.14045052e-01 -4.75628731e-01
 -1.23047472e-01 -4.40563394e-01
 4.84951573e-01 3.85763910e-01
 2.43335761e-01 1.33821939e-01
 3.54576765e-02 -3.68308833e-01
 4.83744251e-02 -6.61319011e-01
 3.06453446e-01 1.58392785e-01
 4.95239108e-01 3.68812273e-01
 5.76017877e-01 -3.42897487e-01
 3.52044863e-01 -6.54965987e-01
 2.73037076e-01 5.52854583e-01
 5.03277513e-01 3.51351312e-01
 -4.12498289e-01 -2.06031763e-01
 7.45645862e-01 4.50614451e-02
 7.10746493e-01 -3.15541576e-01
 4.95499106e-01 7.99834284e-01
 -7.12160319e-02 7.19931128e-01
 3.37273561e-02 -7.65507522e-01
 -2.50240923e-01 -4.70076333e-01
 3.97793252e-01 4.20732204e-01
 7.62332596e-01 4.78866757e-01
 -1.57444346e-01 -2.93801701e-01
 3.22962596e-01 -8.01248482e-01
 -4.82198240e-02 -2.62656363e-01
 7.03551591e-01 -1.61255103e-01
 6.08303077e-01 7.20154016e-01
 1.53901093e-01 -5.72026046e-01
 6.93170157e-01 -3.72101165e-01
 6.75935847e-01 5.03366095e-01
 -1.95262633e-01 -5.05118158e-01
 5.68731813e-01 4.52080658e-01
 3.30805880e-01 -4.59492751e-01
 8.18468785e-01 -2.56580973e-02
 4.11667067e-01 7.58020021e-01
 4.34689934e-01 5.58790810e-01
 4.76158227e-01 4.49677653e-01
 2.25814931e-01 2.90100882e-01
 2.41894180e-01 3.72205136e-01
 6.59495483e-01 3.69626846e-01
 2.72481925e-02 8.44715933e-01
 4.57342255e-01 7.57189673e-01
 1.23455770e-01 -5.31233254e-01
 5.70551976e-01 7.20191173e-01
 -1.46724202e-01 -3.89769248e-01
 1.22113394e-01 7.07811707e-01
 6.50892924e-01 -4.19245647e-01
 1.67648689e-01 -8.08105350e-01
 4.19153808e-01 -6.64062337e-01
 -8.88734292e-02 4.66763155e-01
 1.64535819e-01 -5.75091661e-01
 7.86315776e-01 -2.23087366e-01
 6.91388193e-01 -4.85279372e-01
 4.25024329e-01 -6.65965709e-01
 -4.25052706e-01 -5.23965268e-01
 8.78287647e-01 -3.72559555e-01
 2.57667250e-01 5.79664345e-01
 6.01093107e-01 2.15437447e-01
 -3.97853413e-01 -4.28364154e-02
 2.72626030e-01 2.80052174e-01
 1.34605542e-02 -4.82023398e-01
 4.58790727e-01 6.58704384e-01
 6.57507626e-01 5.68475175e-01
 1.51337879e-01 -7.07143734e-01
 -4.61608119e-01 -3.57936011e-01
 -2.35638228e-01 -5.40723594e-01
 7.10118015e-01 -3.93983652e-01
 4.19251767e-01 6.96014637e-01
 8.14894879e-01 -1.19181850e-01
 5.72120902e-01 -5.56705430e-03
 2.45510856e-01 1.62900642e-01
 -6.05484498e-01 -3.07985939e-02
 6.93020286e-01 -1.95681124e-01
 7.09112286e-01 -1.41159587e-02
 5.09728270e-02 -7.22549511e-01
 4.15663426e-01 -5.84838100e-01
 1.62584238e-01 5.20839042e-01
 6.75220664e-01 -1.59656451e-02
 4.64452720e-01 -7.07226035e-01
 3.38053243e-01 4.45463176e-01
 6.44794996e-01 5.25096977e-01
 -1.19896931e-02 -2.93037976e-01
 1.98837665e-01 7.68863029e-01
 -2.55614818e-01 -4.09250493e-01
 -1.49562384e-01 -3.09257030e-01
 5.79220513e-01 3.04125623e-01
 7.23015444e-01 1.76916748e-01
 6.20162696e-01 -1.84575374e-02
 7.88355659e-01 1.26682778e-03
 2.98072260e-01 2.08737626e-01
 -3.89070867e-02 -1.33230053e-01
 -2.63453998e-01 -1.72341385e-01
 3.30543196e-01 -6.45270131e-01
 3.82712541e-01 2.38766591e-01
 1.42159232e-01 -4.57006065e-01
 2.45748035e-01 -5.67186331e-01
 5.57390923e-01 -1.45105739e-01
 5.76754488e-01 -1.76906247e-01
 -3.52816850e-01 -3.34690535e-01
 -4.83584429e-01 -4.21679615e-02
 2.57913203e-01 8.03537710e-01
 -6.27069344e-01 -1.53829277e-01
 5.59196300e-01 -1.54687660e-01
 -1.08046248e-01 7.80878139e-01
 1.24087534e-02 -4.89703059e-01
 2.21116738e-01 -7.34829888e-01
 8.34307312e-01 3.50097452e-01
 -8.15494789e-02 -3.68513963e-01
 2.74639784e-01 5.87238296e-01
 6.12170895e-01 9.17043570e-02
 -3.69028570e-01 -3.03300418e-01
 4.48382814e-01 -5.97575325e-01
 1.84975736e-01 6.46821421e-01
 5.79850875e-01 -1.00029715e-01
 3.52329468e-01 -6.82236207e-01
 7.69847436e-01 3.56140044e-01
 -8.55680277e-02 -2.51462379e-01
 -9.94360305e-02 6.02576671e-01
 3.48901453e-01 -5.72000696e-01
 3.95756443e-01 7.08102368e-01
 -5.38217835e-01 7.20345272e-01
 -1.82487373e-01 -2.22685200e-01
 5.70109562e-01 4.20719131e-01
 5.52392181e-01 -1.32493473e-01
 2.15730487e-01 1.65967087e-01
 -5.55811568e-01 -6.28487113e-01
 2.89720192e-01 1.29788645e-01
 -1.94375510e-01 -1.39472935e-01
 -2.80533932e-01 -3.66181112e-01
 9.50965800e-02 6.46428265e-01
 -1.05967861e-01 7.78457292e-01
 -1.00493198e-01 -5.09701988e-02
 -7.86920379e-01 7.00624691e-02
 -7.47595125e-01 5.34577291e-01
 8.38165183e-02 -7.53801045e-01
 -1.40710037e-01 6.10099359e-01
 -3.17021530e-01 -1.74602373e-01
 -2.50630351e-01 -4.28674458e-01
 4.69434981e-01 4.86163955e-01
 2.90384007e-01 -5.93510982e-01
 3.86547818e-01 1.86132265e-01
 1.74152075e-01 6.98623639e-01
 -1.23926296e-01 -2.63506056e-01
 6.03017856e-01 -1.02787763e-01
 -8.42657853e-01 -1.40468304e-02
 9.20034886e-02 6.77983250e-01
 6.17341235e-01 2.96077639e-01
 4.81088619e-01 -7.35407446e-01
 5.96452352e-01 5.95996268e-01
 9.90158929e-02 -5.69392753e-01
 8.54586364e-02 7.89543423e-01
 -4.09547827e-01 -6.40394239e-01
 -2.90592037e-01 -5.64633111e-01
