1532 1600 1961
1532 1600 1149
995 1036 1160
1012 1363 920
1012 1363 211
1055 1061 211
1684 809 967
21 211 525
1647 1600 1961
2043 1391 1160
2043 1036 1160
1123 1532 1149
434 1532 1961
28 1625 1157
28 1625 220
1694 1625 1332
993 809 425
180 1717 1061
79 1061 211
79 1717 1061
79 211 525
79 1954 525
79 1717 1954
1933 1363 211
1933 1055 211
1933 1363 967
1933 1055 967
337 809 425
337 1684 809
337 885 425
337 885 1684
426 1055 1061
1088 502 1341
1088 502 638
1695 21 525
975 1012 920
58 1637 1152
58 1695 1152
538 1600 1149
891 494 1559
1073 494 1961
559 1717 1954
559 1391 1160
559 1717 1391
400 1625 220
1735 1810 1332
1735 1694 1332
1656 944 995
1904 995 1036
1904 944 995
668 45 566
807 995 1160
1638 434 1157
1638 28 1157
1447 1328 1743
1624 1328 1532
234 809 1754
234 993 809
234 377 1754
506 377 1754
506 919 1754
1266 885 1061
1266 885 1684
1266 426 1061
1266 426 1684
1721 885 1061
1721 180 1061
1721 180 377
1721 234 377
1721 234 993
1721 993 425
1721 885 425
626 1055 967
626 426 1055
626 1684 967
626 426 1684
2017 1274 117
2017 1680 117
1415 1088 638
1390 1811 525
1390 1695 525
1050 152 164
555 1274 1888
1633 1073 1888
1685 422 47
374 5 1576
374 5 1850
233 1685 463
1084 1685 422
1084 463 1932
1084 1685 463
207 209 222
921 370 788
402 826 1966
1510 1966 1604
1510 866 1604
700 260 1743
700 1447 1743
700 1447 227
486 1206 432
486 260 1743
1205 486 260
868 538 1149
1236 1694 633
1236 1735 633
1236 1735 1694
1759 309 1135
1885 1668 1440
795 919 439
795 919 1562
160 470 1668
1235 1689 788
218 281 830
218 281 1689
218 370 788
218 1689 788
132 242 1882
132 242 1869
157 87 1882
447 131 1182
386 2043 1036
386 1557 2043
2024 1529 994
1948 807 1160
101 668 566
1078 668 45
768 1948 807
1381 1638 28
1381 28 220
941 1230 1722
504 1744 908
504 1381 908
1076 1123 1532
1076 1624 1532
1076 1624 1123
1574 1394 638
1574 638 117
719 1574 1394
251 1415 1088
19 58 1695
19 58 502
19 200 502
19 200 362
862 21 211
862 1695 21
862 19 1695
1028 1695 1152
1028 1390 1695
1028 1637 1152
598 89 1726
1873 1958 1341
1873 1958 1637
1873 502 1341
1873 58 502
1873 58 1637
833 1958 1811
541 1088 1341
541 1958 1341
1956 152 164
371 417 824
371 1706 824
371 1541 1706
371 1541 47
769 101 668
769 101 797
874 494 1961
874 891 494
864 1551 1647
864 762 1551
1564 1274 1797
1564 1713 1274
39 2017 1274
290 326 1520
290 326 555
290 1274 1797
290 555 1274
1251 1633 1073
450 1633 1888
881 463 1932
1880 56 1726
1880 89 1726
1880 1811 525
1880 56 525
1880 833 1811
1880 833 89
1691 5 1576
315 233 1850
315 1609 1221
315 374 1850
620 1264 797
620 1416 797
620 1416 456
620 1084 1264
620 1084 1932
620 456 1932
52 207 222
1536 1854 1364
1536 1854 64
1536 180 64
1536 1717 1391
1536 180 1717
1536 209 1391
1536 207 209
1778 413 1364
1098 1778 667
1155 826 1971
1102 131 402
14 837 1966
1336 590 302
1336 1679 302
1996 1679 302
1100 481 1552
1100 1328 1743
1512 486 1206
1512 1100 1552
1512 486 1743
1512 1100 1743
1806 1694 1625
1806 1975 1625
440 1381 220
440 1381 908
848 2005 1744
848 941 1722
848 941 1744
848 2005 227
707 440 220
671 538 1259
671 868 538
671 437 1259
671 868 1869
186 1050 152
186 242 1050
1150 242 1869
1150 671 1869
1150 671 437
1150 186 242
1150 186 437
1389 1108 548
779 242 1050
779 1050 164
779 1041 164
1194 1041 183
397 1167 312
952 1810 1332
53 338 1719
2035 990 1548
1094 165 439
291 160 470
291 165 125
291 1094 165
291 160 534
291 1094 534
1461 1235 1689
2010 1235 788
878 281 1689
878 1461 1689
1105 218 830
1105 218 1992
851 1557 2043
851 635 1557
851 2043 1391
1294 131 1182
1294 131 163
1064 87 1882
1064 132 1882
1064 87 1123
173 961 1656
1462 1904 1036
1462 386 1036
580 2024 1529
580 1948 1160
841 1948 734
1338 101 210
1375 1836 807
1323 1836 1442
1323 1836 807
1323 768 807
118 1447 1328
118 1230 434
118 1230 1722
118 1328 1532
118 434 1532
118 1447 227
118 848 1722
118 848 227
747 1381 1638
747 504 1381
1325 941 1744
1325 504 1744
1325 747 504
1325 747 1638
1325 941 1230
1325 1638 434
1325 1230 434
23 481 1552
23 87 1123
23 1624 1123
23 481 1624
611 919 1562
451 180 64
451 970 64
451 180 377
451 506 377
887 611 495
887 506 919
887 611 919
268 719 1574
268 1210 117
268 1574 117
1540 45 566
1540 61 45
1074 1540 61
462 1493 600
1580 1088 1765
1580 251 1088
1599 1865 1741
295 251 1415
354 624 1521
354 1468 1521
354 1468 178
354 178 1577
460 200 920
3 975 920
936 1390 1811
936 1028 1390
936 1958 1811
936 1958 1637
936 1028 1637
1400 1577 1726
1400 598 1726
455 1794 1066
455 1794 624
455 354 1577
455 354 624
1928 295 1066
1928 295 937
943 1088 1765
943 541 1088
1515 176 1789
1613 1041 164
1613 1041 183
1613 1956 164
1613 1956 1113
929 1113 1298
929 1956 1113
929 1956 152
512 5 1789
208 233 1850
208 825 233
208 512 825
208 5 1850
208 512 5
2009 1264 797
2009 769 797
485 1529 994
1106 1078 994
1106 1078 668
1900 1706 824
1900 1389 548
1900 1389 824
1119 1551 1647
1026 374 1576
1026 1895 1576
725 815 1551
725 815 1895
725 1651 1551
725 1895 1576
612 874 891
612 891 1559
1891 1647 1600
254 1564 1713
928 39 2017
1809 254 1229
1809 254 1713
621 1713 1274
854 326 1520
190 290 1520
190 290 749
190 1824 1520
190 1824 749
1116 290 1797
1707 1116 1906
1707 1116 1797
2041 1824 1520
2041 854 1520
388 450 1888
2013 233 463
2013 881 463
2013 315 1221
2013 315 233
1047 1630 1357
1217 1630 1357
212 1416 1597
212 1416 456
212 456 1932
1216 1251 1073
640 1073 494
640 545 494
640 1216 1073
1509 81 8
712 462 2033
712 462 600
93 5 1789
93 1691 5
1628 1691 1576
1477 1306 246
1477 1306 1215
1477 721 858
1477 916 1215
1477 916 858
1477 1705 246
1477 721 1705
706 101 797
706 101 210
1146 285 246
1146 1306 246
1448 1463 1129
1767 2041 1007
1767 2041 1824
642 1416 797
642 631 1416
226 1416 1597
226 631 1416
226 631 285
827 2003 470
10 1854 64
10 666 64
1819 1854 1364
1819 1778 1364
1667 1607 96
1783 1607 96
1783 1607 413
325 1607 413
325 1778 413
325 1098 1778
685 52 1197
685 52 207
269 413 1364
269 1536 1364
1292 1155 826
1292 1155 1616
1292 1431 1616
1292 826 1966
1083 1155 1616
1083 1431 1135
1083 1431 1616
1671 1759 1135
1671 1431 1135
1374 131 163
1374 131 402
116 1374 402
116 1374 1345
342 1656 837
1370 402 1966
1533 1510 866
1533 75 866
1533 1206 432
1533 75 432
1709 1510 1966
1709 14 1966
490 14 837
490 1709 1531
490 1709 14
490 1550 1080
490 1550 837
692 1996 1679
1866 1336 590
1866 1194 590
1866 1179 183
1866 1194 183
2004 1156 189
2004 1156 361
1141 990 1548
1141 361 1548
680 481 1624
680 1100 481
680 1624 1328
680 1100 1328
253 2005 1744
253 1744 908
253 440 908
253 707 2005
253 707 440
84 1205 486
84 104 1205
1067 1205 260
1067 700 260
1067 700 227
1067 2005 227
1639 186 152
567 490 1531
1699 1108 1442
1699 1389 1108
1699 1836 1442
1699 1836 1080
1944 1699 1389
664 1389 824
664 1980 1389
1832 1980 825
1832 512 825
879 242 1882
879 779 242
904 157 1041
904 779 1041
904 879 779
904 157 1882
904 879 1882
1351 157 1041
1351 1194 1041
1351 1194 590
1351 590 302
1423 883 488
934 883 488
206 1511 1224
206 1511 1013
1749 206 500
787 1573 1664
787 229 1573
817 1335 1664
243 676 655
1082 397 1167
445 1335 1664
324 605 1376
324 370 948
324 1578 370
324 605 1578
1626 1246 172
1626 562 172
1892 829 1991
1892 421 829
1892 421 347
155 1602 676
717 1345 109
717 1503 109
717 116 1345
1395 2035 990
341 1801 103
699 608 1288
699 608 1472
475 1094 534
959 1885 561
533 677 930
529 470 1668
529 2003 470
529 1885 1668
529 1885 561
859 291 125
859 165 125
859 622 291
859 165 439
859 795 439
1118 1801 103
1118 651 1801
468 156 2015
1833 2010 1403
1833 921 1224
1833 921 788
1833 2010 788
1793 1105 1992
1793 1105 830
154 185 209
154 209 222
154 52 222
1859 849 96
1859 1783 96
1859 1783 1661
1859 849 1197
1859 685 1197
695 1667 96
695 1667 930
1239 677 1466
1037 1503 109
1201 1064 132
1201 868 1149
1201 1123 1149
1201 1064 1123
1201 868 1869
1201 132 1869
2016 1656 944
2016 173 1656
1544 1407 1379
1544 1656 1379
1544 1732 1029
1544 1407 1732
1924 1904 944
1924 499 1904
1654 499 1904
1654 1462 1904
1654 1924 447
1654 1924 499
1654 1462 386
1654 386 1557
1654 799 1557
390 447 1029
390 313 447
390 313 17
4 313 17
4 961 1656
4 1544 1656
4 1544 17
894 173 961
1296 799 1557
1296 657 1231
161 1732 1029
161 1732 195
574 1672 559
574 559 1160
276 1078 45
1611 841 1948
1611 580 1529
1611 580 1948
1977 101 566
1977 1338 101
318 841 734
318 277 734
318 1108 548
318 277 1108
1860 1108 1442
568 1860 1442
568 1860 1871
568 1871 734
568 1948 734
568 768 1948
381 1656 995
1676 1550 1080
696 1996 302
696 157 87
696 23 87
696 1996 1552
696 23 1552
696 1351 302
696 1351 157
20 495 59
20 1384 495
550 20 1384
550 782 59
550 20 59
1211 451 506
1211 887 506
1211 451 970
1481 1384 495
1481 887 495
1270 1865 1741
473 1090 1415
473 1394 638
473 1415 638
1911 812 1210
441 1911 1210
1455 1680 117
1455 1210 117
487 528 853
487 528 489
513 1468 1521
396 1804 1964
1021 1338 210
601 1074 61
601 1324 429
601 1324 61
641 857 8
1470 1599 1090
818 1090 1415
818 295 1415
818 1470 1090
1494 295 937
1494 1580 251
1494 295 251
1347 460 920
1347 3 920
322 1347 3
433 1400 598
433 1400 1577
433 455 1577
401 833 89
1056 1928 1066
1056 1928 598
1056 455 1066
1056 433 598
1056 433 455
1925 567 1631
537 1925 888
537 1515 1631
537 1925 1631
759 1515 176
759 1515 1631
617 929 1298
1556 1685 47
1556 1919 1685
1556 371 47
1556 371 417
1248 825 233
1248 233 1685
1248 1919 1685
1248 1556 417
1248 1556 1919
595 2009 422
595 1084 422
1207 485 1814
1207 485 1529
1356 485 994
1356 1106 994
1356 485 1814
1017 769 668
1017 1106 668
1017 1356 1106
1017 1541 1706
1017 422 47
1017 1541 47
1017 2009 422
1017 2009 769
1710 1119 1647
1710 1647 1961
1710 874 1961
238 1385 1739
238 815 1895
238 1592 1895
346 725 1576
346 725 1651
346 1628 1576
346 1628 1651
1970 612 874
1970 612 1547
2014 929 152
2014 1639 152
2014 1639 339
745 2017 1680
745 928 2017
1696 629 2011
1696 629 1499
1260 39 1274
1260 621 1274
62 748 749
62 748 1906
62 1116 1906
62 290 749
62 1116 290
1069 1824 749
1069 748 749
1352 748 1906
1352 1707 1906
1569 881 905
410 1856 135
410 938 1856
1031 1217 1630
872 226 285
1733 1217 1357
1645 212 1630
1645 881 1932
1645 212 1932
1151 545 494
1151 494 1559
314 640 545
150 1509 1672
150 1509 81
150 1672 559
150 559 1954
150 81 1954
614 574 1672
614 574 1760
1655 712 2033
1655 712 81
1655 81 1954
1655 1954 525
1655 56 525
1655 56 2033
1608 712 600
1608 641 8
1608 641 600
1608 81 8
1608 712 81
1444 176 1789
1444 93 1789
1444 617 176
1444 1691 1500
1444 93 1691
1444 929 1500
1444 617 929
1750 1691 1500
1750 1628 1691
752 1502 198
752 1502 1739
689 916 1215
755 92 1705
755 721 1705
755 721 838
2047 621 2011
2047 1696 2011
2047 1696 247
2047 621 1713
2047 1809 1713
2047 247 1809
1997 1804 1964
303 92 1705
1478 1767 1007
1478 1767 1463
1757 642 631
1757 631 285
1757 1146 285
1350 706 797
1350 642 797
1755 171 1199
1622 1437 59
1622 171 1437
1622 171 1199
1622 611 1562
1622 495 59
1622 611 495
1690 622 1782
831 795 1562
831 622 1562
831 859 795
831 859 622
1669 622 1782
1669 622 1562
1669 1622 1562
1669 1622 1199
317 291 470
317 622 291
317 827 470
317 1690 827
317 1690 622
1070 1437 59
1070 782 59
1070 171 1437
519 1778 667
1818 1859 1661
1818 1859 685
1128 269 413
1128 1783 413
1128 1783 1661
1648 662 1155
1648 1155 1971
1648 547 1971
73 662 1155
73 1083 1155
73 438 662
73 1083 1135
262 1671 1759
262 1966 1604
262 1292 1966
262 1292 1431
262 1671 1431
1202 1374 163
1202 1374 1345
1202 1345 109
951 116 402
951 826 1971
951 402 826
51 447 1029
1220 336 447
1962 1370 1966
332 1102 402
1731 1617 131
1436 1101 1081
1436 1081 1604
187 1533 1206
1232 1533 1510
1232 1336 1679
1232 187 1679
1232 187 1533
675 1709 1510
551 675 97
551 675 1709
1653 1512 1206
1653 692 1206
1653 1512 1552
1653 1996 1552
1653 692 1996
648 953 1946
806 1935 1946
637 361 1548
637 1156 361
981 2004 189
760 1885 1440
760 959 1885
760 959 115
760 711 1440
760 711 627
947 760 627
947 760 115
901 2004 361
901 1141 361
272 953 915
272 1398 310
272 806 310
272 915 1052
272 953 1946
272 806 1946
875 339 1255
875 2014 339
1218 664 1980
1218 1980 825
1218 417 824
1218 664 824
1218 1248 417
1218 1248 825
1377 1980 1389
1377 1832 1980
1377 1944 1254
1377 1944 1389
65 1377 1254
65 1377 1832
241 1866 1336
241 1792 1336
1161 1423 883
2022 309 1135
2022 453 1135
467 934 883
653 605 785
836 605 1376
321 53 338
756 1281 609
1903 1511 1224
1903 1833 1224
1903 1833 1403
753 252 1013
753 1511 1013
1311 206 500
1311 206 738
24 206 738
24 921 370
24 738 370
24 921 1224
24 206 1224
800 1749 1830
800 1749 500
1763 243 1799
1641 817 1664
1641 1246 172
1641 817 1246
2019 1082 1167
2019 229 1573
2019 1167 948
2019 229 948
452 397 312
452 1082 397
1989 1573 1664
1989 445 1664
271 445 1082
271 452 1082
1584 53 1719
1584 1626 1719
1584 1626 562
867 400 220
867 707 220
1301 707 2005
1301 1067 2005
1301 867 707
1301 867 1408
556 452 312
1723 1759 309
1910 1424 786
1983 155 1246
907 155 1602
907 1626 1246
907 155 1246
907 1602 1222
907 403 1222
907 403 1554
1488 829 1991
288 1910 1424
288 1488 1991
288 1488 1243
288 1892 1991
2028 717 1503
1491 1395 2035
258 341 1841
258 341 1801
258 1161 193
687 1947 1841
1030 1141 990
1907 341 2012
1907 1030 2012
1907 1030 1947
1907 341 1841
1907 1947 1841
1926 2028 1503
1926 699 1288
1926 2028 1288
2007 687 472
2007 1395 990
2007 687 1947
2007 1030 990
2007 1030 1947
1587 1992 439
1587 1570 439
511 475 1094
511 1570 737
511 475 534
511 1094 439
511 1570 439
761 533 677
761 2036 1466
761 677 1466
1831 1667 930
1831 533 930
1480 529 561
1480 529 2003
1839 878 1461
1839 272 1052
1839 272 1398
735 1398 310
2029 156 2015
1979 258 1801
972 2010 1403
972 2010 1235
972 468 310
972 735 310
972 735 1235
1253 806 1935
1253 468 310
1253 806 310
1425 1793 1404
418 1469 1557
418 1296 1557
418 1296 657
191 1942 1391
191 1942 185
191 209 1391
191 185 209
1227 635 1557
1227 1469 1557
1227 851 1391
1227 851 635
436 1469 185
436 1942 185
436 1227 1469
327 418 657
327 657 1231
327 154 185
1965 849 1197
1965 1290 1197
751 695 96
751 695 906
751 683 906
503 695 906
503 100 906
503 100 1239
503 695 930
1162 1294 163
2023 1051 740
2023 1051 1959
1099 683 906
1099 100 740
1099 100 906
1282 149 570
1282 1099 683
549 100 740
549 100 1239
1130 981 115
1130 981 189
182 2016 944
182 1924 944
182 1924 447
1644 1654 447
1644 1654 799
1371 1544 17
1371 1544 1029
1371 390 1029
508 313 447
508 894 447
508 894 961
508 4 961
508 4 313
576 894 447
576 182 447
576 182 2016
925 580 1160
925 574 1160
925 580 2024
925 1760 2024
925 574 1760
170 61 45
170 276 45
170 1324 61
718 1078 994
718 276 1078
718 2024 994
718 1760 2024
718 276 1760
1969 1074 1540
572 1860 1108
572 1860 1871
572 1871 734
572 277 734
572 277 1108
1915 568 1442
1915 568 768
1915 1323 1442
1915 1323 768
716 381 995
1189 1550 837
1189 1656 837
1189 381 1656
1189 1676 1550
1189 1676 381
1715 1375 1836
1715 1836 1080
1715 1676 1080
1715 1676 381
1715 716 381
91 1481 970
91 550 1384
91 1481 1384
319 782 666
319 550 782
319 91 550
319 91 970
319 970 64
319 666 64
1087 1481 970
1087 1481 887
1087 1211 970
1087 1211 887
1534 473 1394
1534 1270 1865
1534 719 1394
1534 1270 719
1456 1911 812
1456 441 1911
1596 1270 137
1596 441 137
1596 1270 719
1596 441 1210
1596 268 1210
1596 268 719
1588 1455 1680
282 1599 1741
282 72 1599
1492 487 1468
430 396 210
430 1021 210
430 846 1964
430 396 1964
2021 706 210
2021 396 210
2021 1350 706
2021 396 1804
2021 1350 1804
1170 430 846
1170 430 1021
976 56 1726
976 56 2033
976 462 2033
427 1493 600
427 641 600
427 1324 429
427 641 1324
974 641 1324
974 641 857
1181 1794 624
1181 624 1521
1181 1599 1521
1181 1470 1599
1361 1794 1066
1361 1181 1794
1361 1181 1470
1615 2026 362
1615 19 362
1615 862 19
466 200 362
466 2026 362
1158 1928 937
1284 133 1298
1284 133 1984
1284 1113 1298
1284 1179 183
1284 1546 1179
1284 1277 1984
1284 1277 1546
1284 1613 183
1284 1613 1113
805 133 1984
805 1984 1531
805 567 1531
805 567 1631
805 1572 1631
805 133 1572
306 567 490
306 1925 567
306 1925 888
306 490 1080
306 1699 1080
306 1944 888
306 1944 1699
1687 759 176
1687 617 176
1687 617 1572
1687 1572 1631
1687 759 1631
1059 133 1572
1059 617 1572
1059 133 1298
1059 617 1298
1241 2009 1264
1241 595 2009
1241 1084 1264
1241 595 1084
966 1207 1529
966 1611 1529
966 1611 841
966 318 548
966 318 841
966 1900 548
966 1207 1900
1815 1356 1814
1815 1017 1356
1815 1207 1814
1815 1207 1900
1815 1900 1706
1815 1017 1706
1894 1710 874
1894 1710 1119
1894 1970 874
1894 1970 1547
1894 1547 1927
1894 1119 1927
114 1026 1895
114 1592 1895
248 315 1609
248 1800 315
248 1609 1221
1525 315 374
1525 1800 315
1525 1026 374
1660 114 1026
1660 1525 1026
1660 1525 1800
1300 815 1551
1300 1119 1551
1300 238 815
1300 238 1385
1300 1119 1927
1300 1385 1927
359 238 1739
359 1502 1908
359 1502 1739
359 1592 1908
359 238 1592
363 864 1647
363 158 864
1483 1891 1647
1483 363 1647
1483 363 158
1333 721 838
1333 721 858
1429 254 1564
1429 254 1229
1457 629 1499
1043 1696 247
1043 41 247
1582 1260 39
1582 1260 621
1582 629 2011
1582 621 2011
1780 979 854
1780 2041 1007
1780 2041 854
244 979 705
1474 1767 1824
1474 1069 1824
1474 1767 1463
1474 1463 1129
1474 748 1129
1474 1069 748
889 1352 748
889 755 92
889 755 838
1527 450 1633
1527 1208 1633
1585 979 854
1585 979 705
1585 854 326
1585 1208 326
1585 1827 705
523 2013 881
523 1569 881
1126 1881 1917
1126 1569 905
1126 1569 1917
1126 274 905
259 248 1221
259 1502 198
672 1126 1881
672 1126 274
672 274 1047
204 226 1597
204 872 226
329 212 1630
329 1031 1630
329 204 1031
329 212 1597
329 204 1597
732 1031 1217
592 68 285
592 872 285
192 1645 1630
192 274 905
192 881 905
192 1645 881
192 1047 1630
192 274 1047
644 1769 545
644 1151 545
469 1385 1739
469 752 1739
469 752 1497
469 1385 1927
469 1547 1927
469 1497 1547
1487 1856 135
1487 1216 1856
184 1487 1192
1209 1251 754
1209 1251 1633
1209 1208 1633
1209 1585 1208
1209 1585 1827
1978 938 1856
1978 1733 938
1978 1733 1357
607 314 640
607 1216 1856
607 640 1216
607 1978 1856
607 1978 314
1803 1509 1672
1803 614 1672
1803 1509 8
1803 857 8
1803 614 1760
1279 1750 1628
1279 1601 1500
1279 1750 1500
636 41 1229
636 41 247
636 1809 1229
636 247 1809
987 1306 1215
987 1997 1306
987 1997 1964
987 1807 1964
1848 1623 507
1402 689 41
1402 1848 507
1402 1848 689
526 1997 1804
526 1757 1804
526 1757 1146
526 1146 1306
526 1997 1306
1353 303 92
1353 1448 1129
1353 303 1448
1079 1705 246
1079 303 1705
1079 285 246
1079 68 285
1079 1448 68
1079 303 1448
1451 1757 642
1451 1350 642
1451 1757 1804
1451 1350 1804
1112 1755 1199
1112 1669 1782
1112 1669 1199
1112 1755 667
1112 1831 533
606 1690 1782
606 1112 1782
606 1112 533
606 761 533
606 761 2036
1938 1755 171
1938 1070 171
1938 1755 667
1938 519 667
1828 519 666
1828 1819 1854
1828 10 1854
1828 10 666
1045 1536 207
1045 685 207
1045 1818 685
1045 1818 1661
1045 1128 1661
352 438 1310
352 438 608
352 1330 1310
352 608 1472
352 1330 1472
1247 608 1288
1247 438 608
1247 438 662
1247 1648 662
1247 547 1288
1247 1648 547
1178 438 1310
1178 73 438
1829 336 447
1829 51 447
483 1962 1102
483 1962 1370
483 332 1102
543 99 131
1062 1617 131
1062 708 131
1144 1102 131
1144 1731 131
1138 837 1966
1138 1261 837
1698 1101 1081
1698 146 1101
552 692 1679
552 187 1679
552 692 1206
552 187 1206
1396 1792 1336
1396 1232 1336
1396 1373 97
1396 1232 1510
1396 675 1510
1396 675 97
1618 1709 1531
1618 551 1709
1618 1984 1531
1618 551 97
1618 1277 1984
1618 1277 1546
350 648 1946
350 648 2012
350 1935 1946
1967 953 1195
1967 648 953
1816 350 1935
1816 730 651
643 1051 1959
643 1156 189
643 637 1156
643 213 1959
643 213 637
643 1130 189
1110 981 2004
1110 981 115
1110 947 115
1879 901 2004
1879 1110 2004
1879 1110 947
1058 875 1601
1058 875 2014
1058 1601 1500
1058 929 1500
1058 2014 929
2039 537 1515
2039 65 1254
2039 1944 1254
2039 1944 888
2039 537 888
273 241 1792
273 1396 1792
273 1396 1373
273 1866 1179
273 241 1866
113 1125 1878
411 1125 1878
845 1330 472
845 687 472
845 284 193
845 687 1841
845 258 1841
845 258 193
128 2022 309
128 2022 786
1636 467 934
1636 1910 786
1636 1910 934
1636 2022 786
1636 2022 453
2002 756 1578
2002 756 609
2002 605 1578
2002 653 605
138 653 785
138 2002 609
138 2002 653
57 324 1376
2027 421 347
2027 321 1256
645 800 1830
645 800 1281
1096 753 252
714 468 156
714 1096 847
1787 1311 738
166 1311 500
166 1787 1311
166 1787 370
720 1763 1799
720 364 1799
214 801 1335
214 720 1763
774 787 1664
774 229 948
774 787 229
654 817 1335
654 364 817
654 720 364
654 214 1335
654 214 720
1268 445 1082
1268 2019 1082
1268 2019 1573
1268 1989 1573
1268 1989 445
1362 271 445
1362 445 1335
2048 1694 633
2048 1308 1875
1120 400 1625
1120 1975 1625
1674 1301 1067
77 1884 694
579 694 823
649 1334 356
649 1334 1408
15 1614 1124
492 579 694
861 1723 1759
861 1723 1411
861 262 1604
861 262 1759
861 1081 1604
554 27 488
527 1983 655
527 1983 155
527 676 655
527 155 676
1054 243 1799
822 1626 1719
822 907 1626
690 1488 1554
690 421 829
690 1488 829
1560 1488 1243
1560 403 1222
1560 403 1554
1560 1488 1554
9 288 1424
1438 288 1892
42 547 1288
42 2028 1288
293 648 2012
293 1030 2012
293 1967 648
917 699 1472
917 2007 699
917 2007 472
917 1330 472
917 1330 1472
2042 1926 699
1842 1570 1404
1842 1587 1570
1842 1793 1404
1842 1793 1992
1842 1587 1992
1649 160 534
1649 160 1668
1649 1668 1440
1649 711 1440
1649 652 711
855 1098 667
855 1112 667
855 1112 1831
855 325 1098
855 325 1607
855 1667 1607
855 1831 1667
1650 2003 2036
1650 1480 2003
1650 2036 1466
1650 1480 561
950 1839 1052
950 1839 878
873 735 1398
873 1839 1461
873 1839 1398
873 1461 1235
873 735 1235
558 2029 2015
558 730 2015
558 730 651
558 651 1801
933 411 1878
933 411 1568
446 1161 1423
446 258 1161
446 1979 258
776 1568 498
776 1979 498
776 446 1979
594 468 2015
594 1253 468
594 1253 1935
594 1816 1935
594 730 2015
594 1816 730
978 511 737
978 511 534
978 1649 534
509 1793 830
509 1425 1793
715 436 1227
715 1942 1391
715 1227 1391
1004 418 1469
1004 327 418
1004 1469 185
1004 327 185
340 1290 1197
340 871 1290
623 52 1197
623 340 1197
623 340 871
618 623 871
618 327 1231
618 871 1231
557 1965 849
557 1965 1290
1305 683 849
1305 849 96
1923 1239 677
1923 503 1239
1923 677 930
1923 503 930
1784 1296 1231
1784 1162 1294
1393 2023 1959
1393 213 1959
1393 1037 1127
1393 1491 1127
1393 1491 2035
1393 213 2035
1768 1239 1466
1768 1650 1466
665 549 1239
665 1768 1239
665 1768 1130
665 1051 740
665 549 740
1175 390 17
1175 1371 17
1175 1371 390
292 894 173
292 576 894
292 2016 173
292 576 2016
424 1021 746
424 1969 746
424 1021 1338
424 1977 1338
424 1969 1540
424 1540 566
424 1977 566
1730 807 995
1730 716 995
1730 1375 807
1730 1715 1375
1730 1715 716
1737 1534 473
1737 1599 1090
1737 473 1090
1737 1599 1865
1737 1534 1865
1877 441 137
1877 1456 441
1590 1405 1773
409 1405 1773
345 569 741
345 265 560
984 1455 1773
984 409 1773
984 409 569
984 569 741
1237 1348 646
1484 1905 560
122 691 1387
1657 72 646
1657 1348 646
1657 1599 1521
1657 72 1599
379 513 1521
379 1348 513
1434 513 1468
1434 1492 1468
658 1492 487
658 487 489
1688 1807 1964
1692 1468 178
35 178 1577
35 1577 1726
35 976 1726
35 1692 178
35 1692 308
1893 170 276
1893 276 1760
1893 974 1760
1893 170 1324
1893 974 1324
986 818 1470
986 1361 1470
1610 1615 862
1610 1615 2026
1610 975 1012
1610 1012 211
1610 862 211
582 322 1347
582 460 200
582 1347 460
1432 1158 1928
1432 1158 401
1432 401 89
1432 598 89
1432 1928 598
1844 1580 1765
1844 1494 1580
1844 943 1765
1844 1158 401
369 259 1502
369 259 248
369 1502 1908
1663 1483 158
1663 864 762
1663 158 864
1663 1483 1891
1513 437 1259
1513 186 437
111 538 1600
111 1583 1600
111 538 1259
31 762 1551
31 1651 1551
31 1663 762
31 1663 922
289 1930 1346
404 1333 838
404 1333 46
404 1077 46
647 1333 46
647 1429 1229
647 689 916
647 41 1229
647 689 41
1634 1077 1564
1634 1564 1797
1634 1707 1797
230 1077 1564
230 1077 46
728 1349 120
728 745 928
728 1349 928
728 167 120
1406 1457 1499
1104 1696 1499
1104 1043 1696
387 1582 39
387 1582 629
387 1136 39
387 1457 629
387 1136 1457
892 748 1129
892 889 748
892 1353 1129
892 889 92
892 1353 92
1788 889 1352
1788 1352 1707
1788 404 1077
1788 1634 1707
1788 1634 1077
55 388 450
55 1527 450
55 1527 388
1283 1527 388
1283 555 1888
1283 388 1888
1516 523 1569
1516 1569 1917
1516 2013 1221
1516 523 2013
1516 259 1221
1516 259 1917
1278 1881 1917
1278 259 1917
1278 259 198
367 672 1881
367 1278 198
367 1278 1881
2000 1047 1357
2000 672 1047
1372 204 1031
1372 732 1031
1372 204 872
1372 732 872
334 732 872
334 592 872
713 1478 1463
713 1478 1007
442 1733 1217
442 1733 938
442 410 135
442 410 938
1870 442 135
256 644 1769
256 644 1151
256 1151 1559
1522 184 1827
1522 1827 705
1522 244 705
1022 1487 1216
758 184 1192
758 1501 1192
1057 974 857
1057 1803 857
1057 974 1760
1057 1803 1760
1953 987 1623
1953 987 1807
1591 1848 689
1591 689 1215
1591 987 1215
1591 987 1623
1591 1848 1623
1368 1043 41
1368 1402 41
1368 1402 507
2018 1969 746
2018 1452 746
2018 1969 1074
2018 601 1074
2018 601 429
2018 1452 429
1449 122 528
1449 122 691
1796 1452 746
1796 1688 746
449 1780 1007
449 713 1007
1496 1690 827
1496 606 1690
333 1070 782
333 1938 1070
333 1938 519
333 782 666
333 519 666
464 519 1778
464 1828 519
464 1819 1778
464 1828 1819
1267 1128 269
1267 1045 1128
1267 269 1536
1267 1045 1536
882 1178 73
882 73 1135
1441 151 1518
1441 1784 1518
1441 1784 1162
1441 1162 163
1441 1202 163
1441 151 1202
188 1929 1029
188 161 1029
188 161 195
1111 1929 1029
539 1220 336
1843 1220 447
1837 1656 1049
565 483 1370
565 483 332
565 1370 402
565 332 402
1835 708 131
1835 543 131
95 1962 1102
95 1261 1962
1027 342 837
1027 1261 837
177 1962 1966
177 1138 1966
1791 1261 1962
1791 1138 1261
1791 177 1962
1791 177 1138
1853 1698 1081
219 1618 1546
219 1546 1179
219 1373 97
219 1618 97
219 273 1179
219 273 1373
852 1816 350
852 1118 103
852 1118 651
852 1816 651
850 637 1548
850 213 637
850 2035 1548
850 213 2035
844 953 1195
844 399 1195
844 953 915
663 399 1195
663 901 1195
663 1879 901
1764 915 1052
1764 2046 1052
1922 652 711
1922 711 627
1922 2046 627
1922 2046 1052
1922 950 1052
1922 950 878
1922 878 281
1507 2046 627
1507 2046 1940
1507 947 627
1507 1879 947
1507 663 1940
1507 663 1879
1240 1515 1789
1240 2039 1515
1240 512 1789
1240 1832 512
1240 65 1832
1240 2039 65
1673 578 1125
1673 578 1183
1673 796 1183
602 27 488
602 113 488
1223 113 1878
1223 933 1878
1223 1423 488
1223 113 488
1223 446 1423
414 113 1125
414 1673 1125
414 1673 796
414 602 796
414 602 113
1459 1749 1830
1725 252 1013
1725 1459 1749
1725 1459 1605
1725 206 1013
1725 1749 206
40 411 1125
40 578 1125
1716 2029 498
1716 1000 847
1876 845 1330
1876 845 284
1876 1330 1310
1876 1178 1310
1876 882 284
1876 882 1178
563 1424 786
563 128 786
563 128 309
1714 453 1135
1714 882 1135
1714 882 284
1075 1781 467
1075 1636 453
1075 1636 467
1075 1714 453
1075 1714 1781
1761 467 883
1761 1781 467
1761 1161 883
1761 1161 193
1761 284 193
1761 1714 284
1761 1714 1781
942 1504 609
942 138 609
1200 605 785
1200 836 605
139 836 1376
139 57 1376
1777 321 53
328 1475 1256
328 63 1256
1226 517 1504
1226 1281 609
1226 1504 609
1226 645 1281
395 1903 1511
395 1903 1403
395 972 1403
395 972 468
395 714 468
956 753 1511
956 395 1511
956 395 714
956 1096 753
956 714 1096
571 714 847
571 714 156
571 2029 156
571 1716 847
571 1716 2029
1960 738 370
1960 1787 370
1960 1787 738
275 756 1281
275 800 1281
275 800 500
275 166 500
1704 166 370
1704 1578 370
1704 756 1578
1704 275 756
1704 275 166
988 774 1664
1998 556 452
777 1659 1285
777 808 1439
458 1659 676
1204 801 1335
1204 1362 1335
1204 801 577
1134 1584 562
1134 1812 562
639 988 774
639 774 948
639 324 948
126 1806 1694
126 2048 1694
126 1806 1975
1747 1120 1975
1747 1120 613
1380 952 1810
1380 1735 633
1380 1735 1810
955 2048 633
955 2048 1308
955 1380 633
955 1380 1388
1419 105 356
835 1334 356
835 1419 356
835 1419 802
860 1067 1205
860 1674 1067
860 104 1205
860 1674 104
1951 777 1285
1951 808 781
1951 777 808
564 492 694
564 77 694
564 1659 1285
564 492 1285
564 1659 676
564 77 676
1498 1723 1411
1498 1316 1411
1498 1723 309
1498 563 309
793 934 488
793 1910 934
1652 364 1799
1652 1054 1799
1652 364 817
778 243 655
778 1054 243
731 822 1719
731 822 907
731 907 1554
731 338 1719
731 1554 338
1317 1554 338
1317 690 1554
1555 288 1910
1555 1438 288
1555 793 1910
1177 142 347
444 717 116
444 2028 717
444 42 2028
1840 293 1967
1840 1967 1195
1840 1030 1141
1840 293 1030
1840 901 1195
1840 901 1141
26 2007 699
26 2042 699
26 2007 1395
26 1491 1395
26 1491 1127
26 2042 1127
1712 1037 1127
1712 2042 1127
1712 1037 1503
1712 1926 1503
1712 2042 1926
1981 2029 498
1981 558 2029
1981 1979 498
1981 1979 1801
1981 558 1801
516 978 1425
516 978 1649
516 652 1154
516 1649 652
2030 1425 1404
2030 978 1425
2030 978 737
2030 1570 737
2030 1570 1404
1742 281 830
1742 509 830
1307 436 1942
1307 715 1942
1307 715 436
1454 618 623
1454 154 52
1454 623 52
1454 327 154
1454 618 327
1165 751 683
1165 1305 683
1165 751 96
1165 1305 96
790 1784 1296
790 1296 799
790 1294 1182
790 1784 1294
790 1644 799
790 447 1182
790 1644 447
408 2023 740
408 37 740
1173 1282 1099
1173 1099 740
1173 37 740
1173 1282 570
1173 37 570
679 1768 1650
679 959 561
679 1650 561
679 959 115
679 1130 115
679 1768 1130
145 665 1051
145 665 1130
145 643 1051
145 643 1130
67 1590 1773
67 1455 1773
67 1588 1455
1537 407 1905
884 345 560
884 345 569
884 409 569
884 1537 409
884 1905 560
884 1537 1905
1344 984 1455
1344 812 1210
1344 1455 1210
926 1348 513
926 1237 1348
926 1434 513
926 1434 1492
926 658 1492
1048 308 1387
1048 122 1387
1048 122 528
1048 528 853
1553 1657 1348
1553 379 1348
1553 1657 1521
1553 379 1521
353 1523 489
911 1688 1964
911 846 1964
911 1170 846
911 1688 746
911 1021 746
911 1170 1021
169 1692 1468
169 487 853
169 487 1468
169 1692 308
169 1048 853
169 1048 308
1137 308 1387
1137 35 308
1137 35 976
784 818 295
784 295 1066
1595 582 200
16 322 3
16 3 975
16 1610 975
16 1610 2026
1369 1158 937
1369 1844 1158
1369 1494 937
1369 1844 1494
869 401 833
869 1844 401
869 1844 943
869 943 541
869 833 1958
869 541 1958
2034 248 1800
2034 369 248
2034 1660 1800
2034 114 1592
2034 1660 114
2034 1592 1908
2034 369 1908
13 1663 1891
13 1891 1600
909 339 1255
909 1639 339
909 1639 186
909 1513 186
376 909 1255
376 909 1513
1107 1930 1346
1107 111 1583
1107 376 1930
1107 376 1513
1107 1513 1259
1107 111 1259
792 289 922
792 31 1651
792 31 922
792 1279 1601
792 1628 1651
792 1279 1628
1838 1333 858
1838 647 1333
1838 916 858
1838 647 916
939 230 46
939 1429 1564
939 230 1564
634 1136 39
634 1136 1349
634 928 39
634 1349 928
1297 1349 120
1297 1136 1349
1297 167 120
1297 1406 167
1297 1136 1457
1297 1406 1457
1632 728 167
1632 11 407
1632 1406 167
1632 1406 1499
1632 11 1499
743 1104 1499
743 11 1499
106 743 1766
106 743 1104
1386 889 838
1386 1788 889
1386 404 838
1386 1788 404
1862 1527 1208
1862 1283 1527
1862 1208 326
1862 326 555
1862 1283 555
702 1190 1769
1752 2000 1357
1752 1769 545
1752 314 545
1752 1978 1357
1752 1978 314
461 334 491
461 334 592
461 592 68
280 1870 135
1968 442 1217
1968 1870 442
1506 1968 1217
1530 435 1262
1530 1331 1262
1530 449 713
1132 435 491
1132 713 1463
1132 1530 713
1132 1530 435
1132 1448 68
1132 1448 1463
1132 461 68
1132 461 491
1020 1190 1769
1020 256 1769
1020 256 1559
1020 1190 1497
1020 612 1559
1020 612 1547
1020 1497 1547
1697 184 1487
1697 1022 1487
1697 184 1827
1312 1022 1216
1312 1251 754
1312 1216 1251
1089 1501 991
1089 758 1501
2 1501 1192
2 217 1501
1575 1104 1043
1575 1368 1043
1575 1368 507
1575 106 1104
1575 1623 507
1575 106 1623
553 427 429
553 1449 691
553 691 1493
553 427 1493
391 528 489
391 1523 489
391 1523 343
989 106 1766
1988 553 1449
1988 1452 429
1988 553 429
1988 1449 528
162 1688 1807
162 1796 1688
162 1953 1807
162 1953 1539
70 449 1780
331 1331 1262
331 217 1262
530 827 2003
530 1496 827
530 2003 2036
530 606 2036
530 1496 606
1868 1273 149
1868 1282 149
1868 1282 683
1219 1273 149
1219 149 570
1219 1037 109
1219 408 2023
1219 1393 1037
1219 1393 2023
1219 37 570
1219 408 37
358 1913 51
1762 51 1029
1762 1111 1029
1103 188 1929
1103 1656 1049
474 1821 336
474 539 336
82 447 131
82 1843 447
82 99 131
586 1144 1102
586 95 1102
1646 1062 1617
232 1027 1586
632 1027 1261
1265 1044 1586
1265 1027 342
1265 1027 1586
1148 960 99
886 1148 960
423 694 823
423 1884 694
1085 1698 146
1085 1011 1698
1085 423 1011
997 423 1884
997 423 1011
368 1316 1411
368 1011 1316
368 861 1411
368 1853 1698
368 1011 1698
368 861 1081
368 1853 1081
1495 350 2012
1495 852 350
1495 852 103
1495 341 103
1495 341 2012
1140 663 1940
656 602 796
124 1223 446
124 776 1568
124 776 446
124 933 1568
124 1223 933
744 554 27
744 142 27
744 1177 142
2025 142 1475
2025 1475 1256
2025 2027 1256
2025 2027 347
2025 142 347
257 1725 252
257 1725 1605
257 1096 847
257 1096 252
257 1000 847
257 1605 1000
1886 1605 1000
1886 40 1000
1886 1459 1605
1886 40 578
1677 1716 1000
1677 40 1000
1677 40 411
1677 1716 498
1677 1568 498
1677 411 1568
596 9 1424
596 563 1424
179 1200 785
179 138 785
179 942 138
1186 1987 2008
1186 1987 1598
1164 1777 321
1164 321 1256
1164 139 836
1164 63 1256
1164 63 836
1337 324 53
1337 57 324
1682 328 2008
1682 328 63
757 328 2008
757 1987 1183
757 1987 2008
757 328 1475
373 1226 517
373 578 1183
373 517 1504
924 1226 645
924 645 1830
924 1459 1830
924 1886 578
924 1886 1459
924 373 578
924 373 1226
1666 562 172
1666 988 562
1666 1641 172
1038 1204 577
299 896 1439
299 777 1473
299 777 1439
1545 1763 243
1545 299 1473
1545 299 896
235 777 1473
235 777 1659
235 458 1473
235 458 1659
384 1134 1584
384 1134 1812
384 1584 53
384 324 53
384 1812 324
1621 1812 562
1621 988 562
1621 639 988
1621 1812 324
1621 639 324
1805 126 2048
1805 126 1975
1805 1747 1975
1805 1747 613
130 556 312
130 312 1332
1287 955 1308
1280 802 1875
1280 835 802
1280 2048 1875
1280 1805 2048
1280 1805 613
1813 835 1334
1813 867 1408
1813 1334 1408
1813 1280 835
1072 75 432
1072 1718 432
1909 866 1604
1909 1436 1604
954 1422 1124
954 1629 579
954 492 1422
954 492 579
1025 579 823
1025 1629 579
1517 1951 781
1092 283 105
1092 105 356
1001 1422 1124
1001 492 1422
1001 283 492
405 283 105
865 1652 1054
865 778 1054
865 1652 817
865 1983 655
865 778 655
865 817 1246
865 1983 1246
2006 1317 338
2006 1317 690
2006 321 338
2006 2027 321
2006 2027 421
2006 690 421
98 843 9
1420 1555 1438
1627 1555 793
1627 554 488
1627 793 488
1627 1420 554
1627 1420 1555
840 951 116
840 444 116
840 951 1971
840 444 42
840 547 1971
840 42 547
902 516 1154
902 1922 281
902 652 1154
902 1922 652
1852 509 1425
1852 516 1425
1852 902 516
573 557 1290
573 683 849
573 557 849
573 871 1231
573 871 1290
1428 151 392
1428 151 1518
1428 22 1518
1176 1784 1518
1176 22 1518
1538 1877 1456
1538 1456 812
1538 1344 812
1538 1344 984
1538 984 741
1538 729 741
263 1877 137
263 1538 1877
263 1538 729
263 282 1741
263 282 72
263 1270 1741
263 1270 137
344 67 1590
344 1590 1405
344 67 1588
344 1588 1680
344 745 1680
344 728 745
977 409 1405
977 1537 409
977 1537 407
1606 926 265
1606 926 658
1606 265 560
1606 1484 560
1606 353 1484
1606 658 489
1606 353 489
575 1484 1905
575 353 1484
575 353 1523
1820 407 1905
1820 575 1905
1820 575 1523
1612 1523 343
1612 11 407
1612 1820 407
1612 1820 1523
1896 691 1493
1896 691 1387
1896 462 1493
71 784 818
71 784 1066
1514 466 200
1514 1595 200
1514 1595 466
236 1595 582
236 1595 466
236 582 322
236 16 322
673 1583 1600
673 13 1600
1994 13 1663
1994 673 13
1994 289 1346
973 289 1930
973 376 1930
973 376 1255
973 875 1255
973 875 1601
973 792 1601
973 792 289
330 939 46
330 939 1429
330 647 46
330 647 1429
224 1632 407
224 1632 728
224 344 728
224 344 1405
224 977 1405
224 977 407
36 743 1766
36 743 11
36 1612 11
36 989 1766
36 1612 989
722 1953 1623
722 1953 1539
348 367 672
348 702 672
348 702 1190
323 2000 672
323 702 672
323 702 1769
323 1752 1769
323 1752 2000
465 1487 135
465 280 135
465 1487 1192
1771 217 1262
66 1968 1870
66 2 217
66 1771 217
66 1968 1023
66 1771 1023
1024 1506 1217
1024 1506 435
1024 732 1217
1024 435 491
1024 334 732
1024 334 491
1790 1968 1023
1790 1506 1968
1790 1771 1023
1790 1771 1262
1790 435 1262
1790 1506 435
1985 1697 1827
1985 1697 1022
1985 1312 1022
1985 1209 1827
1985 1209 754
1985 1312 754
245 1089 758
245 1522 184
245 758 184
1042 2 1192
255 989 106
255 722 1539
255 106 1623
255 722 1623
76 1796 1452
76 1612 989
1861 391 343
1861 1988 343
863 391 528
863 1988 528
863 1861 391
863 1861 1988
588 70 991
588 1522 244
588 1089 991
588 245 1522
588 245 1089
380 70 1780
380 588 70
1086 331 1331
1086 331 449
1086 1530 1331
1086 1530 449
992 70 449
992 331 449
992 1501 991
992 70 991
992 217 1501
992 331 217
127 1219 1273
127 151 392
127 151 1202
127 1868 392
127 1868 1273
127 1202 109
127 1219 109
1016 1821 336
2040 1065 1049
1727 1829 51
1727 358 51
832 358 1913
832 1103 1049
1412 1103 1929
1412 832 1103
880 188 195
880 1103 188
880 1732 195
880 1407 1732
880 1407 1379
880 1656 1379
880 1103 1656
493 296 1821
1304 539 1220
1304 1594 1220
231 1318 703
1174 1843 2031
1779 1174 1843
1233 1731 1617
932 886 1148
1566 1602 676
1566 77 676
307 1602 1222
307 1566 1602
1972 98 521
1972 98 843
1972 1566 997
1972 307 1566
1476 663 399
1476 1140 663
1476 1140 1940
1476 2046 1940
1476 1764 2046
1476 1764 915
1476 844 915
1476 844 399
48 142 1475
48 656 1475
48 142 27
48 602 27
48 656 602
918 1987 1598
918 179 1598
918 373 1504
918 942 1504
918 179 942
918 1987 1183
918 373 1183
1040 1186 1598
1040 179 1598
1040 179 1200
1343 1164 139
1343 1164 1777
1343 139 57
316 656 1475
316 757 1475
316 757 1183
316 796 1183
316 656 796
1228 1666 1641
1228 1666 988
1228 1641 1664
1228 988 1664
515 458 1473
515 1545 1473
515 1545 243
515 243 676
515 458 676
1309 1545 1763
1309 1545 896
1309 214 801
1309 214 1763
1309 801 577
1309 1038 577
1309 896 1439
1309 1038 1439
581 1038 1439
581 808 1439
1581 1038 1204
1581 1204 1362
1250 1380 952
1250 952 1332
1250 130 1332
382 1308 1875
382 1287 1308
382 802 1875
1565 955 1388
1565 1287 955
1565 1250 1388
1366 1280 613
1366 1813 1280
1426 486 432
1426 84 486
1426 84 104
610 1674 104
610 678 1674
610 1426 104
610 678 1
610 1072 1
610 1072 1718
378 678 1
378 1072 1
1295 1589 1436
1295 1909 1436
1295 75 866
1295 1909 866
1519 38 1589
1519 1436 1101
1519 1589 1436
1774 1025 823
1774 423 823
1774 1085 423
1774 1085 146
1774 1025 1629
1724 1092 283
1724 1001 1124
1724 1001 283
1117 649 356
1117 1092 356
1117 649 1614
1117 1614 1124
1117 1724 1124
1117 1724 1092
591 283 492
591 405 283
591 405 1951
591 492 1285
591 1951 1285
1756 596 9
1756 98 9
1756 98 521
1756 596 563
1756 1498 521
1756 1498 563
1963 744 1177
1963 1420 1438
1963 744 554
1963 1420 554
1963 1438 1892
1963 1892 347
1963 1177 347
910 1742 509
910 1852 509
910 1742 281
1171 1428 392
1171 1428 22
1171 573 683
1171 1868 392
1171 1868 683
1034 573 1231
1034 1784 1231
1034 1176 1784
1851 1237 646
1851 72 646
1851 263 72
1897 1137 1387
1897 1896 1387
1897 1137 976
1897 976 462
1897 1896 462
912 986 818
912 71 818
912 71 1066
912 1361 1066
912 986 1361
1826 466 2026
1826 236 466
1826 16 2026
1826 236 16
1314 1663 922
1314 1994 1663
1314 289 922
1314 1994 289
1272 1994 1346
1272 1994 673
1272 673 1583
1272 1107 1346
1272 1107 1583
1257 367 198
1257 348 367
1936 465 1192
1936 465 280
1936 1042 1192
1665 66 2
1665 1042 2
1665 66 1870
1665 280 1870
1665 1042 280
1139 76 1452
1139 1988 1452
1139 1988 343
1993 76 1796
1993 162 1539
1993 162 1796
1993 255 1539
1286 380 1780
1286 1780 979
1286 244 979
1286 588 244
1286 380 588
148 1443 250
803 1829 336
803 1443 1829
1620 250 1482
1620 940 1482
1620 803 940
1620 1443 250
1620 803 1443
1700 593 1482
518 1016 336
1479 1258 940
297 1727 358
297 832 358
297 1065 1049
297 832 1049
1122 1111 1929
1122 1412 1929
1435 69 1049
1435 296 1049
85 474 539
522 1318 1049
112 697 1071
412 1174 2031
816 1843 1163
237 301 1071
237 1779 1843
1033 661 1265
1360 231 1594
1360 1594 1220
1360 159 1220
1365 1770 1318
1365 1837 1049
1365 1318 1049
107 1770 1318
739 1835 543
739 1450 1835
890 1450 1835
733 1646 1617
733 1327 1617
962 175 1027
962 1196 1670
1342 770 708
1010 232 1027
1010 80 232
1823 1798 1586
1823 232 1586
54 1233 1617
357 1233 1731
1825 1121 772
1825 772 1027
497 886 960
497 1147 960
710 1147 960
1359 890 1450
736 1148 1044
1169 932 886
1169 29 1044
982 997 1884
982 1566 997
982 77 1884
982 1566 77
294 1972 521
294 1498 521
294 1498 1316
1571 1972 843
1571 843 9
1571 288 1243
1571 9 288
1159 1186 2008
1159 1040 1186
1159 1682 2008
1159 1682 63
1159 63 836
1159 1200 836
1159 1040 1200
1847 1343 1777
1847 1777 53
1847 1337 53
1847 1337 57
1847 1343 57
32 581 1038
32 581 74
32 1581 1038
520 581 808
1898 74 452
1898 271 452
1898 32 74
1898 32 1581
1898 1362 271
1898 1581 1362
1748 1380 1388
1748 1250 1388
1748 1250 1380
531 1517 781
531 1517 1417
531 808 781
531 520 808
531 520 1902
1471 1902 130
604 382 1287
394 1419 802
394 382 802
394 604 382
394 1419 105
129 1565 1287
239 1120 613
239 1366 613
1421 1426 432
1421 610 1718
1421 610 1426
147 378 678
147 1674 1301
147 678 1674
1920 15 1614
1920 649 1408
1920 649 1614
1039 38 1589
1039 1303 1589
1039 38 1629
141 1295 1589
141 1303 1589
141 1295 75
141 1072 75
141 378 1072
141 1303 378
540 1519 38
540 1519 1101
398 38 1629
398 1774 1629
398 540 38
398 540 1101
398 146 1101
398 1774 146
1460 1852 902
1460 910 1852
1460 902 281
1460 910 281
1746 1171 22
1746 1171 573
1746 1176 22
1746 1034 573
1746 1034 1176
1567 263 729
1567 1851 263
1567 729 741
1567 1851 1237
1567 345 741
1567 345 265
1567 926 265
1567 926 1237
1918 348 1190
1918 1257 348
1918 1190 1497
1918 752 1497
1918 752 198
1918 1257 198
385 1042 280
385 1936 280
385 1936 1042
742 76 1612
742 1139 76
742 1612 343
742 1139 343
783 1993 255
783 1993 76
783 255 989
783 76 989
228 803 336
1846 518 969
935 296 1821
900 1016 1821
900 1289 1016
900 935 1821
900 935 296
480 296 1049
480 900 296
480 900 1289
480 1289 1016
480 1846 1016
419 940 1482
419 1258 940
1857 1258 969
1857 174 969
1857 419 1258
1857 419 174
1683 940 336
1683 1479 940
1315 1258 969
1315 1479 1258
1950 148 250
1950 1443 1829
1950 148 1443
1950 250 1482
1950 593 1482
1950 593 1065
1950 297 1065
1642 1143 51
1642 1913 51
1329 1762 1111
698 1122 1412
698 1122 1111
698 1329 1111
1340 1435 69
1340 1435 493
1340 33 69
1340 33 493
828 493 296
828 1435 296
828 1435 493
1990 69 1049
1990 522 1049
1392 1304 539
587 33 493
587 628 474
587 474 1821
587 493 1821
996 159 1701
996 1060 1701
996 159 1220
996 1843 1220
996 1843 2031
1019 112 697
1019 1060 112
203 112 1071
821 669 301
821 669 1703
897 237 1071
1775 816 1843
1775 237 1843
1889 1779 1174
1889 1808 1779
514 965 1686
514 82 1843
514 965 1843
1131 965 1686
2045 231 703
1006 1360 159
1006 771 159
383 159 1701
383 771 159
1934 1858 1837
1949 107 1770
1524 890 1835
1213 1010 102
542 1196 1670
791 108 1327
791 1196 108
791 542 1327
791 542 1196
810 962 1027
477 1196 108
477 962 1196
43 1010 80
43 1213 1999
43 1213 1010
895 1010 102
895 501 102
750 1753 1062
535 153 770
482 1172 232
482 1823 232
482 1823 1872
1795 366 1144
1795 1244 1144
999 1795 1261
999 1795 366
1786 1825 1185
1786 1825 1121
448 54 1233
448 1121 54
1982 704 1121
1982 1121 772
360 834 1731
360 357 1731
1245 82 99
1445 1265 1044
1445 661 1265
1974 2038 1579
1974 1579 543
1974 710 2038
1212 1579 1916
1212 1798 1586
1212 710 1586
1212 2038 1579
1212 710 2038
1745 890 1005
1745 1359 890
1745 1823 1005
1745 1823 1798
1745 1359 1798
406 739 1450
406 1359 1450
1382 144 543
682 1579 1916
682 1579 543
682 144 543
893 1044 1586
893 1822 1586
893 29 1044
83 497 1147
83 710 1586
83 710 1147
724 932 1148
724 736 1148
1145 1169 886
1145 1169 29
1225 1972 997
1225 294 1972
1225 997 1011
1225 1011 1316
1225 294 1316
958 1560 1243
958 1571 1243
958 1560 1222
958 307 1222
958 1972 307
958 1571 1972
1681 581 74
1681 520 581
1681 520 1998
1681 1998 452
1681 74 452
1397 520 1998
1397 520 1902
1397 1998 556
1397 130 556
1397 1902 130
819 405 105
819 405 1951
819 394 105
819 394 604
819 1517 1951
1603 1517 1417
1603 819 1517
1399 1565 1250
1399 129 1565
701 1120 400
701 867 400
701 1813 867
1413 1718 432
1413 1421 432
1413 1421 1718
1322 147 378
1322 1920 378
1322 1920 1408
1322 1301 1408
1322 147 1301
476 1303 378
476 1920 378
476 1920 15
476 15 1124
1549 940 336
1549 228 336
431 803 940
431 228 803
431 1549 940
431 1549 228
264 518 1016
264 1846 1016
264 1846 518
1091 355 1700
619 1700 593
619 355 593
619 355 1700
684 593 1065
684 355 593
136 1683 1479
136 518 969
136 518 336
136 1683 336
136 1315 969
136 1315 1479
1458 1950 297
1558 1143 51
1558 471 51
34 1143 832
34 1642 1143
34 1642 1913
1003 1558 1143
1003 698 1329
1003 698 1412
1003 1412 832
1003 1143 832
583 1990 1490
583 587 33
583 33 69
583 1990 69
1214 1990 1490
1214 628 474
1214 85 474
1914 1392 539
1180 301 1071
1180 669 301
1180 697 1071
1180 697 1837
1180 342 1656
1180 1837 1656
927 996 2031
686 1060 112
686 996 1060
1018 1060 1701
1008 412 2031
1008 927 2031
1008 203 112
1008 927 112
584 237 1779
584 897 237
1035 18 821
1817 237 301
1817 1775 237
1275 945 1071
1275 897 1071
1643 203 1071
1643 412 1174
1313 1889 1808
1313 1275 1808
1313 1275 945
1313 1693 945
1313 1889 1174
1313 1693 1174
532 1033 661
532 1033 1686
532 514 1686
1093 1033 1686
119 2045 703
767 1360 231
767 1006 1360
767 2045 231
767 119 2045
767 119 1006
1464 771 1318
1464 383 771
1320 107 1318
1320 1464 1318
1320 1464 383
1320 630 107
1320 630 383
1505 1858 1701
1505 1934 1858
775 739 543
775 1867 739
775 1382 543
1354 1359 1798
1354 1867 1798
1855 890 1005
1293 962 1670
1293 542 1670
764 1213 102
764 1646 1062
1184 733 1646
1184 501 733
1002 1921 1327
1002 542 1327
1002 1293 1921
1002 1293 542
1238 772 1027
1238 810 1027
688 810 962
688 477 962
688 477 108
899 1172 232
876 1342 770
1931 1753 1062
90 750 1753
1378 1010 1027
1378 895 1010
1378 175 1027
1378 895 175
877 90 80
877 90 750
877 153 770
197 80 232
197 44 232
197 168 535
240 482 1872
240 1901 1872
1986 482 1172
957 1244 1144
957 726 1144
1955 586 1144
1955 726 1144
1955 586 95
1299 199 632
1299 366 1144
1299 199 366
1299 1144 1731
1640 632 1027
311 632 1261
311 999 1261
202 199 366
202 999 366
202 311 199
202 311 999
1720 1786 1121
1720 448 1233
1720 448 1121
1291 357 1185
1291 1786 1185
459 357 1233
459 1720 1233
2001 1121 54
2001 704 1121
2001 54 1617
2001 704 1617
1433 1982 1617
1635 704 1617
1635 1982 1617
1635 1982 704
813 1939 772
813 1982 772
1355 360 834
6 834 1731
6 1252 1731
143 1245 82
143 532 661
1153 1245 510
1153 143 1245
1153 143 335
1729 1148 1044
1729 1148 99
1729 1245 99
660 1245 510
7 1445 661
1675 710 960
1675 1974 710
1675 1974 543
1675 543 99
1675 960 99
375 1867 1798
375 1382 1798
375 775 1867
546 1382 1798
709 1212 1798
709 546 1798
709 1212 1916
709 415 144
709 1382 144
709 546 1382
267 415 144
267 682 144
478 1822 1586
478 83 1586
478 1145 886
478 1145 29
478 497 886
478 83 497
1542 724 736
1542 736 1044
1542 1169 1044
1542 1169 932
1542 724 932
2032 819 604
2032 1603 819
2032 604 1287
2032 129 1287
2032 1603 129
985 1250 130
985 1399 1250
923 239 1366
923 1366 1813
923 701 1813
923 239 1120
923 701 1120
389 476 1303
389 1039 1629
389 954 1629
389 954 1124
389 476 1124
1198 1846 969
1198 1738 1846
589 419 174
589 1091 174
589 419 1482
589 1700 1482
589 1091 1700
1535 2040 1049
1535 480 1049
949 297 1727
949 1458 297
121 1950 1829
121 1458 1950
121 949 1458
121 1727 1829
121 949 1727
998 1558 471
998 1762 51
998 471 51
998 1003 1558
998 1329 1762
998 1003 1329
30 832 1913
30 34 1913
30 34 832
839 583 1490
839 583 587
839 587 628
1234 1214 1490
1234 1214 628
1234 839 1490
1234 839 628
1736 1304 1594
1736 443 1304
25 1392 1304
25 443 1304
670 1914 1392
1319 927 112
1319 927 996
1319 686 112
1319 686 996
1751 1019 1060
1751 1018 1060
1751 1019 697
278 1858 1701
278 1018 1701
980 18 821
365 1775 816
365 1035 816
365 1817 1775
1014 1035 816
1014 1035 18
1014 416 18
1014 816 1163
1014 416 1163
1068 584 897
1446 1643 412
1446 1643 203
1702 1693 945
1702 945 1071
1702 1643 1071
1702 1643 1174
1702 1693 1174
1957 1131 1686
1957 1093 1686
1957 1109 1703
1957 1109 1131
1957 669 1703
1957 1093 669
1191 1180 342
50 980 821
50 965 1843
50 980 1843
2037 1131 965
2037 50 965
1526 1109 1131
1526 1109 1703
674 119 703
674 1006 771
674 119 1006
798 1949 107
798 630 107
798 383 1701
798 630 383
616 1505 1770
616 1505 1934
616 1365 1770
616 1365 1837
616 1934 1837
225 798 1701
1271 1505 1770
1009 1354 1359
1009 406 739
1009 406 1359
2044 1867 739
2044 1354 1867
2044 1009 739
2044 1009 1354
1758 1524 890
1758 1855 890
1758 1855 1005
1401 1945 1823
1339 895 175
1339 804 175
1339 501 733
1339 895 501
1063 804 175
814 764 1646
814 764 102
814 1184 1646
814 501 102
814 1184 501
1015 1939 772
1015 1238 772
1015 108 1939
1269 1238 810
1269 221 810
94 221 108
94 688 108
94 221 810
94 688 810
1032 1849 708
393 1849 232
393 899 232
393 1849 708
1187 899 351
1187 320 708
1187 351 320
597 876 1342
270 764 1062
270 1931 1062
270 1213 1999
270 764 1213
1430 43 80
1430 90 80
2020 877 80
1414 750 1062
1414 877 750
1414 1062 708
1414 770 708
1414 877 770
298 535 770
298 168 770
298 168 535
898 168 770
454 535 153
454 197 535
454 197 80
1485 197 168
1485 197 44
205 1823 1835
1133 1823 1872
1662 240 1901
1662 1785 261
1662 1901 1785
913 1986 1172
913 899 1172
913 899 351
913 1662 261
913 1662 1986
1973 1955 95
1973 1955 726
1973 95 1261
1973 1795 1261
1973 1795 1244
1973 957 1244
1973 957 726
1678 1252 1825
1678 842 1825
1678 1252 1731
1678 842 1731
1937 1640 1027
1937 842 1731
1734 199 632
1734 311 632
1734 311 199
196 1720 1786
196 459 1720
196 1291 1786
196 1291 357
196 459 357
1711 1433 1617
780 1433 1982
780 813 1982
780 813 1939
780 108 1939
780 1711 1433
780 108 1327
780 1327 1617
780 1711 1617
625 1252 1825
625 1355 1825
625 1355 834
625 6 834
625 6 1252
914 357 1185
914 360 357
914 1825 1185
914 1355 1825
964 532 514
964 143 532
964 514 82
964 143 82
1890 660 510
1890 660 1445
1890 7 510
1890 7 1445
1883 660 1445
1883 1445 1044
1883 1729 1044
1883 1729 1245
1883 660 1245
1427 775 1382
1427 375 1382
1427 375 775
110 682 1916
110 267 682
110 709 1916
110 709 415
110 267 415
765 478 29
765 478 1822
765 893 29
765 893 1822
968 985 1399
968 1399 129
49 1039 1303
49 389 1303
49 389 1039
1708 1738 174
1708 1198 1738
1708 174 969
1708 1198 969
484 1738 174
484 1091 174
216 484 1738
216 1738 1846
216 480 1846
216 1535 480
1465 201 1214
1465 85 539
1465 1214 85
1776 1914 522
1776 1465 201
1776 1914 539
1776 1465 539
1114 1990 522
1114 1776 522
1114 1776 201
279 1214 1990
279 201 1214
279 1114 1990
279 1114 201
766 25 266
766 266 231
766 1736 443
766 231 1594
766 1736 1594
300 670 1392
1486 1914 522
1486 670 1914
1486 231 1318
1486 522 1318
1383 1751 697
1383 697 1837
1367 1843 1163
1367 980 1843
1367 416 1163
1367 416 18
1367 980 18
1418 365 1035
1418 365 1817
1418 1817 301
1418 821 301
1418 1035 821
1188 1275 897
1188 1068 897
1188 1275 1808
1188 1068 1808
1943 584 1779
1943 1068 584
1943 1808 1779
1943 1068 1808
870 1446 412
870 1446 203
870 1008 412
870 1008 203
723 1093 1033
723 1093 669
723 1180 669
723 1191 1180
1658 1265 342
1658 1191 342
1658 723 1191
1658 1033 1265
1658 723 1033
1863 50 821
1863 2037 1561
1863 2037 50
181 2037 1131
181 2037 1561
181 1526 1131
1528 1318 703
1528 674 703
1528 771 1318
1528 674 771
693 1505 1701
693 225 1701
693 1271 1505
693 1271 225
1508 1949 1770
1508 1271 1770
1508 1271 225
496 1401 1945
496 1524 1835
496 1823 1835
496 1945 1823
1302 1758 1524
1046 962 175
1046 1063 175
1046 1293 962
1046 1293 1921
1046 1921 1327
305 733 1327
305 1046 1327
305 1046 1063
123 1015 108
123 221 108
123 1269 221
123 1015 1238
123 1269 1238
963 1342 708
963 1032 708
931 1032 1849
931 1849 232
931 249 232
931 963 1032
1887 1187 899
304 249 1342
304 597 1342
1593 270 1931
1593 43 1999
1593 270 1999
194 1430 90
194 1931 1753
194 90 1753
194 1430 43
1053 877 153
1053 2020 877
1899 1976 232
1899 1976 773
479 1976 773
479 1912 876
479 898 1976
479 524 773
479 524 876
88 898 770
88 876 770
88 1912 876
88 479 1912
88 479 898
1097 44 232
1097 898 168
1097 1976 232
1097 898 1976
1326 1133 1823
1326 1133 12
1410 1901 1785
1410 1901 1872
1410 1133 1872
1864 1785 261
1864 1095 261
1864 1410 1785
1864 1410 1133
856 1133 12
505 1986 482
505 1662 1986
505 240 482
505 1662 240
86 351 320
86 913 351
1358 1299 632
1358 811 632
1802 1299 1941
789 372 1640
789 1640 632
60 1825 1027
60 1937 1027
60 842 1825
60 1937 842
615 372 1731
615 372 1640
1995 1355 360
1995 914 360
1995 914 1355
1563 1153 335
650 985 130
650 968 985
650 1471 130
650 1471 1902
650 531 1417
650 531 1902
1263 968 129
1263 1603 1417
1263 1603 129
1263 650 1417
1263 650 968
1619 684 355
1619 1091 355
1619 484 1091
1619 216 484
1489 216 1535
1489 1619 684
1489 1619 216
1321 25 443
1321 766 443
1321 766 25
681 300 1392
681 300 266
681 25 1392
681 25 266
1772 300 670
1772 1486 670
1772 300 266
1772 266 231
1772 1486 231
544 1751 1018
544 1383 1751
903 278 1018
287 1863 821
287 821 1703
287 1526 1703
349 225 798
349 1508 225
349 798 1949
349 1508 1949
1242 496 1524
1242 496 1401
1276 1758 1005
1276 1302 1758
140 305 733
140 1339 733
140 1339 804
1193 1063 804
1193 305 1063
1193 140 804
1193 140 305
1203 931 249
1203 931 963
1203 249 1342
1203 963 1342
428 1887 1187
428 393 708
428 1187 708
428 393 899
428 1887 899
983 597 876
983 524 876
983 524 597
1142 524 773
1142 249 232
1142 304 249
1142 304 597
1142 524 597
223 194 43
223 194 1931
223 1593 43
223 1593 1931
536 1053 153
536 1053 2020
536 454 153
536 2020 80
536 454 80
1834 1485 44
1834 1097 44
1834 1485 168
1834 1097 168
603 205 1823
603 1326 1823
820 205 1835
820 12 1835
820 1326 12
820 603 205
820 603 1326
1453 856 1095
1453 856 1133
1453 1864 1133
1728 86 320
1728 1095 261
1728 856 1095
1728 856 12
1728 12 1835
1728 1835 708
1728 320 708
1467 1358 1299
1467 1358 811
946 1802 1941
946 1802 811
946 811 632
946 789 632
134 1937 1640
134 615 1640
134 1937 1731
134 615 1731
1168 1563 599
1168 7 510
1168 1153 510
1168 1563 1153
1168 7 661
1168 599 661
1740 1489 684
1740 1489 1535
1740 684 1065
1740 2040 1065
1740 1535 2040
420 544 1383
420 544 1018
420 903 1018
1115 903 278
78 1863 1561
78 287 1863
78 287 1526
78 181 1561
78 181 1526
1543 1242 1401
215 1899 773
215 1142 773
215 1899 232
215 1142 232
457 1864 1095
457 1453 1095
457 1453 1864
794 86 913
794 1728 86
1409 1802 811
1409 1467 811
1409 1802 1299
1409 1467 1299
1874 789 372
1874 946 789
1874 1166 946
1874 372 1731
1874 1299 1731
1874 1299 1941
763 1952 1563
763 1952 661
286 1563 335
286 1952 1563
286 143 335
286 143 661
286 1952 661
1249 420 903
1249 1115 903
1249 1383 1837
1249 420 1383
1249 1858 1837
1249 278 1858
1249 1115 278
971 1543 1242
971 1302 1524
971 1242 1524
1845 1276 1302
1845 971 1302
1845 971 1543
1845 1276 1005
1845 1823 1005
1845 1401 1823
1845 1543 1401
585 794 913
585 794 1728
585 913 261
585 1728 261
659 946 1941
659 1166 946
659 1874 1941
659 1874 1166
727 1563 599
727 763 1563
727 599 661
727 763 661
