 4.59459842e-01 -4.22873768e-01
 4.98003808e-01 6.84733412e-01
 -7.61733555e-01 6.59132263e-01
 -4.27379455e-02 -4.70902787e-02
 4.59456014e-01 2.78568374e-01
 3.55496673e-02 -1.18434214e-01
 2.53156389e-02 -1.03151058e-01
 -2.44111653e-02 4.71869023e-01
 1.10130528e-01 -6.00380163e-01
 -5.78389160e-01 -7.78398863e-02
 1.05401112e-01 7.65927617e-01
 2.97676640e-02 -1.09997144e-01
 7.21240760e-01 2.31309990e-01
 2.54931877e-01 -2.83633585e-03
 4.15799100e-01 -5.42741495e-01
 -7.40591706e-01 6.67263567e-01
 -3.89010182e-02 -4.88654854e-02
 2.38405812e-02 -1.00089738e-01
 -6.23114970e-01 7.14702875e-01
 -6.76180116e-01 -1.61862502e-01
 -6.45012298e-01 5.97553197e-01
 -2.42586879e-01 -2.01820967e-01
 6.04303947e-01 -1.67526082e-01
 -1.78389744e-01 -7.79009952e-01
 1.52196495e-02 -8.84605745e-02
 -1.95837142e-01 -3.96494982e-01
 -1.68525617e-02 -6.78189710e-01
 7.20433181e-01 -4.81163566e-01
 2.71515914e-02 -1.04766520e-01
 -3.07493020e-03 -6.95639430e-02
 6.38452687e-01 2.70668013e-01
 3.55718228e-01 -7.79620612e-01
 1.26767324e-02 -8.41674801e-02
 -3.33313486e-03 -6.94456555e-02
 -8.72503419e-02 6.44581807e-01
 1.14071061e-01 7.59775286e-01
 -2.80550127e-01 -3.11711031e-01
 3.26963403e-01 -4.88982187e-01
 1.34768473e-01 8.47680565e-01
 -9.29455446e-02 -7.04503991e-01
 2.27189235e-01 7.62219667e-01
 -1.06639153e-01 -3.46515896e-01
 3.26279150e-02 -1.13826941e-01
 3.15071836e-02 -1.12108659e-01
 1.26519016e-01 4.97132377e-01
 2.78325611e-01 7.71468339e-01
 3.36007472e-01 3.82481817e-01
 -1.10244925e-02 -7.02718820e-01
 3.52699823e-01 -4.87774446e-01
 2.41851414e-02 -1.00455343e-01
 -6.43247703e-03 -6.79757611e-02
 -3.28610853e-01 -9.99261089e-02
 1.04012465e-01 -8.09676549e-01
 3.46698269e-02 -1.17251560e-01
 5.35672368e-01 8.19418908e-01
 -1.73098977e-01 5.66361788e-01
 5.64725942e-02 -8.25308652e-01
 -5.03407408e-01 6.67157363e-01
 -6.71985564e-01 -1.87342057e-01
 3.61588672e-02 -1.18684489e-01
 8.94340128e-02 5.33968043e-01
 3.52050861e-01 7.86431525e-01
 9.58219668e-03 -7.61825905e-01
 -5.89059875e-01 -5.99631484e-02
 3.27200866e-01 2.17112413e-01
 4.95259676e-01 6.72855403e-01
 5.68790708e-02 8.37457065e-01
 3.66915168e-01 6.85830294e-01
 1.26980690e-02 -8.36278870e-02
 4.92166327e-01 7.28055381e-01
 -1.64917362e-01 7.76793067e-01
 -7.73269483e-02 7.93485722e-01
 -3.74057467e-02 -4.25413508e-01
 3.64375203e-01 -7.78577319e-01
 3.55592894e-01 -3.83332226e-01
 1.13954652e-01 7.02718481e-01
 2.54905040e-01 -6.35153373e-01
 2.44451343e-02 -1.00356973e-01
 -2.75542703e-01 3.08821013e-01
 3.21157984e-02 -1.12922519e-01
 -9.90452649e-02 4.30242533e-01
 2.43981888e-02 -1.02367220e-01
 2.71717074e-02 -1.05520539e-01
 5.25619349e-01 -3.61392509e-01
 1.32047096e-02 -8.61006061e-02
 3.03151910e-02 -1.11102062e-01
 6.18379433e-01 -1.02233586e-01
 3.12025497e-02 -1.12037280e-01
 -2.32552491e-01 7.00013512e-01
 3.23385706e-02 -1.13625448e-01
 -6.63187079e-01 -1.42497921e-01
 3.34540938e-01 7.29059092e-01
 4.66819048e-01 2.46721469e-01
 3.43865435e-02 -1.16141369e-01
 4.01360774e-02 -1.23944481e-01
 -4.21398614e-01 -2.24159998e-01
 3.97162709e-01 -5.29806426e-02
 1.18606502e-01 -5.91714408e-01
 2.55226183e-02 -1.04124442e-01
 -3.74942420e-01 -2.98253594e-01
 2.14173573e-01 4.95887740e-01
 3.32208916e-02 -1.14756232e-01
 -1.77463230e-01 -5.70417250e-01
 5.08577860e-01 -3.72322056e-01
 4.45361780e-01 -6.49424914e-01
 1.44590784e-01 7.35955072e-01
 1.81759828e-02 -9.16257382e-02
 3.41795845e-02 -1.16354407e-01
 -2.04248232e-01 -3.23767399e-01
 2.79384985e-02 -1.07380901e-01
 7.13854769e-01 1.50777778e-01
 2.15990552e-02 -9.60485041e-02
 -5.44658145e-02 -6.81000042e-01
 5.50644179e-01 3.44509141e-01
 -3.69755664e-01 -4.30903679e-01
 -1.16162028e-01 -2.95979646e-01
 7.78841365e-02 8.94443536e-01
 6.78441917e-01 -3.60338351e-01
 1.69386271e-02 -9.01634366e-02
 1.08118931e-01 8.24424473e-01
 -1.84735003e-04 -7.32117861e-02
 -2.31204143e-02 6.46165133e-01
 3.44242636e-02 -1.16188132e-01
 -7.79845911e-02 -6.35246592e-01
 -6.76066244e-01 -5.02271216e-01
 5.55682489e-01 -6.85694772e-01
 -2.36347302e-01 -2.52743166e-01
 6.59419197e-02 -5.30473559e-01
 4.76497961e-01 -7.21002430e-01
 4.61594280e-01 -7.68908334e-01
 -1.29668651e-01 -1.98297492e-01
 6.64175328e-01 -4.12586393e-02
 4.39407541e-01 9.58671767e-02
 3.64162677e-02 -1.19042037e-01
 5.31262993e-01 6.65789330e-01
 4.85083909e-03 -7.72299187e-02
 -5.63980391e-02 8.46665048e-01
 -6.86675909e-02 -7.89122561e-01
 4.16158524e-02 -8.26173466e-01
 3.36721476e-02 -1.15472635e-01
 3.75558034e-01 -4.34604607e-01
 1.51793269e-02 -6.96819855e-01
 2.45295948e-02 -1.02535528e-01
 2.80121989e-02 -1.07476903e-01
 -3.62194953e-01 -3.56251411e-01
 2.57776991e-01 -5.24778960e-01
 5.19759707e-01 -4.64664249e-01
 1.60172811e-03 -7.48807830e-02
 -2.64038336e-01 -2.78179769e-01
 -5.63571514e-02 3.93601808e-01
 -2.21869741e-01 -2.27007228e-01
 6.03549669e-01 8.13938937e-02
 3.17578856e-02 -1.12803013e-01
 -2.97232044e-01 -8.43039235e-02
 2.15079442e-01 -7.12002411e-01
 -1.73980155e-01 -6.70783508e-01
 5.68377621e-01 -7.82971055e-02
 7.08704109e-01 2.94447340e-01
 1.60161426e-02 -9.02782829e-02
 -5.58290305e-01 -4.99332762e-01
 -1.98912487e-02 -5.68624596e-02
 1.47192728e-01 6.68290439e-01
 -1.58263720e-01 -2.16337112e-01
 5.41897959e-01 5.14280996e-02
 -6.77551562e-01 -5.07993816e-01
 -1.23374175e-01 -8.00728343e-01
 1.09379370e-01 8.14079361e-01
 3.14116549e-02 -1.12210302e-01
 -3.52902882e-02 7.07898446e-01
 7.33781924e-02 5.22111782e-01
 -6.23625476e-01 -2.43319645e-01
 1.93981929e-01 -7.94680028e-01
 -5.74514382e-02 -4.10774374e-02
 8.68847895e-03 -7.78942988e-02
 3.38249683e-02 -1.14767454e-01
 4.38850537e-01 1.56733219e-01
 4.51678215e-02 -1.28514386e-01
 -8.14764343e-02 7.03232602e-01
 -3.02710561e-02 -7.82054041e-01
 -6.36718641e-01 -9.29719680e-03
 2.45756160e-02 -1.00485068e-01
 -6.81579399e-02 -3.75532097e-02
 5.01051021e-01 1.18812508e-02
 5.42245256e-01 7.30999013e-01
 -2.62382261e-01 -3.24521855e-02
 6.24576347e-01 7.94820934e-02
 4.63864166e-01 -2.54148814e-01
 -1.83517152e-02 -5.85157356e-02
 -3.36526916e-01 -4.36496340e-01
 4.07555842e-01 7.95986301e-01
 -2.36522536e-01 6.13970457e-02
 4.64244822e-01 4.98723195e-01
 -9.46383520e-02 -5.36175596e-01
 3.24136705e-02 -1.13772136e-01
 -1.91968967e-02 -5.73660455e-02
 3.50382688e-02 -1.17750713e-01
 3.15590455e-02 -1.12171385e-01
 5.46679027e-01 4.60335473e-01
 3.79706914e-02 -1.21157312e-01
 -7.14082440e-01 7.11585588e-01
 1.40706704e-02 -8.61490674e-02
 3.82084740e-02 -1.21416759e-01
 2.19626231e-02 -9.70160109e-02
 3.93009667e-01 5.85146285e-01
 2.95891801e-02 -1.09761079e-01
 -1.65569159e-01 -7.76174130e-01
 -3.91751609e-01 -8.60595164e-02
 4.15313907e-01 3.04062980e-01
 -3.14775590e-01 -4.94881157e-02
 2.22759330e-01 5.70915601e-01
 -7.27502166e-01 5.15158631e-01
 4.15158321e-01 5.25376051e-01
 -2.76051425e-01 -3.92743901e-01
 2.98015298e-01 -7.82099763e-01
 3.12757541e-02 -1.11819328e-01
 9.44672172e-03 -7.71885011e-02
 4.90491511e-01 6.83029706e-01
 -5.01456456e-01 -7.37442630e-01
 4.35370512e-01 -3.29514645e-02
 6.72312066e-01 -5.14682716e-01
 3.43973843e-02 -1.16159975e-01
 -3.28801660e-01 -6.32409871e-02
 3.24738556e-02 -1.13963892e-01
 8.23218031e-02 8.12439062e-01
 1.84240729e-02 -9.21113214e-02
 3.49734502e-01 5.86025877e-01
 6.46958209e-01 -3.96336743e-01
 3.61650771e-03 -7.66404468e-02
 2.39097883e-01 -8.81166698e-01
 2.94896743e-01 7.90024303e-01
 1.68294252e-02 -8.99676761e-02
 3.13233526e-02 -1.11655045e-01
 4.24057133e-01 3.99916160e-01
 -8.65536588e-01 5.09137643e-02
 3.18534684e-01 -7.07080526e-01
 -7.26695494e-01 6.89821257e-01
 2.30650109e-02 -9.85482757e-02
 5.90029940e-01 3.89232812e-01
 5.76623278e-01 -6.34909395e-01
 3.03465709e-02 -1.10450840e-01
 4.59612760e-01 -6.18226613e-02
 6.28994421e-01 1.13823945e-02
 2.75421519e-01 -7.28775925e-01
 5.02802176e-01 7.47065588e-01
 5.19508023e-01 7.26957649e-01
 3.05259226e-01 6.76876507e-01
 2.19029159e-01 7.89691071e-01
 5.06097624e-01 3.94423629e-01
 3.09644516e-02 -1.11762290e-01
 1.87966985e-03 -7.50672530e-02
 -2.23278176e-01 8.14445185e-01
 -1.57119355e-01 -7.32077792e-01
 6.68037026e-01 -4.66152550e-01
 2.54686850e-01 7.89685335e-01
 1.45183820e-01 7.10646279e-01
 6.11130601e-01 5.23512756e-01
 -1.42097917e-01 -7.11648916e-01
 -1.14754401e-01 -5.55946073e-01
 5.22461959e-01 4.22786706e-01
 5.89083692e-01 -3.81002815e-01
 3.02253776e-02 -1.10593601e-01
 1.08202269e-01 -4.08812440e-01
 -5.94115082e-02 8.13108770e-01
 9.70422008e-03 -8.01896036e-02
 -1.61567588e-02 7.79476681e-01
 1.51570389e-02 -8.79330620e-02
 2.79612682e-02 -1.07410017e-01
 -7.09939628e-02 8.88482307e-01
 -4.75228986e-01 -1.14436737e-01
 3.26279942e-02 -1.14217346e-01
 3.42624525e-01 -8.24147864e-01
 -3.09384124e-01 -6.46447268e-01
 4.50991562e-01 -5.90617559e-02
 4.98272090e-01 5.15503771e-01
 -1.16910233e-01 -7.96497257e-01
 1.02202141e-01 4.74409663e-01
 1.54560661e-01 2.60433238e-01
 1.99360915e-02 -9.37814880e-02
 1.41102285e-02 -8.60743024e-02
 5.17310896e-01 6.79572690e-01
 -4.80616922e-01 -6.85899957e-01
 -7.90963868e-02 7.97783445e-01
 3.99760076e-01 -6.32439776e-01
 -4.34302186e-02 -4.78612174e-01
 3.22271083e-01 6.31220410e-01
 2.49752130e-02 -1.02761675e-01
 2.44228533e-02 -1.00294390e-01
 8.46302666e-02 -6.41817816e-01
 6.42919487e-01 1.97292165e-01
 3.68972778e-01 8.17514538e-01
 -6.47527603e-01 -4.80980702e-01
 -5.95957765e-02 -4.04311264e-02
 -2.50204521e-01 -5.27359599e-01
 1.58515819e-01 -5.62072686e-01
 -1.83378669e-01 7.82732490e-01
 1.17866097e-02 -8.25746243e-02
 -1.16920801e-03 -7.15853269e-02
 3.13730492e-02 -1.12235402e-01
 3.33696937e-01 -7.41929801e-01
 1.49659341e-02 -8.77464613e-02
 2.40805250e-02 -9.91866130e-02
 5.17784602e-01 -1.15433987e-01
 3.32725808e-01 7.08032562e-01
 3.09811084e-02 -1.11784776e-01
 3.37341747e-02 -1.15577752e-01
 2.97630552e-01 1.41938255e-01
 1.64519114e-01 -6.54228432e-01
 -6.24444342e-02 6.76474232e-01
 9.32884372e-02 -5.16984264e-01
 -2.70934527e-01 -6.62621022e-01
 3.81405185e-02 -1.21301349e-01
 3.96138505e-01 -8.61547266e-01
 -4.59650349e-02 -4.67080320e-02
 5.66284612e-01 6.24314013e-01
 4.90327915e-01 3.85758117e-01
 -1.23555719e-02 -7.25370558e-01
 -5.65150937e-01 -4.09724895e-01
 1.56131177e-01 2.66237084e-01
 -6.28445630e-01 -1.29887267e-01
 3.03101684e-02 -1.11123769e-01
 5.54061421e-02 -7.47941997e-01
 -7.58666168e-01 6.78358935e-01
 5.57071677e-01 5.27951421e-01
 7.79535462e-02 -8.65625204e-01
 -4.93923786e-01 -2.08736902e-01
 4.83953819e-01 8.12314630e-01
 -2.48440027e-01 -7.92127890e-02
 7.72100244e-03 -7.46941082e-01
 4.27552591e-01 5.52681837e-01
 2.76627006e-01 7.72912085e-01
 4.71922822e-01 7.10158298e-01
 4.13235685e-02 -1.25678735e-01
 -6.21006088e-01 -1.90595343e-01
 4.01975491e-01 6.46553155e-01
 2.48521288e-02 -1.02948731e-01
 3.87046650e-03 -7.71100052e-02
 -8.74710872e-01 1.64129433e-01
 1.03137273e-01 -7.33475778e-01
 6.17762418e-01 1.32138764e-01
 -3.15336186e-01 -1.43498572e-01
 -1.78001631e-01 -5.39734475e-01
 2.56215907e-02 -1.00865351e-01
 6.04496243e-02 6.99653197e-01
 7.41065228e-02 8.23202800e-01
 -4.78613914e-03 7.97001544e-01
 5.72025133e-01 2.71824555e-01
 3.64841509e-02 -6.79809820e-01
 5.58379974e-01 4.94162963e-01
 1.84442336e-02 -9.19045357e-02
 -2.28549492e-01 -5.70593139e-01
 3.04637062e-02 -1.11289603e-01
 -1.04343008e-01 -4.26131616e-01
 2.14041216e-02 7.42584401e-01
 -8.75829158e-02 7.24563860e-01
 8.70720174e-03 -7.67146767e-02
 4.80554822e-01 -6.14866280e-01
 3.51840938e-02 -1.17983565e-01
 -1.77271005e-03 -7.12334910e-02
 5.72245000e-01 3.86212755e-01
 3.53093004e-02 -1.18144935e-01
 -2.94741035e-01 -4.65413166e-01
 -6.92352659e-01 7.06715609e-01
 7.09167661e-01 3.17781819e-01
 2.59427351e-01 -7.85907218e-01
 2.36529701e-02 -9.91177621e-02
 3.88466760e-02 -1.22294137e-01
 5.41357600e-01 4.64903846e-01
 1.83056984e-01 -5.05775338e-01
 5.41647752e-01 3.85979102e-01
 -1.52432587e-01 -8.20970667e-01
 2.99468338e-01 3.40578238e-01
 3.68128126e-02 -1.19883903e-01
 -6.98303140e-02 -7.50426256e-01
 4.95106550e-01 3.25805825e-01
 2.82477381e-02 -1.08056828e-01
 6.53662860e-01 1.55089066e-01
 -7.35768160e-01 1.53151162e-03
 4.68047912e-01 -4.48830492e-01
 -5.99184369e-02 7.69815141e-01
 4.94649410e-01 7.34768228e-01
 1.56460255e-01 1.03237899e-01
 4.90347541e-01 -6.78747049e-01
 1.79690005e-02 -9.14592917e-02
 1.32093254e-01 -8.30207853e-01
 5.16786712e-01 6.80154150e-01
 -1.35270386e-01 -1.24191857e-02
 1.49314101e-01 8.18242531e-01
 5.34134921e-01 8.25551616e-01
 3.82105182e-01 -5.27509664e-01
 -3.59199604e-02 -5.13709961e-02
 4.41253496e-02 6.99421684e-01
 -2.61411698e-01 -2.36741971e-01
 3.07606124e-02 -1.11446932e-01
 4.64527641e-01 -6.56118049e-01
 -1.90198741e-01 -7.25147086e-01
 2.40257410e-01 5.84995037e-01
 3.65644650e-01 -8.70593088e-01
 3.00538694e-01 -5.00824631e-01
 -3.07347360e-01 -5.45200673e-01
 6.13578913e-01 -6.32767320e-01
 -2.40136026e-01 7.30595039e-01
 -9.47771364e-02 -2.60162354e-01
 1.46788378e-01 -6.89153491e-01
 3.07451738e-01 7.54458548e-01
 4.03995674e-01 -6.45578466e-01
 2.85385714e-02 -1.08461477e-01
 7.04148066e-02 7.77361033e-01
 -2.78888537e-01 -3.15523804e-01
 2.59140123e-02 8.17397299e-01
 5.48180015e-01 6.49042469e-01
 -9.29873545e-02 -6.65571230e-01
 2.18612686e-02 -9.71844302e-02
 -4.76159511e-01 -1.92213676e-01
 -4.81789983e-02 -7.11623322e-01
 2.80146212e-02 -1.07463988e-01
 2.38116666e-02 -1.00075733e-01
 3.08114520e-01 3.27803101e-01
 -2.21329561e-01 -6.96445498e-02
 6.79698238e-03 -7.68429793e-02
 2.02124413e-02 -9.39504073e-02
 8.10932160e-02 -6.77984491e-01
 3.22251820e-01 4.40065000e-01
 2.60684330e-01 -5.76518906e-01
 1.57058095e-01 5.59111796e-01
 -8.36093324e-01 1.44922072e-01
 -8.62697712e-01 3.35872848e-01
 -2.27337623e-03 5.76809592e-01
 3.07585886e-02 -1.11445826e-01
 5.23215743e-02 5.94774766e-01
 2.20730042e-01 5.91411659e-01
 3.58739906e-03 -7.65341488e-02
 4.63547974e-01 -3.53365479e-01
 -1.67176171e-01 6.87291880e-01
 7.52966977e-01 -3.94747391e-01
 4.44425604e-01 6.59437820e-01
 -2.06995092e-01 3.15104774e-02
 6.83175834e-01 5.58813172e-02
 -7.93330544e-02 -4.14136273e-01
 -7.07908391e-01 -5.39811301e-01
 6.71503434e-01 -4.78262654e-01
 -5.20262500e-02 8.58877436e-01
 5.27722693e-01 6.37955510e-01
 1.53654699e-02 -8.87731670e-02
 -1.12750749e-01 -3.23501473e-01
 2.94657345e-01 -8.29236569e-01
 -8.17188882e-02 -6.20351311e-01
 -1.34962546e-01 -1.10857662e-01
 3.47481894e-02 -1.17357641e-01
 4.71652131e-01 7.19265591e-01
 5.44844220e-01 8.18886589e-01
 -6.80743252e-01 -6.81453727e-02
 3.67815917e-01 -8.30130747e-01
 1.31469293e-02 -5.34820995e-01
 3.17573736e-02 -1.12781153e-01
 -1.42955175e-01 7.03744076e-01
 3.76105136e-01 5.07380655e-01
 3.00111029e-02 -1.10255081e-01
 2.86062390e-01 -7.17380147e-01
 3.50274577e-02 -1.17741821e-01
 -7.72861425e-01 6.83001815e-01
 3.96666608e-01 6.58081600e-01
 -9.90140597e-02 5.73531216e-01
 4.03120055e-01 4.13770314e-01
 -5.48498551e-01 -1.47834892e-01
 5.22133867e-01 6.79165469e-01
 -7.12686732e-01 7.02828395e-01
 -1.33878232e-02 -5.71241877e-01
 -2.35285352e-01 -6.85660228e-01
 6.24615281e-01 4.15531764e-01
 -5.45760849e-01 -4.41175581e-01
 -7.14761679e-03 -6.72853539e-02
 -1.45965239e-01 -4.79655818e-01
 -1.38040428e-01 8.42443503e-01
 1.28910852e-02 -8.57461584e-02
 -6.06607337e-01 -5.78663548e-01
 3.99381139e-01 -5.32396990e-01
 3.42632568e-02 -1.15963050e-01
 2.69900888e-02 -1.05292054e-01
 3.12672665e-02 -1.11911897e-01
 1.05908774e-02 -8.10793646e-02
 6.23302426e-01 -2.06677270e-01
 3.04129816e-02 -1.10508702e-01
 4.15883690e-02 -1.25916732e-01
 8.79189908e-03 -7.79009412e-02
 1.53216996e-01 3.58942349e-01
 5.30739337e-01 -3.43134441e-01
 -1.83725138e-02 7.33253030e-01
 -2.05380743e-02 -6.23159932e-01
 1.98797136e-02 7.40227181e-01
 2.56463714e-01 4.72381519e-02
 4.02695155e-01 6.58097034e-01
 3.50739834e-01 -6.34079267e-01
 1.22592607e-02 -8.35421391e-02
 6.74253994e-01 5.43434789e-01
 -7.14614903e-01 -1.73553716e-01
 2.94007149e-02 -1.09314005e-01
 2.71375211e-02 -1.05894846e-01
 -1.19976565e-01 -6.45046096e-01
 -9.14404730e-02 -3.10060622e-02
 -1.37500288e-01 -7.79425071e-01
 3.31680919e-02 -1.15069499e-01
 -4.69546270e-01 7.96085415e-01
 -4.04100357e-01 -2.91128617e-01
 6.95141983e-01 -4.57746538e-01
 3.03921111e-02 -1.10518338e-01
 -7.20549535e-01 -5.95278167e-02
 1.94678331e-01 7.46437417e-01
 -4.89765321e-02 -4.52012657e-02
 -5.30776320e-01 -6.67469340e-01
 2.51157020e-02 -1.03295010e-01
 -5.94393707e-01 -6.13283447e-01
 4.07373653e-01 2.81215520e-01
 -5.46633816e-02 7.64863099e-01
 2.44033229e-02 -1.02351941e-01
 2.84973699e-01 -7.18907565e-01
 -5.09606255e-01 -6.05172483e-01
 -7.34525833e-02 -7.61484408e-01
 9.50850335e-03 -8.00072982e-02
 -5.71190950e-01 -1.66100468e-01
 3.86994171e-01 -7.58452305e-01
 1.20066259e-01 -5.79206436e-01
 1.45421731e-02 -8.65893087e-02
 4.58332201e-01 4.40707934e-01
 3.11097974e-02 -1.11868038e-01
 -2.86491131e-01 4.80855055e-01
 2.92116131e-01 6.30068251e-01
 2.24234832e-01 -7.25757474e-01
 -5.67800974e-03 6.86180815e-01
 -4.74567791e-01 -4.02794685e-01
 -5.19618198e-01 -3.59906428e-01
 4.10200100e-01 -7.33202808e-01
 2.48313793e-02 -1.02096651e-01
 -4.88426227e-01 -2.98965706e-01
 -5.72740526e-01 -5.50122333e-01
 3.14984196e-02 -1.12386122e-01
 3.18209504e-02 -1.12864713e-01
 3.53459732e-01 1.44721707e-01
 7.41482021e-01 8.99921480e-02
 1.31287633e-02 -8.63246360e-02
 3.08169200e-01 -4.88490804e-01
 -3.05785386e-01 7.90841458e-01
 3.38702567e-02 -1.15759100e-01
 2.81652122e-02 -1.07965061e-01
 2.03390210e-02 -9.42019608e-02
 6.24014131e-01 5.71316817e-01
 2.83022598e-02 -1.07646478e-01
 -7.81758125e-02 -3.51072208e-01
 1.74733471e-01 2.78440677e-01
 -3.72774213e-01 -3.08299575e-01
 -6.57918047e-01 -1.53258081e-01
 3.52498237e-01 -4.82100577e-02
 4.78556136e-01 -2.12771982e-01
 2.81914144e-02 6.10585598e-01
 1.01449721e-02 -6.56169231e-01
 5.08770551e-01 8.31028200e-01
 4.14655401e-01 -7.94505239e-01
 -3.21515011e-01 -1.70054185e-01
 -1.63499031e-01 -6.26079741e-01
 -2.26643404e-02 3.71129958e-01
 4.78176590e-03 7.81047665e-01
 -4.34779569e-01 -4.23259794e-01
 1.66100200e-01 -8.21283972e-01
 8.31526795e-02 -5.61626514e-01
 3.10903722e-01 -6.79144691e-01
 4.15326533e-02 -1.25878799e-01
 1.54111242e-01 5.42551144e-01
 3.57465724e-01 8.07704751e-02
 1.48823724e-01 2.25455948e-01
 1.99984075e-03 8.09305814e-01
 -2.66486222e-01 -2.81975177e-01
 -1.67997817e-01 -6.75583259e-01
 1.54283026e-01 2.43925013e-01
 -2.68284299e-01 -1.87575730e-01
 2.41843929e-02 3.81484918e-01
 3.31573114e-02 7.51363926e-01
 -6.27183038e-02 -3.96779495e-02
 3.31208032e-01 -7.72146052e-01
 -7.12930934e-02 -7.32125845e-01
 3.04512714e-01 -5.82663881e-01
 7.92028346e-02 3.48353647e-01
 3.52818359e-01 -7.61189864e-01
 -7.26109526e-01 7.00197333e-01
 1.27181746e-02 -8.41898257e-02
 2.26751706e-02 -9.83808869e-02
 3.02896432e-02 -1.11007540e-01
 4.02823584e-02 -1.24347465e-01
 1.27618124e-02 -8.47160275e-02
 5.04026879e-01 7.29684165e-01
 7.35371655e-03 -7.67285022e-02
 5.30300716e-01 -6.52819402e-02
 3.55305861e-01 -6.50493743e-01
 3.92540126e-01 6.57062263e-01
 8.57148995e-03 -7.61789780e-02
 -2.17872097e-01 -6.41283550e-01
 3.09724924e-01 4.71867299e-01
 9.23619022e-02 -5.81327638e-01
 3.10049993e-02 -1.11816349e-01
 -1.92845739e-01 6.96222118e-01
 2.51407323e-02 -1.02859750e-01
 -6.72427606e-02 5.38207544e-01
 6.90297587e-02 5.87222746e-01
 -3.28177803e-02 -6.84531909e-01
 2.96366184e-02 -1.09793449e-01
 4.66787599e-01 -6.82717320e-01
 -3.79725924e-02 -8.36101485e-01
 -5.22647382e-01 -3.49287149e-01
 5.75019958e-01 6.30990140e-01
 -1.07804782e-01 -4.12732454e-01
 -7.53277440e-02 -7.89483896e-01
 4.84795049e-01 -3.82181581e-01
 -7.59516295e-01 -1.95038224e-01
 6.71339332e-01 4.75713416e-01
 5.75430629e-01 -6.44339323e-01
 1.12553889e-02 4.21515468e-01
 3.65242174e-02 -1.19214998e-01
 1.91196423e-02 -9.22213875e-02
 4.57527655e-01 1.09024400e-01
 -2.84699049e-01 -1.24508742e-01
 8.46305279e-03 -7.62921600e-02
 3.48798787e-01 5.11053992e-01
 1.92547261e-01 8.29014230e-01
 -6.56729182e-01 -4.02501366e-01
 -3.06061984e-01 -1.24153603e-01
 -1.15294260e-01 7.45091972e-01
 3.55246638e-02 -1.18397645e-01
 -8.68572138e-01 3.46319425e-01
 -4.05743530e-01 -5.27211358e-01
 1.28734302e-02 -8.50103572e-02
 1.53809623e-01 8.14793025e-01
 1.81746226e-02 -9.16282870e-02
 3.28753481e-01 5.84322235e-01
 3.77431869e-02 -1.20789453e-01
 5.46732015e-01 -7.40894560e-01
 1.25742768e-01 8.47312423e-01
 -1.82356031e-01 1.67158413e-02
 2.32765139e-01 7.68991389e-01
 -2.89773287e-01 -4.29936018e-01
 -1.45172576e-01 9.00000000e-01
 1.73458626e-01 -8.67849890e-01
 6.20845468e-01 6.22974825e-01
 -5.99527905e-03 5.49217564e-01
 2.96139401e-01 5.75305303e-01
 -3.02384165e-01 -3.85441263e-01
 6.27964197e-01 5.37945892e-01
 -9.85337032e-02 -7.60068528e-01
 -5.02185266e-02 7.89360203e-01
 2.57947542e-01 7.52545794e-01
 -2.51635899e-01 -5.28582013e-01
 4.78421587e-01 -5.93670296e-01
 4.54103048e-01 -7.47377009e-01
 -1.79825341e-01 -5.95653286e-01
 -4.69414044e-01 -5.78409549e-01
 -4.23816351e-02 -8.15538138e-01
 2.87722733e-01 -7.90968273e-01
 2.38242289e-01 -7.31621661e-01
 -1.28051186e-02 -7.09824314e-01
 -2.23551555e-01 -8.80059468e-02
 -1.83899398e-02 7.56144238e-01
 3.70975910e-02 -1.20200083e-01
 2.52669734e-02 -1.03470419e-01
 2.51218709e-02 -1.02377473e-01
 -6.39722568e-02 -3.91071791e-01
 -3.05320314e-01 -5.20486198e-01
 3.04604934e-01 2.85213841e-01
 -3.72022637e-01 -3.23865930e-01
 -6.07734606e-01 -1.27729793e-01
 -5.60407347e-01 -2.24135882e-01
 2.03568783e-01 4.78727796e-01
 2.53238478e-02 -1.00559272e-01
 1.48857288e-02 -8.75786708e-02
 6.99099749e-01 4.93578157e-02
 5.32199508e-01 5.20872118e-01
 7.11672049e-01 1.94408634e-01
 1.69595406e-02 -9.01796169e-02
 3.46185543e-01 -9.51168564e-02
 2.56872733e-01 -6.84327786e-01
 -4.38732425e-01 -3.14450186e-01
 4.88951919e-01 -4.27099075e-01
 -3.97951644e-01 -4.03595358e-01
 6.33228315e-01 -2.23603921e-01
 1.50794324e-02 -8.82107311e-02
 2.79205976e-02 -1.07370978e-01
 -3.20405471e-01 -2.46475894e-01
 9.23380188e-03 -7.62284348e-02
 -3.99319162e-01 -1.07929794e-01
 2.10509588e-02 -9.59934171e-02
 -1.56999029e-01 -4.88122659e-01
 3.43553805e-02 -1.16077543e-01
 2.27776081e-01 7.39679120e-01
 9.49331448e-02 -6.87023864e-01
 -2.07921874e-02 6.28701488e-01
 5.08815311e-01 -2.01603356e-01
 1.84339303e-02 -9.21241942e-02
 2.74098991e-01 -6.20348313e-01
 -4.03589645e-01 -2.60944364e-01
 5.73213422e-01 -1.44365769e-01
 2.09131322e-02 -9.46094724e-02
 -1.17606958e-02 -6.34466011e-02
 -1.46337001e-01 -3.96594770e-01
 6.11774294e-01 -3.77989870e-01
 5.85814049e-01 -6.24202283e-01
 5.59226461e-01 4.98075774e-01
 1.69713527e-02 -9.01593183e-02
 3.45901136e-02 -1.17131282e-01
 5.11739664e-01 7.62241113e-01
 2.58243982e-01 5.62767901e-01
 6.34045720e-01 -5.16329669e-01
 3.06096560e-02 -1.11595681e-01
 2.82822773e-02 -1.07584439e-01
 2.77706229e-02 -1.06644299e-01
 -4.31596540e-01 -5.26098746e-01
 -9.47303118e-02 5.20393163e-01
 4.44816224e-01 7.10456980e-01
 -1.87120854e-01 -7.22094234e-01
 -2.05152413e-01 3.31167924e-02
 1.45711251e-01 1.16895836e-01
 -1.43060861e-01 -3.24054916e-01
 1.00899786e-01 4.23702979e-01
 -7.44039718e-02 8.80415905e-01
 2.84140860e-01 -7.75912883e-01
 2.99003121e-01 7.30709483e-01
 1.62246272e-01 6.96582922e-01
 2.53665715e-02 -1.00758171e-01
 2.62093885e-02 -1.04649067e-01
 5.84325870e-01 3.38625880e-01
 3.98451326e-02 -1.23568352e-01
 2.51268726e-02 -1.02847083e-01
 9.02154823e-02 8.18537075e-01
 -2.34668631e-02 8.18048879e-01
 -1.91172651e-01 -6.09494718e-01
 1.37052951e-01 -7.40347943e-01
 4.30983758e-01 6.30204388e-01
 3.33680593e-02 -1.15352341e-01
 1.42373438e-01 2.55833493e-01
 -3.12621013e-01 -7.03257621e-01
 2.61636452e-02 -1.04512430e-01
 -5.85581730e-01 -6.32069464e-01
 -1.54457495e-01 -8.01987213e-01
 2.84783839e-02 -1.08407548e-01
 -3.17652094e-01 -3.10700023e-01
 -8.27013437e-03 8.08365398e-01
 8.20462327e-02 7.02818194e-01
 1.33218878e-01 7.65770996e-01
 1.36590727e-02 -6.65157024e-01
 7.95800796e-02 8.59834984e-01
 1.54164393e-01 6.08639262e-01
 7.00581377e-01 -4.56017862e-01
 3.63740385e-01 7.63892003e-01
 3.87617699e-01 7.78687097e-01
 3.19987588e-02 -1.13534761e-01
 -3.81819912e-01 -2.50613654e-01
 5.81735098e-01 4.23471845e-01
 -1.73751338e-01 -7.29259270e-01
 5.72957286e-01 7.49032090e-01
 3.18364229e-01 7.31985137e-01
 -1.03857660e-01 -8.05388335e-01
 -1.09120104e-02 -7.37694769e-01
 5.19638140e-01 7.26407268e-01
 4.32049788e-01 1.39179978e-01
 -3.92775894e-01 -4.84182192e-01
 -4.75473057e-01 -3.26854822e-01
 6.65187706e-01 2.98650610e-01
 2.51141588e-02 -1.02838308e-01
 3.30721098e-02 -1.14953081e-01
 2.71567399e-02 -1.04768259e-01
 1.56084187e-02 -8.88881720e-02
 1.63536409e-02 -9.01972519e-02
 1.43517501e-01 1.99110928e-01
 2.58515456e-01 4.76193975e-01
 3.12485402e-02 -1.12119167e-01
 1.78103611e-02 -9.12625983e-02
 3.45179190e-02 -1.16331218e-01
 3.12597874e-02 -1.11839098e-01
 2.18476398e-01 -8.68867317e-01
 2.82044646e-02 -1.08019715e-01
 -1.04642101e-01 -6.30115641e-01
 3.32433237e-01 -7.04832054e-01
 2.42536593e-01 -7.35985018e-01
 5.85402543e-01 8.67764969e-03
 3.44853324e-02 -1.16988156e-01
 3.98601827e-01 -7.25622180e-01
 -6.30159552e-01 -1.87205962e-01
 1.26702114e-01 7.02185934e-01
 -1.70509601e-01 7.78890334e-01
 -3.25619235e-02 -7.97891850e-01
 5.75303034e-02 -5.80606378e-01
 2.38723858e-01 -8.74150405e-01
 -2.43825005e-01 -7.89212690e-01
 3.67977894e-02 -1.19592274e-01
 -1.65670820e-01 -1.28171025e-01
 3.38142299e-02 -1.15892024e-01
 6.26570817e-01 2.25843524e-01
 4.72572497e-03 -6.17018639e-01
 3.03008705e-02 -1.11021290e-01
 -7.11264368e-01 -4.43965393e-01
 -4.47168753e-02 -7.11969429e-01
 2.81793016e-01 5.50736988e-01
 1.81952283e-02 -9.16848717e-02
 -1.73031340e-01 -9.99929442e-02
 -1.26769047e-01 -7.61691439e-01
 3.20164487e-01 -7.79686121e-01
 5.06139827e-01 -6.52913240e-01
 2.77810889e-03 -7.60493821e-02
 3.36826115e-02 -1.15465314e-01
 4.02789530e-01 9.09759008e-02
 -2.52893996e-01 -6.20053657e-01
 1.37185448e-01 1.49634642e-01
 3.88059184e-01 -7.38722290e-01
 -8.96360523e-01 8.73136751e-02
 3.44052895e-02 -1.16137572e-01
 3.73516590e-02 -1.20494290e-01
 -2.78203823e-02 8.52817006e-01
 3.44675575e-02 -1.16587110e-01
 3.31100540e-02 -1.15000999e-01
 6.14174317e-01 3.73332065e-01
 2.37394469e-02 -9.99698812e-02
 2.54616236e-01 -7.90456191e-01
 -1.45065923e-01 7.95696466e-01
 4.54114700e-01 -6.79809386e-01
 2.95993787e-02 -1.09790606e-01
 2.43135577e-02 -1.00123985e-01
 1.48955313e-01 -7.53992013e-01
 2.97247696e-01 -5.80547319e-01
 2.64952988e-01 3.09280188e-01
 3.92710122e-01 3.12488991e-01
 -4.27905257e-02 -3.02471470e-01
 -5.42131383e-01 -3.87023145e-01
 1.23159177e-02 -8.32011904e-02
 8.29167805e-02 -6.65725981e-01
 -5.37475432e-01 -6.84460679e-01
 -6.84702894e-01 -4.08752188e-01
 -2.66678177e-03 -6.97327288e-02
 -2.66119259e-01 7.13471793e-01
 3.54586509e-02 -1.18335216e-01
 5.23862689e-01 -6.21013195e-01
 2.43154303e-02 -7.94355259e-01
 1.95518858e-01 5.44042799e-02
 3.09012536e-01 7.47015221e-01
 1.28036263e-02 -8.47814314e-02
 -1.05243694e-01 -3.14814465e-01
 1.29312263e-01 2.87135485e-01
 3.59922996e-02 -1.18744234e-01
 1.20032171e-01 -6.00033345e-01
 -3.05380599e-01 -5.57049167e-01
 -1.02849684e-01 -5.29640132e-01
 2.03089345e-01 6.11832076e-01
 -1.55790910e-01 -6.97602969e-01
 6.58013353e-01 -4.07540615e-01
 -3.37115163e-01 -1.83627663e-01
 -2.68507120e-01 -4.18852469e-01
 -1.76233678e-01 1.40392982e-02
 -1.90817474e-01 -5.79869964e-01
 -3.35374197e-02 7.07623685e-01
 4.71499982e-01 7.72625946e-01
 -5.01791591e-01 -2.49812575e-01
 2.99654971e-02 -1.10201633e-01
 -1.26342692e-02 4.73698682e-01
 2.70938329e-01 7.31157630e-01
 -6.82232591e-01 -4.78572890e-01
 5.41940444e-01 -4.07768059e-01
 1.47242913e-01 -4.72633766e-01
 -6.65615842e-01 6.32453640e-01
 3.48455047e-02 6.77880191e-01
 6.71561088e-01 3.02222590e-01
 2.38384759e-01 -7.48049229e-01
 3.25117387e-01 -3.82522333e-01
 5.91068482e-01 -5.62168036e-01
 7.06253847e-01 2.48146351e-02
 -2.68306911e-01 7.40866849e-01
 2.19700198e-02 -9.70554287e-02
 -2.95432088e-01 -1.30592446e-01
 3.97787061e-01 6.39361106e-01
 -3.29522508e-01 -7.05489436e-01
 6.99226055e-01 4.45667314e-01
 5.96076887e-01 1.56845080e-01
 3.11123116e-02 -1.11925842e-01
 3.19591836e-02 -1.13443932e-01
 -3.94985175e-01 -6.73531834e-01
 6.06352409e-01 -2.42574960e-03
 -1.67224556e-02 -5.90429561e-02
 4.40038200e-01 4.66838730e-01
 -4.08995594e-02 -4.39766837e-01
 -2.91307868e-02 -5.92712925e-01
 2.51340693e-03 7.94220439e-01
 -8.18251035e-01 2.23686131e-01
 2.66350178e-02 -1.05204821e-01
 -7.02975989e-01 -1.13821453e-01
 3.16499601e-01 1.44454210e-01
 3.32763848e-01 7.45136386e-01
 2.90062429e-02 -1.09046224e-01
 6.73582487e-01 5.04881597e-01
 3.56474537e-01 7.39306642e-01
 2.71777694e-02 -1.04759092e-01
 -5.36497391e-02 -4.30535426e-02
 3.36085099e-02 -1.14726534e-01
 3.23038700e-01 -7.48319255e-01
 2.28761865e-02 -9.83271142e-02
 3.13964120e-02 -1.12033605e-01
 3.07539493e-02 -1.11417402e-01
 1.07401960e-02 -8.15673093e-02
 -2.98411277e-01 -4.88454620e-01
 -5.05224074e-01 -6.39057373e-01
 2.00060851e-02 -9.37537358e-02
 5.82033131e-01 -7.09365391e-03
 4.77879606e-01 4.91897622e-01
 -3.79557355e-01 -2.81344835e-01
 1.61137206e-01 -7.08884280e-01
 6.80864721e-01 -4.68877592e-01
 6.36852094e-01 1.30915286e-01
 -5.19599300e-01 -6.63654199e-01
 1.81647722e-01 6.19463078e-01
 -1.57573764e-01 7.74950678e-01
 3.04274313e-02 -1.10886272e-01
 3.53426673e-02 -1.18137258e-01
 -3.36163530e-01 -5.84744384e-01
 2.48619394e-01 7.24599602e-01
 -1.45213406e-01 -4.47201060e-01
 -3.86607523e-02 -7.60518464e-01
 -8.35552760e-01 -1.56071636e-01
 -7.79953801e-01 6.80373920e-01
 -1.96501005e-01 -7.77087189e-01
 6.48061531e-01 2.27765162e-01
 5.85332097e-01 -6.24814559e-01
 -1.01848741e-01 -7.45855569e-01
 5.05296267e-02 3.73950382e-01
 -4.22932108e-02 7.81418556e-01
 2.15630335e-02 -9.70058763e-02
 9.80980443e-02 8.59681538e-01
 5.18235094e-01 8.38472671e-02
 -4.38514370e-01 -2.65547047e-01
 3.09309674e-02 -1.11737055e-01
 2.62209000e-02 -1.04688879e-01
 -8.29661546e-02 -6.58152466e-01
 -4.84795334e-03 -5.95620790e-01
 1.13539675e-02 -8.25517848e-02
 -3.54523415e-01 6.57377915e-01
 -2.12666586e-01 7.62419033e-01
 5.42723698e-01 6.36251227e-01
 2.75049997e-01 7.77483760e-01
 3.74393813e-03 -7.65602093e-02
 6.93164496e-01 -4.22664822e-01
 -6.81949922e-02 -7.82196056e-01
 -2.64964084e-01 7.86078127e-01
 -6.90030306e-02 -3.70592227e-02
 2.22805597e-02 -9.76303394e-02
 3.70791761e-02 -1.20154188e-01
 -3.69760398e-01 -4.74313545e-01
 2.16574059e-01 -9.00000000e-01
 -4.10542602e-04 -7.28409458e-02
 -3.79820376e-01 -6.57524287e-01
 -9.72269580e-02 -2.98684062e-01
 5.33047927e-01 -7.61812979e-01
 -2.90143070e-01 -5.75854086e-01
 3.42731762e-01 -5.82026812e-01
 5.14498765e-01 -7.22185970e-01
 -1.82762677e-01 -7.23598108e-01
 3.95365947e-02 -1.23201187e-01
 1.48841153e-01 -6.54875014e-01
 -4.09850654e-01 -4.22089909e-01
 2.72187611e-02 -1.06520183e-01
 -5.12711805e-02 -4.36710490e-02
 3.42671307e-02 -1.15959163e-01
 3.09316460e-02 -1.11763611e-01
 2.44575944e-02 -1.02390028e-01
 2.42347538e-02 -1.00604720e-01
 1.62247405e-01 2.96781765e-01
 -9.00000000e-01 3.90553095e-01
 4.62972742e-01 -7.36223575e-01
 9.30448610e-03 -7.97175581e-02
 -6.74764249e-01 -9.11705197e-02
 2.92662731e-02 -1.09134449e-01
 -2.39508867e-01 -6.93217368e-01
 6.37693458e-01 1.92996176e-01
 2.55194367e-02 4.88339433e-01
 -7.71124653e-01 6.37219664e-01
 -1.12533753e-01 5.97983887e-01
 5.16598791e-02 7.99023610e-01
 -5.70829007e-01 -6.26988019e-01
 4.84456984e-01 7.56682122e-01
 2.38471734e-02 -1.00120684e-01
 -3.37712941e-01 -4.36694038e-01
 2.46471709e-01 -6.18338822e-01
 3.10902236e-02 -1.11882721e-01
 1.22661136e-02 8.22086148e-01
 4.83500789e-01 -7.58722070e-01
 -1.46998415e-01 7.79165906e-01
 2.21621563e-01 6.97983883e-01
 2.10402240e-01 -8.29024216e-01
 1.30107474e-01 7.26059954e-01
 -2.23665995e-01 -4.51707278e-01
 5.06394548e-01 7.25591830e-01
 4.90463734e-01 7.20744642e-01
 -8.27749886e-01 9.97738644e-02
 1.37498695e-01 4.12739887e-01
 1.30230008e-01 1.10318339e-01
 2.09920745e-02 -9.61356461e-02
 1.95028074e-01 -5.85618527e-01
 -7.82542384e-03 -6.67780467e-02
 3.82306338e-02 -1.21422838e-01
 -1.20932494e-01 -6.94345823e-01
 3.77036345e-01 -6.08754084e-01
 3.38341443e-02 -1.15721653e-01
 -7.38166676e-03 -6.67786941e-02
 -2.40524437e-01 -5.80847790e-02
 2.91996031e-02 -1.09022445e-01
 1.62844843e-02 -9.02786045e-02
 4.44718525e-01 7.36549114e-01
 2.19302295e-02 -9.69965785e-02
 2.84600891e-02 -1.08355235e-01
 3.38058017e-02 -1.14454672e-01
 2.05582344e-01 -5.51745939e-01
 -7.87759721e-01 6.07733286e-01
 -1.57121084e-01 -7.32409057e-01
 2.37977806e-02 -1.00044933e-01
 3.44704649e-02 -1.16258442e-01
 9.84110761e-03 -8.04409163e-02
 2.53181813e-01 4.03072085e-01
 1.99651381e-02 -9.38271987e-02
 2.09173568e-02 -9.46286958e-02
 6.14935894e-01 4.90918846e-01
 1.78270425e-01 5.94668951e-01
 5.50351645e-01 7.29689035e-01
 4.81917140e-01 6.68461530e-01
 4.44166238e-01 6.52623277e-01
 3.05370947e-01 -5.62847576e-01
 5.37047187e-01 3.34146238e-01
 3.38379404e-02 -1.14477168e-01
 -3.84229777e-01 6.20422572e-01
 -3.15202893e-02 -5.39595140e-02
 -2.12380057e-01 -4.85782264e-01
 4.22957726e-01 5.73821889e-01
 3.09121782e-02 -1.11735796e-01
 2.48217982e-02 -1.01323646e-01
 -2.47441428e-01 -1.75727254e-01
 2.40007914e-02 -9.95147357e-02
 -1.40055230e-01 -5.80215106e-03
 -2.07360791e-01 -3.27261096e-01
 3.34876130e-01 -7.70447910e-01
 3.47665700e-01 -4.88039732e-01
 -1.13212093e-02 -7.80557767e-01
 5.32875396e-01 -2.35005536e-02
 5.09512166e-01 6.81595506e-01
 1.95640700e-01 7.72737627e-01
 2.65085655e-02 -1.04156134e-01
 -4.30243856e-01 -1.06686608e-01
 3.37945494e-02 -1.15651617e-01
 4.97481260e-01 5.23401490e-01
 -4.01788501e-02 6.59945075e-01
 1.02212416e-02 -7.58705455e-02
 5.83195699e-01 4.60569506e-02
 -3.20666073e-01 -3.52816562e-01
 -3.66131742e-01 -6.11162305e-01
 3.18118893e-02 -1.12881994e-01
 2.59626980e-01 -7.56561171e-01
 -8.32368054e-01 3.91843687e-01
 -1.78487179e-01 7.18153979e-01
 9.38534048e-03 4.62390138e-01
 5.76873596e-01 1.63818613e-01
 4.49262352e-01 9.66039353e-02
 2.08811711e-02 -9.58179739e-02
 -8.01224908e-01 2.81443242e-01
 3.20024969e-02 -1.13569898e-01
 3.37576505e-02 -1.15597076e-01
 6.59834502e-01 -7.55953518e-02
 9.59518209e-03 -7.59137745e-02
 -1.58564615e-01 7.50913879e-01
 5.94069282e-01 -4.12775852e-01
 2.26115753e-02 -9.79588273e-02
 3.86847821e-01 7.58834604e-01
 -6.37431120e-01 -2.09470361e-01
 2.27848732e-02 -9.75159284e-02
 4.43401056e-01 -4.10840593e-01
 6.26974927e-01 7.39366965e-01
 1.14532122e-01 5.89550111e-01
 7.22923333e-03 -5.40772737e-01
 6.97281999e-01 -1.92423736e-01
 2.97929233e-01 7.88080822e-01
 1.45926459e-01 4.50972465e-01
 3.30360849e-01 6.90248787e-01
 2.37441055e-01 1.26009317e-01
 2.30290970e-01 -4.70524497e-01
 3.29476125e-01 -8.48606861e-01
 -1.58451069e-03 -3.90168232e-01
 3.50270866e-01 4.64816539e-01
 2.61547727e-01 -5.48297071e-01
 4.70570849e-01 7.13752021e-01
 -6.89393853e-01 -9.84691140e-02
 -2.77080288e-01 8.17944350e-01
 5.15407944e-01 7.24969492e-01
 -1.37535037e-01 8.02662748e-01
 8.35426710e-03 -7.71275734e-02
 4.21396888e-01 -6.02490571e-01
 2.48978921e-02 -1.00700172e-01
 -6.50508025e-01 -5.49116309e-01
 3.00090479e-02 -1.10256142e-01
 -1.65460254e-01 -7.18750609e-01
 3.14431514e-02 -1.12062266e-01
 -5.19168270e-01 -2.21773674e-01
 -3.13040551e-01 -2.89678084e-01
 6.20520363e-01 -2.59769445e-01
 2.86760897e-01 -4.82972322e-01
 4.10504774e-02 -1.25352404e-01
 -1.54940552e-02 -6.00439922e-02
 1.64201851e-01 7.61100466e-01
 -5.57604523e-01 -6.89173500e-01
 1.67959644e-01 4.03940418e-01
 6.79961213e-01 1.50151187e-01
 1.61991653e-01 2.48273774e-01
 2.47058455e-02 -1.00471580e-01
 -3.63034506e-01 -4.68921277e-01
 -1.16608378e-02 -6.37988955e-02
 -5.64323292e-01 -3.02526342e-01
 5.03285790e-01 5.62010364e-02
 1.44707773e-02 -8.65245718e-02
 1.99834870e-02 -9.37391842e-02
 3.47289352e-01 7.95575649e-01
 4.23359248e-01 -5.98670231e-01
 -1.78070089e-01 -5.89295460e-01
 6.83728534e-01 3.99137056e-01
 5.98858525e-01 -6.43296258e-01
 3.46936976e-02 -1.17065439e-01
 -1.20110481e-02 -6.32538321e-02
 6.85281838e-01 -1.47306325e-01
 4.00415487e-01 -5.89595940e-01
 -6.97954711e-02 -6.98712447e-01
 4.95293915e-01 4.76417471e-01
 -2.05453062e-01 -3.83770326e-01
 -4.40109226e-01 -1.20869722e-01
 3.67391313e-01 7.32323371e-01
 -3.75723970e-01 -3.67775047e-01
 2.46162374e-02 -1.00596493e-01
 4.15640780e-01 6.81300729e-01
 3.01460007e-02 -1.10156130e-01
 1.41604399e-01 -8.30174215e-01
 3.34547153e-02 -4.40599475e-01
 1.24727804e-01 8.31119262e-01
 -7.26729639e-02 6.38696205e-01
 4.47762522e-02 -1.27994013e-01
 8.51234574e-02 6.94349369e-01
 -3.10269959e-01 -5.24853788e-01
 -2.67707504e-01 -4.85107485e-01
 3.12476136e-02 -1.11796388e-01
 -7.32370906e-03 -6.68297200e-02
 3.94001260e-02 -1.23226348e-01
 2.66258808e-02 -1.05159805e-01
 2.96654394e-01 6.34323242e-01
 2.71815526e-02 -1.05898877e-01
 2.56894693e-02 -1.04248683e-01
 7.25574228e-01 -3.02695867e-02
 6.81280594e-01 5.21631835e-02
 6.41109443e-01 5.34137536e-01
 -4.91166762e-01 6.53847086e-01
 2.48541829e-02 -1.02985918e-01
 -5.05022240e-01 -6.08336793e-01
 -3.64125445e-02 -3.79351953e-01
 -3.16130521e-01 -4.41239872e-01
 7.34346755e-01 -4.70416367e-01
 -2.24927671e-01 7.53167828e-01
 4.98498497e-03 -7.71970174e-01
 3.71930226e-02 3.26571140e-01
 -6.88926926e-02 -5.75028364e-01
 -1.73001830e-01 -1.92852430e-01
 2.37735006e-02 -1.00085399e-01
 3.47656303e-02 -7.92389814e-01
 -3.62461622e-01 -2.29829837e-01
 3.70557951e-02 -1.20146063e-01
 3.43077799e-01 -8.78729421e-01
 2.52338236e-02 -1.03035681e-01
 2.63005186e-02 -1.04729526e-01
 1.95970150e-01 6.10311862e-01
 -2.63967480e-01 -2.24539512e-01
 3.05755796e-02 -1.10740858e-01
 -2.88018951e-01 -2.95680252e-01
 2.19037943e-02 -9.74902289e-02
 -3.57576549e-02 -5.13240189e-02
 -2.40498231e-01 -1.82604211e-01
 2.69301565e-02 -6.71598639e-01
 -5.08799518e-02 -4.38355356e-01
 4.56418186e-01 -2.66976714e-02
 2.54373712e-02 -1.00624429e-01
 -1.17221611e-01 7.56645019e-01
 -1.49716382e-01 -1.47043673e-01
 -3.71304714e-02 -7.39879719e-01
 3.31563938e-02 -1.15061486e-01
 3.51900752e-02 -1.17911997e-01
 -1.28696250e-02 -7.75592509e-01
 3.05849473e-02 -1.11542670e-01
 2.26458991e-02 -9.78986435e-02
 1.58159886e-01 8.94525775e-02
 5.90254181e-01 4.75545111e-01
 2.55233121e-02 -1.00788565e-01
 5.20522980e-01 6.93349753e-01
 3.36956130e-02 -1.15503056e-01
 5.30529254e-01 -2.68203070e-02
 -2.78165418e-01 -5.23963082e-01
 3.40862616e-02 -1.15942206e-01
 -3.21645273e-01 -1.38334879e-01
 9.26078751e-03 -7.89786482e-02
 -6.24166377e-01 -2.56693197e-01
 -1.23742528e-02 -7.86861472e-01
 6.94150403e-01 -3.62666230e-02
 -1.56719949e-01 -2.65195084e-01
 3.09532725e-02 -1.11762663e-01
 3.32748680e-01 -7.89237352e-01
 5.46092265e-01 -3.87361188e-01
 4.70081996e-01 -2.66413104e-01
 1.64531117e-01 3.48913685e-01
 5.15686195e-01 7.89933739e-01
 5.56325576e-01 7.69560745e-01
 -4.79388393e-02 8.82129579e-01
 -6.97918869e-01 -7.78467816e-02
 2.78344460e-02 -1.06771903e-01
 3.28111575e-02 -1.14411354e-01
 1.37882222e-02 -8.59191934e-02
 2.46052221e-01 7.13187080e-01
 5.64779435e-01 7.15875907e-01
 4.55526602e-01 6.28919918e-01
 3.13232992e-01 3.06213753e-01
 -2.49791389e-01 -2.84134468e-01
 1.56200956e-02 -9.00352541e-02
 4.81014271e-01 4.07136364e-01
 1.61508798e-01 -6.68335028e-01
 -6.71753766e-02 -6.30506150e-01
 -1.85083376e-01 -7.66074510e-01
 1.87680855e-01 -5.83150282e-01
 -8.57542634e-02 -7.60198161e-01
 -1.88066163e-01 2.09781873e-02
 2.12947964e-01 -8.22920948e-01
 2.38247540e-01 7.69086674e-01
 7.09750448e-01 -3.99230532e-01
 -2.54307306e-01 -1.39478763e-01
 3.99070754e-01 -1.59780985e-01
 3.49005744e-02 -1.17598469e-01
 1.28740500e-02 -8.49331923e-02
 -2.88842220e-01 -7.36570543e-01
 5.50775635e-01 -7.40704147e-01
 -4.49010386e-02 7.85143217e-01
 3.44695690e-02 -1.16237579e-01
 -3.85852893e-01 -3.12259220e-01
 3.47153804e-01 2.16250565e-01
 3.26596473e-01 4.89702594e-01
 2.93001983e-02 -1.09175365e-01
 1.16228747e-01 -6.54837960e-01
 3.93631300e-02 -1.22960700e-01
 2.54246904e-02 -1.03950608e-01
 2.03384666e-01 -7.59653418e-01
 -9.07992825e-02 -4.01155999e-01
 3.60315989e-01 3.50153794e-01
 1.96739823e-02 -9.31698982e-02
 4.93892332e-01 -7.57938433e-01
 5.82304240e-01 7.52252302e-01
 3.55520012e-02 -1.18435330e-01
 -2.32514376e-01 -6.46527818e-01
 3.15219158e-01 2.05365604e-01
 6.28248893e-01 1.41196791e-01
 3.48648826e-02 -7.43546007e-01
 5.56786150e-01 4.70215445e-01
 5.80851654e-03 -7.71823113e-02
 7.36287770e-01 9.15034915e-02
 1.70220461e-01 8.50134346e-01
 4.43817737e-02 -1.27543648e-01
 4.67224065e-01 7.00794938e-01
 4.56870091e-01 -7.30225372e-01
 3.28924176e-01 4.94005625e-01
 2.56474658e-02 -1.00924676e-01
 -8.61121905e-01 2.62969700e-01
 -4.44211515e-01 -1.15481245e-01
 3.00851191e-01 -8.55264690e-01
 3.44258669e-02 -1.16183951e-01
 -7.80264411e-02 8.41149580e-01
 1.85083824e-02 -9.20943027e-02
 6.82177498e-01 1.74197840e-01
 -2.51720000e-01 -2.60468641e-01
 1.80498910e-01 8.83433489e-01
 2.26841418e-02 -9.76926528e-02
 2.92382540e-02 -1.09088181e-01
 4.09776157e-01 1.30078121e-02
 5.21624114e-01 4.53964322e-01
 5.56826975e-01 2.25980101e-01
 5.35138637e-01 -6.40753436e-01
 -9.75377949e-02 -7.61557812e-01
 -2.96158138e-01 -2.79725710e-01
 5.14510053e-01 8.27108382e-01
 4.68961690e-01 4.55823248e-02
 3.39171052e-01 -6.76330401e-01
 4.96933626e-01 7.36573499e-01
 4.97376314e-01 -6.98625152e-01
 -1.10417485e-01 -3.94432783e-01
 1.06335049e-02 -8.12818316e-02
 -3.15234170e-01 -1.55564750e-01
 3.51226603e-02 -1.17833475e-01
 7.74447615e-03 -3.67610141e-01
 3.38494279e-02 -1.15727509e-01
 -1.56102226e-01 -1.78505407e-01
 3.10604746e-01 -4.41312152e-01
 -1.97754421e-01 -1.00130720e-01
 1.20220854e-01 8.26223664e-01
 4.75887688e-01 7.18941505e-02
 3.74672477e-02 -1.20686735e-01
 6.29179321e-01 3.94690913e-01
 5.45870325e-01 -4.93415031e-01
 2.92468531e-02 -1.09117316e-01
 3.71581265e-01 -4.62314830e-01
 1.54043254e-02 -8.92368371e-02
 -3.54253547e-01 -2.23455591e-01
 2.43557555e-01 6.85409643e-01
 -2.06037233e-01 3.25792837e-02
 5.21293893e-01 -6.93047916e-01
 3.20647049e-01 -7.54945042e-01
 -8.29410333e-02 -4.40300104e-01
 -1.44708405e-01 -7.92206938e-01
 5.65398380e-01 7.38358308e-01
 2.23222882e-02 -9.78765748e-02
 6.58059248e-01 2.12095709e-01
 5.30121570e-03 -7.72709914e-02
 1.68211558e-01 -5.41878422e-01
 1.05455181e-01 -7.00674356e-01
 1.80669288e-02 -9.09699828e-02
 2.10588881e-02 -9.61917337e-02
 1.80833802e-02 -9.14917822e-02
 1.54142617e-02 -8.87564457e-02
 5.20306647e-01 -4.83738881e-01
 1.44247025e-01 1.97659887e-01
 4.40081304e-02 5.31664300e-01
 7.00601786e-01 -4.29303949e-01
 2.96921227e-02 -1.09877999e-01
 3.38050521e-02 -1.15888166e-01
 6.69687095e-01 -2.88837432e-01
 -7.89376628e-03 -6.66801410e-02
 -9.23786856e-02 -4.45681397e-01
 4.68098878e-01 7.09837918e-01
 5.49087547e-01 -7.69235283e-01
 2.83090544e-01 7.48692283e-01
 5.15466797e-01 -5.92732798e-01
 2.90304362e-01 -7.94655846e-01
 4.75901760e-01 -8.53683390e-02
 7.28117604e-02 -8.19184867e-01
 1.76322075e-01 5.62830681e-01
 3.33850326e-02 -1.15337049e-01
 1.24325380e-02 -8.35308843e-02
 -4.11738868e-01 7.83847046e-01
 3.09556109e-02 -1.11784238e-01
 5.08349684e-02 -8.07109740e-01
 6.81003660e-03 8.56839221e-01
 -1.49067813e-01 -2.79973521e-01
 6.75332033e-01 1.71789633e-01
 -7.63103955e-01 6.80055180e-01
 -5.98300496e-02 7.76177848e-01
 1.10389230e-01 8.45650884e-01
 2.76868517e-01 5.85558540e-01
 5.54075586e-01 -7.82912885e-02
 3.29118746e-01 7.64828812e-01
 3.55145216e-01 7.23260091e-01
 2.83639106e-02 -1.08214989e-01
 3.54376972e-02 -1.18257834e-01
 1.71152155e-01 3.94796221e-01
 5.36334670e-01 5.78830337e-01
 3.74505501e-02 -1.20614663e-01
 2.88274484e-02 -1.08561130e-01
 1.61776694e-02 -9.00979709e-02
 -1.41169341e-01 7.75412584e-01
 3.36211897e-01 -7.95725625e-01
 -8.33863849e-01 5.60150533e-01
 -5.17453038e-01 -1.19089354e-01
 1.92284885e-02 -9.21430279e-02
 5.75069738e-01 -6.32595453e-01
 2.37961250e-02 -1.00109324e-01
 1.96653498e-01 7.56204851e-01
 -2.24195040e-01 7.63239311e-01
 4.15552165e-02 -1.25900448e-01
 -3.44942886e-02 -5.17520353e-02
 4.10627005e-01 5.84575931e-01
 4.31638769e-01 -5.05415955e-02
 -1.32841996e-01 -2.46531528e-01
 1.55417185e-01 1.46456937e-01
 3.69039883e-02 -8.43728079e-01
 2.94420983e-01 2.03838784e-01
 3.36251756e-02 -1.14716830e-01
 -2.21731229e-02 -5.47985809e-02
 5.24697344e-01 -7.47498050e-01
 6.97420865e-01 -4.69772042e-01
 2.82149660e-02 -1.07819982e-01
 2.04761186e-02 -9.41900375e-02
 -6.74971426e-01 -1.48821176e-01
 6.24676760e-01 4.08785201e-01
 3.09391029e-01 7.48854088e-01
 -4.91615572e-02 6.42878471e-01
 5.12509733e-01 -7.34332115e-01
 2.66378341e-01 2.03971526e-01
 -3.37875288e-01 5.81309614e-01
 -2.47760164e-01 8.73552016e-02
 1.50768151e-02 -8.82221601e-02
 -2.40818281e-01 -3.49510146e-01
 -1.16155335e-01 8.89022122e-01
 -2.21819196e-01 -4.15539513e-01
 4.37803138e-01 -7.64820837e-02
 4.18899695e-01 -7.76535537e-01
 -3.21590223e-01 -6.85200656e-01
 4.82445606e-01 -7.30730713e-01
 -1.67987598e-01 6.76681738e-01
 2.93068616e-02 -1.09175580e-01
 2.18743016e-01 7.47402192e-01
 -2.12809775e-01 -7.36522241e-01
 -5.73925297e-01 -6.59435481e-01
 5.43973316e-02 8.09905974e-01
 1.30082630e-01 8.00423177e-01
 -2.16801874e-02 -5.52288500e-02
 5.35280243e-01 -5.37982878e-01
 3.73547000e-02 -1.20512321e-01
 3.02672404e-02 -1.10333365e-01
 1.66363188e-01 -5.04379120e-01
 -1.36551110e-02 -6.17272318e-02
 4.76676394e-01 -3.68387719e-01
 3.19750346e-02 -1.13520075e-01
 -1.84864132e-01 8.42832894e-01
 3.55306910e-01 5.53096405e-01
 4.48369529e-01 -7.21766539e-01
 2.40049492e-02 -9.94935385e-02
 4.78113455e-01 -6.31106272e-01
 2.90271134e-02 -6.48154492e-01
 4.79103715e-01 -3.68713241e-01
 3.58380997e-01 -6.03805090e-01
 -6.57495092e-02 -6.23735959e-01
 6.60848894e-02 -5.87660450e-01
 -5.43026559e-01 -6.43950184e-01
 4.99681197e-01 -3.69568652e-01
 2.82409073e-02 -1.08047012e-01
 -2.39033974e-01 -2.08728672e-01
 2.68066067e-01 7.79574927e-01
 3.24847453e-02 -1.13698273e-01
 3.43580730e-02 -3.97894852e-01
 -2.29845139e-01 7.29793924e-01
 3.44968955e-02 -1.17004816e-01
 -4.30021769e-02 7.52692921e-01
 1.24450037e-02 -8.32708478e-02
 2.80651683e-01 -4.55899582e-01
 -6.43335606e-01 -2.17780118e-01
 4.17415797e-02 -6.54471442e-01
 3.47695774e-01 -7.52400118e-01
 -4.51080823e-01 -4.86890026e-01
 -2.05135062e-01 -2.17205182e-01
 1.61628063e-01 2.22602590e-01
 1.61497161e-03 -7.49434044e-02
 4.85166731e-01 2.01605365e-01
 2.53910726e-02 -1.03259235e-01
 2.19959886e-02 -9.70927811e-02
 6.48327295e-01 -3.40557792e-01
 3.65875613e-01 6.94686120e-01
 1.50922161e-02 6.34852910e-01
 2.85544340e-02 -1.08487102e-01
 2.82715190e-01 5.87308860e-01
 1.06048990e-01 6.57398066e-01
 3.00029611e-02 -1.10226122e-01
 -2.98988467e-01 -1.05850395e-01
 1.32553461e-02 8.58426621e-01
 -4.40729994e-02 8.47101814e-01
 1.43850837e-01 8.11444634e-01
 -3.72183286e-04 -7.28871974e-02
 -1.10232255e-01 -7.37440836e-01
 -5.09591205e-01 -6.48697449e-01
 -3.40322736e-01 -7.07656211e-01
 -1.16430941e-01 -2.05643794e-02
 4.14986059e-01 7.20470380e-01
 1.79296150e-02 -9.13867614e-02
 1.34139999e-02 -8.63202639e-02
 -4.34588930e-01 -3.57027611e-01
 3.74153364e-02 -1.20586964e-01
 -5.62458843e-02 7.34682985e-01
 -2.40496836e-01 -4.32995834e-02
 -1.31531088e-01 7.80145603e-01
 4.50705776e-01 -7.61079053e-01
 -1.15667721e-01 -4.29119532e-01
 3.14685903e-01 -7.23355321e-01
 3.89348149e-01 7.49043830e-01
 8.91417131e-03 -7.13399398e-01
 -3.09896872e-01 -5.41097744e-01
 2.75542319e-01 7.10739677e-01
 4.30412060e-01 7.29984720e-01
 4.86802669e-03 -7.72182290e-02
 -4.62832886e-01 -3.98251782e-01
 -6.81058405e-01 -1.34971887e-01
 7.31907382e-03 -7.64971257e-02
 7.16299711e-01 2.83350299e-01
 2.72814716e-02 7.55227266e-01
 3.14955980e-02 -1.12127960e-01
 1.48715163e-02 -8.73040540e-02
 5.46017301e-01 6.89244993e-01
 1.09860555e-01 -6.62741515e-01
 9.43541661e-03 -7.66416469e-02
 1.28733948e-02 -8.48896244e-02
 -2.19796446e-01 -4.04880061e-01
 -3.60116059e-02 7.50211322e-01
 -2.98204745e-02 6.13845099e-01
 -2.11515499e-01 7.84268761e-01
 -2.01376793e-01 -5.65119944e-01
 -5.21049771e-01 -3.58572769e-01
 5.96608065e-01 4.61057410e-01
 1.18122950e-01 -5.24262016e-01
 1.34090345e-01 7.90239226e-01
 5.45161154e-01 1.98966003e-01
 5.06322887e-01 7.09643776e-01
 5.52003107e-01 4.00429758e-01
 -1.62410326e-01 -3.55647998e-01
 -6.98710435e-02 -7.68481564e-01
 1.85203785e-02 -9.21666125e-02
 4.70564948e-01 6.56956295e-01
 -3.17482925e-01 -5.09841836e-01
 1.84646797e-02 -9.19241656e-02
 -3.58587928e-02 4.38349688e-01
 3.53983679e-01 -1.35721805e-01
 -1.80942983e-01 -7.36285800e-01
 5.92952469e-01 -2.79669306e-01
 6.52204610e-01 1.29054541e-01
 -7.14367630e-01 7.03799871e-01
 3.86195263e-01 1.51163547e-01
 4.72182700e-01 4.24718089e-01
 4.06352521e-01 -7.14097240e-01
 -2.26980922e-01 -2.05133469e-01
 3.08673303e-01 -4.79930377e-01
 4.30823220e-01 7.94726555e-01
 -9.05252036e-02 7.62705146e-01
 5.20685449e-01 7.42685987e-01
 4.17956449e-02 7.41704766e-01
 2.91332573e-02 -1.09205573e-01
 5.10184709e-01 3.43396870e-01
 2.46700667e-02 -1.00461351e-01
 5.26921282e-01 8.13338081e-01
 1.69746715e-02 -9.01716329e-02
 1.21674267e-01 3.39628958e-01
 4.52415870e-01 7.06944242e-01
 3.53942767e-01 5.28405442e-02
 7.35579542e-01 -2.40504232e-01
 4.34924163e-01 -2.85852280e-01
 -1.04787972e-01 8.46678407e-01
 9.95712829e-03 -7.62276888e-02
 -4.83250105e-01 -6.06568983e-02
 4.98752703e-02 7.92787477e-01
 -2.50763266e-02 8.28400735e-01
 1.45513475e-01 6.92331122e-01
 1.37019273e-01 5.41321401e-01
 2.92904302e-01 3.59641122e-01
 2.62378969e-02 -1.04608739e-01
 2.92768591e-02 -1.09134745e-01
 -2.37136709e-02 -5.42244050e-02
 3.13795417e-01 -7.42540452e-01
 4.27659539e-01 7.20789097e-03
 6.54262188e-01 4.40572881e-01
 -2.67011912e-01 -4.20133308e-01
 3.69380342e-03 -7.66171609e-02
 1.96505670e-01 9.00107357e-02
 6.30999099e-01 3.33929003e-01
 5.62073567e-01 -2.01138345e-01
 -7.53999588e-02 7.78090126e-01
 1.25047772e-01 -6.96054411e-01
 3.18064806e-02 -6.29369099e-01
 3.44376596e-01 3.77827590e-01
 -2.00052247e-01 -5.32276025e-02
 -7.28404312e-03 -6.69419264e-02
 6.53880557e-01 5.08668026e-01
 1.41070833e-01 -6.64828722e-01
 2.44481118e-02 -1.00375286e-01
 -7.32958025e-01 -2.98790593e-01
 2.50508531e-02 -1.02850537e-01
 2.94164112e-01 7.98551059e-01
 4.93739564e-01 -7.27655640e-01
 2.09187763e-01 -6.39694390e-01
 -2.80590935e-02 8.06697994e-01
 -9.19279371e-02 -6.46915022e-01
 4.76678471e-01 4.48349626e-01
 -5.86265973e-01 -6.56948983e-01
 1.25083945e-01 -6.34883122e-01
 4.36558867e-01 1.09218429e-01
 2.62670845e-01 -8.59634149e-01
 -1.07361690e-01 8.97992844e-01
 1.79940133e-01 7.49600003e-01
 5.43969623e-01 2.90972536e-01
 -1.30290097e-01 6.89543513e-01
 -6.76082092e-02 -8.31020902e-01
 2.77771441e-02 -1.07208961e-01
 -2.33732575e-01 8.03268735e-01
 3.44801794e-01 -7.92841004e-01
 1.65546278e-01 8.40882796e-01
 7.13852106e-01 1.50817171e-01
 1.23328711e-01 -8.09821740e-01
 5.11637740e-01 7.81634564e-01
 2.74290569e-02 -1.04719955e-01
 -5.83256465e-01 -6.68597551e-01
 5.94688899e-02 8.42086228e-01
 3.18764239e-01 -4.63009594e-01
 5.63924233e-02 8.18398392e-01
 2.12442564e-01 7.19528449e-01
 5.64518263e-01 3.55691902e-01
 3.26089747e-02 -1.14183056e-01
 1.56297326e-02 -8.91381354e-02
 -7.19559861e-01 7.02068025e-01
 -6.33949106e-02 8.73503252e-01
 3.75383452e-01 5.76905600e-01
 -2.55273492e-02 -7.73631445e-01
 -1.15195253e-01 7.95659639e-01
 8.57779802e-01 2.21499306e-01
 5.77536800e-01 1.85960510e-01
 1.98118991e-01 -6.89458289e-01
 4.57880447e-01 -7.04973106e-01
 1.88115782e-01 -4.04979168e-01
 -1.20188257e-01 -7.21970776e-01
 -1.48174478e-02 7.63464449e-01
 -4.51221051e-01 -2.23824680e-01
 -6.66238700e-02 5.19289795e-01
 4.97512996e-01 3.94060089e-01
 -6.92017295e-01 6.50487848e-01
 1.14354574e-01 3.05105880e-01
 7.75302902e-02 7.34079192e-01
 5.09767390e-01 3.23503476e-02
 4.26875565e-01 -5.66738953e-01
 -6.70119390e-01 6.87776568e-01
 2.15244907e-03 -3.79871090e-01
 3.45103491e-02 -1.17047378e-01
 3.84557572e-01 -8.40354445e-03
 9.03387426e-03 -7.68364962e-02
 2.57908990e-03 -7.57896590e-02
 1.68806352e-01 -8.64468254e-01
 -6.52768072e-01 -2.38997142e-01
 1.85198856e-01 7.06802075e-01
 6.73877315e-01 -2.04704842e-01
 6.17004575e-01 -6.92193028e-01
 1.71482412e-01 -7.62539077e-01
 1.78006825e-02 -6.39840077e-01
 5.67777981e-01 2.51829390e-01
 3.35765515e-01 -5.58637069e-01
 4.60594666e-01 5.36118608e-01
 3.83203201e-01 1.12560989e-01
 1.02831295e-01 8.00897092e-01
 5.63285425e-01 7.93164844e-01
 3.11394634e-01 7.91885521e-01
 3.45581610e-02 -1.17087930e-01
 1.36657963e-02 -5.61082145e-01
 -4.41648280e-01 6.96700716e-01
 7.07776895e-01 -4.50979132e-01
 6.20620728e-01 1.23010096e-01
 3.67349605e-02 -1.19483183e-01
 2.19165719e-01 -8.11518286e-01
 -3.69881667e-03 -6.93166881e-02
 2.20324869e-02 -9.71559393e-02
 -1.41757496e-01 -1.02283545e-01
 4.24872030e-01 4.99391949e-01
 3.31298353e-02 -1.15040324e-01
 7.17419024e-01 3.39561035e-01
 -6.52551499e-02 -3.68196387e-01
 -5.18991056e-01 -5.61058329e-01
 -4.52100232e-01 -3.91647473e-01
 6.04772020e-01 2.62400714e-01
 2.61038631e-01 -7.61801599e-01
 5.29668035e-01 -2.04282697e-01
 -1.43592673e-01 -8.97735988e-02
 -1.46489405e-01 5.01644303e-01
 1.28400661e-01 8.13012960e-02
 -7.58562503e-02 7.87530365e-01
 2.55647291e-02 -1.00853347e-01
 3.10190569e-01 -6.83227382e-01
 5.35646032e-01 3.49695829e-01
 -4.17905883e-01 -1.20590757e-01
 3.02468778e-02 -1.10588370e-01
 7.05254676e-01 2.56520899e-01
 2.52322662e-01 -8.31465762e-01
 5.04340691e-01 6.71018676e-01
 2.04397765e-01 -8.16120674e-01
 -4.39742358e-01 -2.50049417e-01
 -4.88252862e-01 -4.66174451e-01
 -6.40996371e-01 -2.77742013e-01
 3.38698927e-02 -1.15752031e-01
 7.33286663e-02 -4.14044282e-01
 -2.90897595e-02 3.91147076e-01
 -5.17446669e-02 -7.17834929e-01
 5.32460990e-01 -4.18023340e-01
 2.72400622e-02 -1.06555347e-01
 1.77745257e-01 1.07483929e-01
 -1.09901327e-01 -6.65389470e-01
 3.59067339e-02 -1.18621221e-01
 4.65853882e-01 -1.91365418e-01
 6.79563588e-02 8.54489475e-01
 3.74949686e-01 -7.76046008e-01
 2.82634296e-03 -7.59373642e-01
 4.37044990e-03 -7.71499872e-02
 -8.77333726e-01 2.51863660e-01
 3.81638276e-01 4.06599457e-01
 2.48186134e-02 -1.01322667e-01
 4.38240564e-01 1.21049392e-01
 1.67197228e-01 6.40723515e-01
 -4.61963759e-01 -7.21984021e-01
 -5.59601132e-01 -3.44583820e-01
 5.16534196e-01 2.42919197e-01
 -7.17945491e-02 6.96208145e-01
 2.22209049e-02 -9.76153254e-02
 5.58743780e-01 -7.35598223e-01
 -5.60469938e-01 6.36835184e-01
 1.85638982e-01 7.99583309e-01
 5.42787250e-01 7.31001095e-01
 2.38755359e-01 -5.13258209e-01
 2.55519977e-01 1.93497706e-01
 8.22963392e-03 -7.63332585e-02
 1.84029073e-02 -9.21528612e-02
 2.21053316e-02 -9.74567972e-02
 2.47185769e-02 -1.00466754e-01
 -1.17838476e-01 -8.05688587e-01
 3.16853043e-01 7.07551730e-01
 2.73719452e-01 3.50429147e-01
 3.22161078e-01 7.86735568e-01
 9.20366374e-03 -7.87905692e-02
 2.81547704e-01 -1.82932721e-02
 7.23536608e-01 3.70468044e-01
 3.44974660e-02 -1.17015265e-01
 -1.76023712e-01 -3.78664038e-01
 2.48454557e-01 7.98269107e-01
 -2.92499818e-02 -4.89323923e-01
 1.65610698e-01 1.25249759e-01
 -1.20988464e-01 -6.66597865e-01
 -2.83809546e-01 2.50438662e-01
 4.75160297e-01 -3.73663750e-01
 1.42685200e-01 -7.56166711e-01
 3.48621910e-02 -1.17507251e-01
 -7.56301260e-01 7.58045744e-02
 6.84160451e-01 -4.08037237e-01
 1.40282101e-01 -4.96145927e-01
 4.09015819e-01 -6.00865007e-01
 -1.37624205e-01 -7.39785988e-01
 -1.66141411e-01 6.32892804e-01
 -6.80523586e-04 -7.25773969e-02
 3.02305068e-02 -1.11020155e-01
 2.56481593e-02 -1.04018140e-01
 1.43656583e-01 1.39824537e-01
 3.57216819e-02 -1.18845898e-01
 -2.05712594e-02 -5.62256930e-02
 5.33581582e-01 6.11336102e-01
 3.79804938e-02 -1.21136911e-01
 5.45614787e-01 -7.57350548e-01
 1.56012253e-02 -8.89882455e-02
 -1.31460332e-01 8.37174392e-01
 9.21382030e-03 -7.85851760e-02
 5.88533905e-01 4.13719628e-01
 9.55141140e-03 -7.62530940e-02
 -8.86144700e-02 8.21974397e-01
 -5.22378159e-01 -6.67053126e-01
 6.27944943e-01 -3.35352516e-01
 6.67645063e-01 -4.50189669e-01
 2.89885212e-02 -1.08745702e-01
 -2.52926629e-01 -1.94592662e-01
 5.75450202e-01 -6.61002053e-01
 5.17972869e-01 -7.44113601e-01
 -1.32502337e-01 -7.47790811e-01
 5.48637826e-01 2.25815406e-01
 2.05745680e-02 -9.45895515e-02
 5.60417303e-01 5.68704843e-01
 3.20707713e-02 -1.13612311e-01
 -8.85944155e-01 1.62382700e-02
 -5.95999241e-01 -2.48095344e-01
 1.02333574e-01 -5.79376370e-01
 2.92412283e-01 6.07138645e-01
 2.91189608e-02 -1.09171859e-01
 1.18736643e-01 -4.66163365e-01
 3.77072470e-02 4.35490512e-01
 -4.86327311e-02 -5.45564085e-01
 -7.84646556e-03 -6.67610323e-02
 2.89582583e-01 -7.68652705e-01
 -3.51678123e-01 -5.83769383e-01
 -2.54181637e-01 7.91056749e-01
 1.24864876e-01 7.53443443e-01
 4.26074010e-01 7.36607132e-01
 -3.94113709e-01 -3.73761501e-01
 6.10260789e-01 5.23616614e-01
 1.89121161e-02 -9.18959038e-02
 4.82874183e-01 6.72824085e-01
 1.50894421e-02 -8.77833818e-02
 2.80065680e-02 8.22515051e-01
 2.93358915e-01 -5.47028446e-01
 2.36174373e-02 -9.90943396e-02
 1.42442191e-02 -8.67792706e-02
 5.31193556e-02 -7.95976216e-01
 -5.46611186e-01 -1.57947605e-01
 2.26406001e-02 -9.84101478e-02
 4.78934494e-01 7.46336285e-01
 -3.33493163e-02 -5.43099998e-01
 -5.66257406e-01 -3.18932507e-01
 -4.45982196e-01 -2.05256348e-01
 -2.19011159e-01 -1.62247710e-01
 3.02627564e-02 -1.10342571e-01
 3.51044039e-02 -1.17808093e-01
 -1.44605862e-01 -7.98842592e-01
 3.24090164e-01 7.63877647e-01
 4.43743540e-01 2.45992359e-01
 4.72625750e-01 6.60338627e-01
 4.48647682e-02 -1.28144495e-01
 4.55884522e-01 -6.28247834e-02
 -5.66100072e-01 -6.74623289e-01
 -1.37152945e-01 7.50492677e-01
 3.92872806e-02 -1.22859061e-01
 1.29816907e-01 6.65029363e-01
 3.49971252e-01 8.16580208e-01
 2.83354019e-02 -1.07656417e-01
 2.72136169e-01 -7.68165894e-01
 5.15257578e-01 3.61856035e-01
 -1.39753939e-01 -5.82768036e-01
 3.72923302e-02 -1.20442898e-01
 -1.15827314e-03 4.37994910e-01
 2.75870409e-01 6.13156966e-01
 5.68468204e-01 -6.69318921e-01
 5.92828477e-01 -6.94146973e-01
 1.63484067e-01 6.71713238e-01
 2.23441275e-02 -9.79004844e-02
 2.46074459e-01 7.91178291e-01
 5.42014974e-01 -7.59872059e-01
 -2.99067633e-01 6.27484043e-01
 1.39812731e-01 -8.34801914e-01
 5.66838211e-01 -6.10504697e-01
 1.72875109e-01 3.66297800e-01
 2.36432097e-01 3.53966368e-01
 -2.02657494e-01 -6.06247740e-01
 2.38792830e-02 -9.91511467e-02
 -4.03610196e-01 -1.11068064e-01
 -5.32937872e-01 -1.22854622e-01
 4.06967801e-02 7.48083959e-01
 1.12442466e-02 -8.26537530e-02
 2.71812496e-02 -1.04764766e-01
 2.96870307e-02 -1.09401689e-01
 4.02037400e-01 7.68520079e-01
 3.60496926e-02 -1.18549570e-01
 -7.19917110e-01 6.74676647e-01
 5.32139985e-01 7.50881543e-01
 -5.81496322e-01 -1.32884371e-01
 -3.74979148e-05 -7.35612543e-02
 -1.11509149e-01 -7.51551623e-01
 -4.98709607e-01 -2.71015362e-01
 3.24734358e-01 2.48340666e-01
 -2.14820359e-01 -7.59650054e-01
 3.14686663e-02 -1.12107242e-01
 2.93228500e-02 -1.09680243e-01
 1.72973769e-01 1.62339486e-01
 1.92885377e-02 -9.22130108e-02
 2.63920898e-01 7.39110427e-01
 -3.41316835e-01 -6.73926204e-01
 -2.62796062e-01 -5.03291812e-01
 -1.69617044e-01 -5.15504127e-01
 -5.77202923e-01 -6.66372563e-01
 2.32960106e-02 -1.00586252e-01
 -2.40660792e-01 7.68879552e-01
 2.92520590e-02 -1.09091450e-01
 9.66895246e-03 -8.00309372e-02
 5.57584341e-02 -8.02630344e-01
 2.05329738e-01 7.25440792e-01
 3.08572479e-02 -1.11627543e-01
 4.56827044e-01 3.11990223e-01
 -4.75515102e-02 7.97451903e-01
 -5.31650522e-01 -6.47413749e-01
 2.24639064e-01 -4.87858721e-01
 -5.58237402e-01 -9.19784808e-02
 2.90425784e-02 -1.09059866e-01
 5.55911368e-01 6.50809891e-01
 6.02554984e-03 -7.71462199e-02
 1.92375763e-02 -9.28224646e-02
 -4.06989445e-01 -1.18925601e-01
 1.60106649e-01 2.36111247e-01
 4.90916719e-02 6.97319462e-01
 4.94887047e-01 8.16038887e-01
 2.43879699e-02 -1.00311562e-01
 3.00615059e-02 -1.10279513e-01
 -9.18337840e-02 8.30982235e-01
 4.74856348e-01 -4.70872795e-02
 2.83124035e-02 -1.08162614e-01
 -2.62421027e-01 -2.42689957e-01
 6.93221706e-01 2.83944438e-02
 5.05540400e-01 6.66024787e-01
 1.49312272e-01 2.37450773e-01
 3.03313661e-02 -1.10396457e-01
 -4.37303751e-01 7.32904467e-01
 3.69673107e-02 -1.20074146e-01
 5.08918773e-01 -6.58910530e-01
 -6.16819237e-02 -4.61372109e-01
 -4.84841113e-02 8.45661867e-01
 -8.13412478e-02 -6.61952291e-01
 -3.16023587e-01 -5.04168263e-01
 -2.72331387e-01 6.37218262e-01
 5.14654514e-01 4.62165805e-01
 6.13378357e-01 -5.89749743e-03
 2.54264589e-02 -1.03456964e-01
 2.48664788e-01 -6.15078419e-01
 -4.35110578e-01 -4.47485577e-01
 -1.04562927e-01 -7.23516021e-01
 3.07492123e-02 -1.11436807e-01
 5.42113009e-01 8.32297428e-01
 2.23271925e-02 -9.78895968e-02
 2.51584781e-02 -1.03322488e-01
 7.33468951e-01 2.49127229e-01
 4.87135394e-02 -6.62309287e-01
 5.53701403e-02 5.05957096e-01
 6.85934129e-01 4.15178208e-01
 5.80155661e-01 3.40235825e-01
 -5.40906752e-02 6.25800518e-01
 -5.99391843e-02 6.29444868e-01
 3.46701334e-01 -7.96570278e-01
 3.12850311e-02 -1.11826568e-01
 2.43140754e-01 3.14042041e-01
 3.03007398e-02 -1.10369983e-01
 4.26722392e-01 -7.65298973e-01
 -1.91534125e-01 -7.39136086e-01
 -1.06671417e-01 -2.46454811e-02
 3.78798642e-02 7.71931350e-01
 3.46960939e-01 7.86124156e-01
 -1.85750013e-01 -5.20213192e-01
 5.68722171e-01 3.84123748e-01
 3.07268413e-01 -4.37045699e-01
 3.51743039e-02 -6.16764304e-01
 -3.64909262e-02 8.58077080e-01
 3.11914085e-02 -1.11996892e-01
 -2.91249807e-03 -7.00789113e-02
 1.44494080e-02 -8.70459523e-02
 1.55071566e-01 2.18442513e-01
 2.78568406e-02 -1.07220080e-01
 4.78138483e-01 4.48189378e-01
 5.73934058e-01 4.64611166e-01
 3.50712123e-01 3.75692486e-01
 4.55035074e-01 -5.32109988e-01
 3.38204869e-02 -1.15708680e-01
 -4.33813417e-01 -5.82865722e-01
 -4.23349080e-01 -2.99346212e-01
 -7.71457630e-02 -3.52355813e-02
 3.36158280e-01 1.31493298e-01
 -1.56417316e-01 -3.75780551e-01
 6.49213403e-01 4.24074258e-01
 -2.09994224e-01 7.42080059e-01
 -1.30800640e-02 -6.27759613e-02
 6.61869487e-01 1.63808410e-01
 3.24687723e-02 -1.14000583e-01
 3.83814909e-01 4.95081879e-01
 -8.32357249e-01 4.31590570e-01
 1.90933663e-02 -9.23986490e-02
 -2.26775644e-01 -6.12841167e-01
 5.18003662e-01 6.80817671e-01
 3.62915851e-02 -1.18860856e-01
 -6.06296060e-01 -2.01545172e-01
 3.43457507e-02 -1.16464778e-01
 -3.12530790e-01 -5.22122334e-01
 3.71682852e-02 -1.20306312e-01
 -2.21062134e-01 4.42225487e-02
 2.26370603e-02 -9.83717763e-02
 3.01363841e-01 1.87358430e-01
 2.94206811e-02 -1.09301228e-01
 -2.65508951e-01 -5.85277872e-01
 -1.88374090e-01 -4.96540735e-01
 9.34290410e-02 2.95752056e-01
 1.84691376e-02 -9.18624540e-02
 1.24000817e-03 -7.41738645e-02
 3.91838354e-01 -6.87684522e-01
 2.50358156e-02 -1.02758382e-01
 1.66087385e-01 6.83181472e-01
 -2.13218138e-01 3.57846298e-01
 4.00454707e-02 -1.23839081e-01
 5.30411791e-01 6.01936731e-02
 2.48436845e-02 -1.00663536e-01
 -3.31204892e-01 7.25521098e-01
 -2.79882085e-01 -3.87006463e-01
 -1.51754914e-01 -8.03150465e-01
 9.00000000e-01 2.60047295e-01
 4.23933690e-02 -1.26461541e-01
 2.84519477e-02 -6.65716632e-01
 2.16861140e-01 6.36343467e-01
 -3.20754954e-01 -1.66224962e-01
 4.54233406e-02 -1.28823229e-01
 -2.69644301e-01 -5.23616829e-01
 4.94675170e-01 6.60401730e-01
 1.29433250e-01 5.91750208e-01
 6.74661643e-01 4.58785064e-01
 -6.96515270e-02 -3.20428451e-01
 1.52123013e-01 -6.07263017e-01
 3.99099593e-02 -1.23632628e-01
 2.74090935e-02 -1.06779710e-01
 5.92497682e-01 -6.89936200e-01
 3.13033153e-02 -1.11863502e-01
 1.60042938e-01 5.48645447e-01
 5.59742091e-01 6.24657121e-01
 -1.15459414e-01 -6.24224135e-01
 3.12634150e-01 2.75853495e-01
 -1.34207035e-01 -6.29192000e-01
 3.46625523e-02 -1.17026817e-01
 2.18358775e-01 -7.45959323e-01
 4.04227838e-01 1.71369834e-02
 5.54669843e-01 7.37705960e-01
 3.04697980e-02 -1.10690345e-01
 -2.63173375e-02 -7.60143403e-01
 3.73071977e-02 6.69259595e-01
 2.67575797e-01 -8.44349050e-01
 1.41195429e-02 -8.59889195e-02
 8.25798170e-02 -6.57266041e-01
 -5.76558995e-01 -6.84184376e-01
 1.36873110e-01 6.90144567e-01
 6.62312059e-01 2.06559935e-01
 3.53475794e-02 -1.18153824e-01
 5.22989759e-01 -1.52472535e-01
 2.38235518e-01 6.81290343e-01
 4.06221343e-01 -7.91381483e-01
 3.26718553e-02 -1.14244319e-01
 5.37446565e-01 5.34371499e-01
 3.46366469e-02 -1.17206821e-01
 -6.62429743e-02 -8.24783744e-01
 -4.84269562e-01 -3.91550551e-01
 -3.11141012e-01 -4.73669874e-01
 6.43169860e-01 -4.35175063e-01
 9.75316524e-02 -6.95341612e-01
 -1.65572396e-01 -4.49481248e-01
 -4.14982218e-03 -7.61161559e-01
 2.72260560e-01 4.78037869e-01
 -2.17068196e-01 -7.38872758e-01
 1.91521142e-01 8.20275020e-01
 -2.22354653e-01 -5.49907580e-01
 4.43087205e-01 4.14417067e-01
 5.81060197e-01 1.30143183e-01
 -1.87024480e-01 -6.45586954e-01
 -6.18050173e-02 -3.96342074e-02
 8.56939153e-02 8.81606954e-01
 1.00340987e-01 6.04000736e-01
 3.26805261e-01 -8.80117720e-01
 3.18460948e-02 -1.12889398e-01
 2.48316145e-01 5.81152110e-01
 5.62422420e-02 -5.25365422e-01
 -2.74242088e-01 -3.25149835e-01
 7.44172035e-02 3.79903417e-01
 1.69390149e-02 -7.03875359e-01
 -7.15831536e-01 6.69295215e-01
 4.39963501e-02 -7.38623664e-01
 -1.16858503e-01 -3.48689381e-01
 -1.69139031e-01 -6.63044995e-01
 -5.65351087e-01 -6.35966713e-01
 2.16136457e-02 -9.70926298e-02
 4.63318930e-01 -6.98336090e-01
 -1.47985479e-01 5.38457240e-01
 5.39745312e-01 3.76605926e-01
 -2.33860456e-01 -4.13262465e-01
 -4.88156561e-01 -3.61387773e-01
 2.43954485e-02 -1.00529788e-01
 2.75445002e-02 -1.06881142e-01
 3.41641570e-01 2.06989749e-01
 9.75561234e-03 -7.59444509e-02
 4.43842637e-01 7.66950138e-01
 -1.77853714e-01 -3.80860616e-01
 -1.58489954e-01 5.41754569e-03
 2.83826211e-02 -1.08252127e-01
 1.69150201e-02 -9.00878978e-02
 -3.80920606e-01 -5.64343754e-01
 2.17399131e-01 8.01591615e-01
 5.45672064e-01 -6.86968310e-01
