1746 1968 1255
348 1250 1287
1132 1840 158
1132 1975 158
817 1948 1202
817 1132 1202
1830 1323 1797
558 740 130
1253 1250 158
1253 1892 1250
1253 740 130
1436 1747 1439
461 1555 1701
1357 1747 1439
1540 679 327
155 389 867
337 1132 1840
337 817 1132
1020 210 1021
873 1020 1021
1258 1830 1323
1048 389 867
1059 1746 1075
1059 1746 1255
362 1746 1075
492 2048 445
1577 558 1975
1577 1132 1202
1577 1132 1975
1247 558 130
822 1975 158
822 558 1975
822 558 740
1281 1253 158
1281 1253 740
1281 822 158
1281 822 740
598 1253 130
598 1253 1892
550 1436 1747
549 1555 1701
549 889 1555
1655 461 1555
37 2004 444
1779 1540 679
1779 1953 679
1779 1953 1230
1779 1540 864
1779 2004 1230
1779 37 2004
1056 889 1555
1056 1540 889
1864 529 867
607 1540 327
607 1540 754
888 1573 867
888 155 867
175 155 1906
175 888 155
2006 978 430
2006 1557 234
2006 978 234
1721 2006 430
1721 2006 1285
1496 1020 1840
1416 442 1948
1222 1416 1948
884 337 817
884 817 1948
884 1222 1948
790 442 1797
823 751 867
823 1698 867
823 809 751
1235 1405 933
1396 1048 1256
1396 647 1256
1396 1048 389
1106 1540 754
1106 1540 889
745 58 1681
941 1059 1255
941 1059 353
1546 13 1239
722 497 1672
136 64 1321
1113 362 1746
1113 1746 1321
896 609 2048
896 492 2048
1172 1361 1250
1172 1361 2048
1172 609 2048
1172 1892 1250
1172 609 1892
707 1250 1287
707 1361 1250
1364 848 270
170 2048 445
438 947 254
1630 1247 130
894 1577 558
894 1247 558
994 130 1812
994 598 130
994 609 1812
994 609 1892
994 598 1892
1389 1357 1868
114 889 1873
114 549 889
1346 1655 461
1340 1346 1243
1340 1346 1655
879 1056 1661
879 1540 864
879 1056 1540
732 37 666
732 1779 864
732 1779 37
328 689 1782
328 423 689
538 423 281
538 423 689
1997 1916 16
1896 1583 327
1896 1997 1916
1335 1953 679
1335 1916 679
1335 1916 16
1382 2004 444
1138 1953 1230
1138 2004 1230
1470 529 867
1470 1698 867
672 1692 1366
672 1470 1698
560 1583 657
560 657 754
560 607 754
560 607 327
560 1583 327
547 1380 464
547 1380 1405
1627 1235 933
1724 2006 1557
1724 2006 1285
2024 1673 1439
283 786 907
283 786 1828
101 337 1840
101 1496 1840
101 1496 337
128 1416 210
128 1416 442
1815 1416 210
1815 1222 1416
1815 884 1222
1495 1496 1020
1495 1496 337
1495 884 337
1710 1830 1021
482 1968 1255
1159 941 1255
1159 941 1987
716 873 1968
716 350 1968
695 823 809
1473 1235 549
1473 1235 1405
1473 549 1701
140 1396 2047
882 1773 1107
1985 1396 2047
1985 1396 647
1985 58 2047
1985 745 58
795 58 2047
795 58 1681
1088 1106 754
1551 1546 1672
519 1546 1672
519 722 1672
519 1546 13
91 316 415
910 316 415
680 235 1039
680 1531 1039
680 1531 1987
1350 489 1677
656 695 1366
656 695 891
656 113 891
1851 488 751
1047 910 415
379 1047 1851
379 136 1321
379 1851 751
1149 379 136
836 64 1321
836 1113 1321
1964 896 492
1964 1812 270
1964 609 1812
1964 896 609
1177 707 1963
1177 707 1361
1177 1432 1963
1177 1432 1361
435 1364 1586
435 1364 848
435 1572 848
1694 1364 1586
1694 170 445
1308 1432 1361
1308 1361 2048
1308 170 2048
1777 37 666
1637 689 1782
248 1877 344
248 75 486
248 75 156
1664 248 344
1664 248 156
53 129 1654
276 1335 1953
276 1953 298
1415 793 776
1381 1394 776
1940 1073 1323
269 504 776
1949 1630 130
18 1949 1512
1569 1577 1202
1569 894 1577
1569 1948 1202
1569 442 1948
1569 442 1797
1569 18 1630
1569 1512 1797
1569 18 1512
1626 1432 1963
1626 1432 1492
1419 1838 154
1419 1626 154
1926 550 1436
1926 1140 550
368 1140 1200
368 1926 1436
368 1926 1140
413 1140 550
1160 550 1747
1160 206 550
1687 1160 515
1687 1357 1747
1687 1160 1747
1345 206 367
1345 1160 206
1345 1160 515
1345 1687 515
150 348 1287
150 348 1628
744 114 1873
744 745 1681
363 1340 1243
363 974 1243
663 40 526
1811 663 1324
1811 663 526
115 694 1304
993 879 924
993 694 924
993 879 864
481 732 1331
481 115 1331
711 115 1304
711 115 1331
711 673 1331
570 1777 666
1330 732 1331
1330 673 1331
1330 732 666
1330 570 666
1511 227 1782
1165 538 281
1165 538 1475
47 538 1475
47 1664 344
1012 1896 327
1012 1896 1916
1012 679 327
1012 1916 679
1807 1896 1583
1807 1896 1997
877 1382 2004
877 1138 2004
1024 1655 1555
105 1993 1661
417 113 1677
417 453 1155
275 1692 1366
275 1155 1692
275 1164 1366
1588 823 1698
1588 672 1698
1911 672 1692
1911 672 1470
1911 1470 529
2023 134 1296
2023 1807 1296
2023 1807 1583
2023 1583 657
1598 134 1296
1598 833 134
653 1346 1243
724 1721 430
1589 1405 933
1589 547 1405
1010 888 1573
1010 67 888
1010 1573 1905
1010 67 1905
1596 67 888
1596 67 1905
1596 503 1905
1295 175 1107
1295 175 888
1295 1596 888
850 1627 1235
850 882 1107
796 1627 933
796 1589 933
796 1589 547
871 1627 61
871 850 1627
871 850 1107
1406 1721 1285
1763 1724 1557
1763 2024 1557
1175 786 907
1175 334 907
615 786 1828
615 1763 2024
658 1175 1673
658 1175 334
1562 895 246
1562 658 334
644 790 442
644 128 442
1483 1815 884
1483 1495 884
1483 1495 1020
1483 1020 210
1483 1815 210
137 1710 1021
137 210 1021
1660 1830 1797
1660 1710 1830
1660 790 1797
1660 1710 790
35 482 1255
35 482 1531
35 1159 1255
35 1531 1987
35 1159 1987
284 802 1970
840 1258 1830
840 1830 1021
840 1525 1021
742 802 1970
742 840 1258
1918 1970 873
1918 636 873
1918 284 1970
1182 1277 350
1182 716 350
1488 1277 350
1488 497 1672
1488 1277 1672
1488 482 1968
1488 482 497
1956 1551 447
1881 1396 389
1881 155 389
1881 155 1906
1936 1493 1614
1898 1546 1239
1898 1551 1546
1313 13 1039
1313 519 13
1313 519 722
1225 1047 910
1903 1059 1075
973 1690 1675
1971 1690 1675
1581 113 891
1581 113 316
1581 91 891
1581 91 316
10 13 1039
10 1709 13
274 1709 185
98 1971 255
1578 1059 353
1194 941 1987
1616 1493 1614
1161 1911 1692
361 1493 166
361 634 1885
548 1350 1677
548 113 1677
548 113 316
495 1971 1675
1998 1164 1366
1998 656 1366
1998 113 1164
1998 656 113
1181 1851 488
1181 695 891
1181 695 809
1181 809 751
1181 488 751
100 1047 1851
100 1181 1851
100 91 891
100 1181 891
604 1149 1151
1801 836 1151
1801 836 64
1801 136 64
1648 1964 270
1648 1964 492
1648 1364 270
1648 492 445
1648 1694 445
1648 1694 1364
305 435 1492
305 435 1572
305 1572 936
305 1626 1492
305 1626 154
1487 1694 170
1487 1308 170
1487 1694 1586
1487 1432 1492
1487 1308 1432
1487 435 1492
1487 435 1586
268 1884 37
1967 75 156
1967 1637 156
1967 227 551
1967 75 551
1425 248 1877
1425 268 1884
1425 1884 486
1425 248 486
1094 2043 774
1094 1653 774
985 438 254
985 1510 776
985 276 438
1316 988 455
1316 455 427
1920 1761 1613
1920 1073 1613
1920 1258 1323
1920 1073 1323
1158 455 427
648 742 1258
648 742 802
648 1920 1258
648 1920 1761
120 53 129
285 276 1063
285 276 1374
606 276 298
1568 276 1261
1568 985 276
1054 438 947
1054 1196 438
39 276 438
148 1953 298
148 762 1953
65 1750 1953
65 762 1953
1315 1415 776
1520 75 486
1620 416 776
1069 793 776
1069 416 776
312 1377 504
312 1323 1797
312 1940 1323
312 1940 129
582 504 776
1665 312 1797
1665 312 1377
62 269 776
62 1510 776
62 1510 133
614 776 572
614 502 776
629 502 776
629 215 776
629 215 1823
117 1381 1394
117 1665 587
1171 1949 1630
1171 18 1630
1171 18 1949
961 894 1247
961 1569 894
961 1630 1247
961 1569 1630
1448 368 1200
433 1384 1439
433 1436 1439
433 1420 1436
1861 2026 1200
490 1140 1200
1749 1154 1605
1749 1154 1618
1718 2036 1977
1718 2036 1778
987 52 220
1298 707 1287
1298 707 1963
667 1298 1146
667 1298 1287
667 150 1287
667 150 1027
230 1419 1626
230 1626 1963
230 1298 1963
230 1298 1146
712 694 1304
712 1304 1796
712 857 1796
712 1606 857
651 1017 924
651 1017 41
1096 1420 1436
1096 368 1436
1057 206 550
1057 413 550
1057 413 1843
1057 206 367
1057 1972 367
1057 1843 1972
1226 413 1140
1226 490 1140
1226 490 1305
1134 1345 367
861 1868 1628
487 1662 1027
487 150 1628
487 150 1027
487 861 1628
487 861 1662
132 861 1868
132 861 1662
2013 889 1873
2013 1106 889
2028 2013 1106
863 744 114
863 114 549
863 744 1681
1560 1130 321
1560 283 907
1560 1130 907
1395 974 1243
1395 653 1243
1395 653 439
1395 974 976
1190 1340 1805
1190 363 1340
1190 363 1631
1667 663 1324
1850 1988 757
22 1045 1760
19 1811 1324
223 879 924
223 1017 924
2015 732 864
2015 481 732
1826 481 115
1826 993 864
1826 115 694
1826 993 694
1224 711 553
1224 1165 1475
1224 673 1475
1224 711 673
2003 1330 673
2003 673 1475
2003 47 344
2003 47 1475
1663 328 1782
1663 1511 1782
1663 1511 936
1663 1838 154
1663 305 154
1663 305 936
450 227 551
450 1511 227
450 1572 848
450 1572 936
450 1511 936
1575 1637 689
1575 538 689
1575 47 538
1857 1807 1296
1857 1807 1997
1199 1857 1997
1199 1857 853
1309 1138 1953
1309 877 1138
1309 877 1382
1309 1382 444
1043 476 1272
1043 1340 1655
1043 1272 1655
1043 1340 1805
1043 476 1805
465 476 1272
1757 1272 1655
1757 1024 1655
1757 1024 1272
1173 105 40
1173 105 1661
557 489 453
557 417 453
557 489 1677
557 417 1677
654 417 1155
654 275 1155
654 275 1164
654 113 1164
654 417 113
1946 1588 672
1946 672 1366
1946 695 1366
1946 695 823
1946 1588 823
1129 2023 134
1907 1088 754
1907 657 754
1907 2023 657
1907 1129 2023
1907 1129 403
999 1598 833
1647 1275 912
1848 978 430
1848 662 978
1848 662 1600
1733 556 1721
1733 724 1721
1733 556 976
1733 1275 439
1733 1395 976
1733 1395 439
801 1573 867
1787 850 1235
1787 850 882
1787 863 882
1787 1235 549
1787 863 549
1218 547 464
1218 796 547
1206 871 61
1206 871 503
1206 61 1905
1206 503 1905
1570 871 503
1570 1596 503
1570 1295 1596
1570 1295 1107
1570 871 1107
1869 1724 1285
1869 1406 1285
1176 1130 321
1176 1130 1045
1176 741 1045
1201 1176 741
1992 363 1631
1992 363 974
1992 741 1045
1992 974 976
1000 1175 786
1000 615 2024
1000 615 786
1000 2024 1673
1000 1175 1673
1208 895 1439
1208 1562 895
1208 1673 1439
1208 658 1673
1208 1562 658
390 128 210
390 137 210
390 644 128
390 644 790
390 1710 790
390 137 1710
59 742 1970
59 1525 1021
59 873 1021
59 1970 873
1400 1918 284
1400 284 427
1400 1316 427
1611 1182 1277
97 1336 988
392 1277 1672
958 350 1968
958 1488 1968
958 1488 350
1737 716 873
1737 636 873
1737 1657 636
1818 140 2047
1818 1994 2047
1719 882 1773
1719 1994 1773
1719 863 1681
1719 863 882
1719 795 1681
1719 795 2047
1719 1994 2047
500 140 1396
500 1881 1396
500 1881 1906
989 1048 867
989 1864 867
456 1137 529
352 645 1098
1352 1985 647
1352 1985 745
512 257 1098
512 1842 257
1457 1842 1088
1457 1842 257
1671 1956 1551
1671 1898 1551
1671 1898 1239
1530 1313 722
1530 482 1531
1530 1531 1039
1530 1313 1039
1530 722 497
1530 482 497
373 1784 460
1645 910 316
1645 1225 910
1766 1903 1059
1766 1903 1461
1460 973 1690
1460 973 605
1592 13 1239
1592 1709 13
1592 1671 1239
1026 274 92
1026 274 1709
2017 185 235
2017 235 1039
2017 10 1039
1306 185 1774
1306 274 185
509 1653 774
509 1163 774
1754 941 353
1754 1194 941
1521 1445 1461
145 1194 14
145 680 235
145 14 235
145 680 1987
145 1194 1987
396 1616 1614
396 1616 453
1388 1493 166
1388 1616 1493
1388 103 166
1388 103 489
1388 489 453
1388 1616 453
1344 1161 1692
1344 1155 1692
1344 453 1155
1344 1161 1614
1344 396 1614
1344 396 453
590 1161 2034
590 1161 1911
590 1137 2034
590 1137 529
590 1911 529
1856 1161 2034
1856 1137 2034
1856 1161 1614
977 2043 774
1170 495 2040
242 1421 1350
691 1047 415
691 100 1047
691 91 415
691 100 91
1888 1768 471
1888 1225 1047
1888 379 1047
1888 1768 379
828 1149 1151
828 1801 1151
828 1149 136
828 1801 136
252 1967 227
252 1967 1637
252 227 1782
252 1637 1782
302 1425 268
302 268 37
302 1425 1877
302 570 1877
302 570 1777
1362 1510 133
1362 985 1510
660 194 776
660 985 776
2014 1336 1004
2014 1336 988
2014 455 1004
2014 988 455
260 1761 1613
260 1158 1761
1353 1158 1761
1353 648 1761
1353 1158 427
1353 648 802
1353 284 427
1353 284 802
1679 120 129
1679 1940 129
1679 1940 1073
575 120 1613
575 260 1613
575 260 1158
575 455 1004
575 1158 455
107 276 1374
107 606 276
1003 1568 1261
527 1196 438
527 39 438
1279 276 1335
1403 606 298
1265 37 444
1265 6 444
30 776 572
30 1315 776
868 1315 1415
943 75 551
943 1520 75
592 194 776
592 1620 776
226 269 504
226 312 504
226 312 129
226 129 1654
1104 1665 587
1104 1949 130
1104 1949 1512
1104 1512 1797
1028 943 1520
1028 1913 587
1028 1104 587
1028 943 551
1391 1028 1913
1103 215 776
1103 1394 776
1103 1408 1394
1207 1408 587
1116 117 1394
1116 117 587
1116 1408 1394
1116 1408 587
1023 1590 400
1023 1590 837
208 366 1384
208 1384 1439
1209 1590 837
42 1420 923
847 366 1384
847 433 1384
1609 1351 1471
1609 1351 41
1609 41 1324
1820 2036 1977
1820 1351 2036
1820 1351 41
1820 651 41
1 1154 1618
1 1718 1977
1 1718 1618
1128 1861 1778
1128 1718 1778
1781 1718 1618
1781 1749 310
1781 1749 1618
1781 1226 310
1781 1226 1305
1612 19 1324
1612 19 1713
499 2036 1778
99 499 1778
690 1468 52
690 1468 1471
1961 2046 1796
1961 1304 1796
49 328 423
49 1663 328
49 1663 1838
1328 667 1220
1328 667 1027
1328 1662 1027
1328 132 1662
333 230 1146
706 1606 857
706 1615 857
706 1154 1605
706 1615 1605
2018 694 924
2018 651 924
147 805 920
1066 1448 368
1066 1096 368
1066 1420 923
1066 1096 1420
109 1226 310
109 1226 413
109 413 1843
1769 1687 1220
1769 1345 1687
1769 667 1220
1769 667 1146
611 744 745
611 2028 745
611 2028 2013
611 744 1873
611 2013 1873
1604 19 1713
1604 19 160
845 160 1760
845 19 1241
845 19 160
1891 1269 246
1466 837 220
1466 376 220
995 334 907
995 1130 907
995 1932 1130
1270 1130 1045
1270 1932 1130
1270 1045 1760
1270 160 1760
1449 663 40
1449 1667 663
1449 1017 41
1449 41 1324
1449 1667 1324
1764 1850 757
1764 1241 757
1764 1190 1805
1764 1850 1805
1602 22 1241
1602 1764 1241
1602 22 1045
1602 1190 1631
1602 1764 1190
1602 1992 1045
1602 1992 1631
1141 19 1811
1141 1988 757
1141 1811 1988
1141 1241 757
1141 19 1241
398 2015 864
398 2015 481
398 1826 864
398 1826 481
1083 1165 281
1083 1224 1165
1083 553 281
1083 1224 553
692 1330 570
692 1877 344
692 570 1877
46 47 1664
46 1575 47
46 1575 1637
46 1637 156
46 1664 156
576 1054 1196
576 1199 1997
1092 1199 853
1625 6 444
1625 1309 444
452 465 1988
452 1811 526
452 1811 1988
1730 452 526
1730 452 465
1730 40 526
1730 105 40
1498 1056 1661
1498 1993 1661
921 1850 1988
921 465 1988
921 1850 1805
921 476 1805
921 465 476
917 465 1272
917 1024 1272
917 1498 1056
917 1498 465
917 1056 1555
917 1024 1555
381 223 1017
381 1173 40
381 1173 1661
381 1449 40
381 1449 1017
381 879 1661
381 223 879
952 833 134
952 1129 134
952 1860 833
1619 634 1885
1619 1860 1885
1619 634 403
1619 1129 403
1619 952 1129
1619 952 1860
1599 999 1547
1599 1092 853
1599 738 1547
1599 1092 738
1599 1857 1296
1599 1857 853
1599 1598 1296
1599 999 1598
1552 999 1547
1552 1860 833
1552 999 833
748 1275 439
748 1647 439
748 1647 1275
1676 1346 461
1804 1676 1346
1804 1676 637
1135 1848 1600
1135 724 430
1135 1848 430
1192 1275 912
1192 1733 1275
1192 1733 724
1788 1284 684
1814 801 1573
1814 1573 1905
116 662 978
561 796 1627
561 1218 796
561 1627 61
561 1218 1284
561 1788 1284
561 61 1905
561 1788 684
561 1814 1905
561 1814 684
1110 1869 1406
2041 1869 1724
2041 1110 1869
21 1201 1406
21 556 1721
21 1406 1721
21 556 976
1459 1201 1406
1459 1201 1176
1459 1110 1406
1459 1176 321
1459 1110 321
1086 59 1525
1086 59 742
1086 840 1525
1086 742 840
734 1918 636
734 1400 1918
1481 392 1277
1481 1551 447
1481 331 447
1034 331 447
1034 97 331
1034 97 1336
1422 1182 716
325 1316 988
325 97 885
325 97 988
1055 1925 1523
1055 1601 1523
293 1994 1773
293 1818 1994
293 1818 140
293 500 140
293 500 1906
293 175 1906
293 175 1107
293 1773 1107
1915 647 1256
1397 989 1864
272 1864 529
272 456 529
272 456 665
2009 361 1493
2009 1936 1493
2009 87 1936
1001 2028 1106
1001 2028 916
1001 1088 1106
1001 1842 1088
1919 2021 645
1919 645 1098
1919 512 1098
1919 512 1842
498 634 403
498 1457 1088
498 1907 403
498 1907 1088
1148 498 1457
1148 498 634
1148 361 634
830 1113 362
830 836 1113
830 836 1151
93 1438 362
93 830 362
93 830 1699
1479 1438 1784
719 373 1784
719 373 462
719 1479 1784
719 784 462
719 784 339
701 373 605
244 1768 379
244 1149 379
306 548 1350
306 1421 1350
306 548 316
340 973 1675
340 973 605
152 289 471
152 1888 471
152 1888 1225
152 1645 1225
1428 1491 1690
1428 1460 1690
1428 1460 460
1428 1784 460
1428 1491 1784
317 373 605
317 1460 605
317 373 460
317 1460 460
201 1623 1491
201 1438 1784
201 1491 1784
620 1445 255
620 1445 1461
1368 1491 1690
1368 1623 1491
1368 201 1623
1517 1671 1956
1517 1592 1671
1517 1592 1709
1517 1026 1709
1041 2017 185
1041 2017 10
1041 1709 185
1041 10 1709
1853 219 1774
649 274 92
1566 1167 683
1566 98 1971
1930 509 1163
621 1521 1461
621 1521 1578
621 1766 1461
621 1578 1059
621 1766 1059
48 1515 1167
48 1163 774
48 1167 774
506 1521 1445
718 191 1515
718 1515 1996
718 219 1996
718 185 1774
718 219 1774
718 185 235
718 441 235
322 1170 774
322 1170 9
322 977 774
1640 1170 774
1640 1167 774
1640 1167 683
1084 1350 489
1084 103 489
1185 782 5
1593 983 1261
1593 1003 1261
1593 1003 5
1537 1777 37
1537 302 37
1537 302 1777
1240 1054 947
1240 730 1054
1240 947 254
1454 1094 2043
746 985 446
746 660 985
432 1956 447
432 1517 1956
432 1517 1026
1634 1034 447
1634 1034 1336
369 1026 92
369 649 92
369 649 1197
1369 1336 1004
1369 414 53
57 53 1654
57 414 53
1013 1197 251
1393 120 1613
1393 1073 1613
1393 1679 1073
929 120 53
929 575 120
2045 1568 985
2045 1929 985
970 527 1196
970 527 39
970 576 1196
970 576 1279
229 1884 37
827 149 1750
540 868 1415
540 1639 1415
540 1639 1520
1529 1365 194
900 1482 1520
157 1482 793
1283 1482 1520
1283 157 1482
1283 157 793
1283 1415 793
295 582 504
881 117 1381
881 117 1665
926 582 776
1263 1665 1797
1263 1104 1797
1263 1104 1665
469 62 133
469 581 133
1886 1055 1601
1886 1362 133
1886 1362 985
624 1951 1520
624 540 1520
214 614 572
214 1951 614
214 624 1951
303 1951 1520
303 1028 1520
1641 1104 130
1641 1028 1104
1641 130 1812
1641 1812 270
1641 848 270
1641 450 848
1641 450 551
1641 1028 551
1342 1391 215
399 1103 1408
399 1207 1408
892 1391 1913
1474 725 366
1474 1590 400
1474 208 366
1474 208 1590
1385 725 594
1385 1448 1200
1385 2026 1200
723 1023 837
723 837 220
723 987 220
723 987 400
723 1023 400
1522 895 246
1522 895 1439
1522 1891 246
1859 1066 923
1859 1066 1448
1859 1385 594
1859 1385 1448
434 1859 594
1441 1820 1977
1441 1820 651
1441 1606 1977
354 1749 1605
354 1935 1749
354 1615 1605
81 1749 310
81 1935 1749
81 1935 1972
81 1843 1972
81 109 310
81 109 1843
1294 1861 1200
1294 1128 1861
1294 490 1200
1294 490 1305
1294 1781 1305
1294 1128 1718
1294 1781 1718
233 52 220
1390 499 2036
1390 499 1468
1390 1468 1471
1390 1351 1471
1390 1351 2036
1978 676 52
1978 690 52
330 1861 2026
330 534 2026
330 1861 1778
330 99 1778
330 534 99
1221 987 52
1221 534 987
45 1961 1705
45 1961 1304
45 711 1304
45 711 553
1399 1961 2046
1399 1961 1705
785 423 281
785 49 423
1688 1328 1220
1688 1687 1220
1688 1389 1357
1688 1687 1357
866 785 713
990 1606 1977
990 706 1606
990 706 1154
990 1 1977
990 1 1154
567 712 694
567 2018 694
1759 147 805
1759 805 920
1545 1615 857
1545 147 857
1545 354 1615
1545 354 1935
1545 1759 1935
1545 1759 147
1854 1134 367
1854 685 1134
1854 1759 367
1058 147 920
1058 147 857
872 1311 1723
513 333 1723
513 1311 1723
513 333 1146
1875 513 1311
1875 1769 1146
1875 513 1146
1767 1604 559
1767 1604 160
1767 1270 160
1767 1270 1932
1847 1604 559
238 1612 1713
238 1604 1713
545 22 1241
545 845 1241
545 22 1760
545 845 1760
1452 1209 837
1452 1466 837
1991 2003 1330
1991 692 1330
1991 2003 344
1991 692 344
111 730 1054
111 576 1054
193 576 1279
193 1335 16
193 1279 1335
193 1997 16
193 576 1997
1554 576 1199
1554 1092 1199
1554 111 576
1125 1309 1953
2008 105 1993
2008 1730 105
1714 1730 465
1714 1498 465
1714 2008 1730
1714 1498 1993
1714 2008 1993
142 1860 1885
142 1552 1860
142 361 1885
142 1552 1547
142 361 166
142 166 485
142 738 485
142 738 1547
1504 1804 637
1504 1647 912
1504 818 912
671 461 1701
671 1676 461
939 653 1346
939 1804 1346
939 653 439
939 1647 439
939 1504 1647
939 1504 1804
808 1135 1600
783 1814 1217
783 838 1217
1204 662 1600
1204 116 662
1204 116 1584
1204 808 1600
1866 1157 930
1866 1178 912
1866 1157 555
1866 1192 912
1866 1192 930
1268 838 1217
1007 978 234
1007 116 978
705 116 1584
705 1025 1584
705 1007 116
705 1025 234
705 1007 234
1965 1763 1724
1965 2041 1724
1965 615 1828
1965 615 1763
1965 283 1828
1451 2041 1110
1451 1560 321
1451 1110 321
1451 1965 2041
1451 1560 283
1451 1965 283
1800 21 976
1800 1992 976
1800 1992 741
1800 1201 741
1800 21 1201
537 1481 331
537 97 331
537 1611 1277
537 1481 1277
537 97 885
537 1611 1182
204 1481 1551
204 1481 392
204 1551 1672
204 392 1672
1567 1652 885
1567 537 885
1567 1652 1657
1567 1422 1657
1567 1422 1182
1567 537 1182
931 1737 1657
931 1422 1657
931 1737 716
931 1422 716
668 325 1316
668 1652 885
668 325 885
737 1055 1925
737 1983 1925
737 1240 254
737 1240 1983
76 352 645
76 1397 645
76 352 665
76 272 665
76 1397 1864
76 272 1864
1317 1915 1256
1317 1915 2021
1317 1048 1256
1317 2021 645
1317 1397 645
1317 989 1048
1317 1397 989
726 1001 916
726 1352 745
726 2028 745
726 2028 916
812 1352 647
812 1915 647
812 1915 2021
1644 726 1352
1644 726 1001
1644 1001 1842
1644 1919 1842
171 1457 257
171 1148 1457
171 87 257
171 1148 87
778 2009 87
778 1148 87
778 2009 361
778 1148 361
1944 830 1151
1944 719 339
1944 719 1479
1944 830 1699
1944 1479 1699
1534 93 1699
1534 1479 1699
511 1768 471
1278 373 462
1278 701 373
96 244 1768
96 511 1768
96 1278 462
96 1278 511
843 604 1149
843 244 1149
843 604 339
843 784 339
1513 1645 316
1513 306 316
68 340 2022
752 340 2022
752 495 2040
752 495 1675
752 340 1675
1923 152 1645
1923 152 289
1695 201 1438
1695 362 1075
1695 1438 362
769 1971 255
769 620 255
769 1971 1690
769 1368 1690
769 1368 620
1725 1368 201
1725 1695 201
1725 1903 1461
1725 1903 1075
1725 1695 1075
1725 620 1461
1725 1368 620
280 1306 1774
280 1853 1774
280 1306 274
280 649 274
277 1197 251
277 649 1197
277 280 649
277 1853 251
277 280 1853
911 1925 1523
911 1983 1925
341 1930 1163
106 1445 255
106 98 255
1666 1566 98
1666 106 98
1666 106 191
1666 1566 1167
1666 1515 1167
1666 191 1515
516 1515 1996
516 48 1515
516 48 1163
516 341 1163
1789 1735 14
1789 14 235
1789 441 235
359 441 1445
359 506 1445
359 1789 441
731 1735 14
731 1194 14
731 1754 1194
622 1754 353
622 506 1521
622 1578 353
622 1521 1578
1087 718 191
1087 106 1445
1087 106 191
1087 441 1445
1087 718 441
449 456 1137
449 456 665
700 352 1098
700 352 665
700 449 665
700 449 1958
1516 257 1098
1516 700 1098
1516 700 1958
1516 87 257
1516 87 1936
1516 1958 1856
1516 1936 1614
1516 1856 1614
224 322 9
224 322 977
224 977 2043
1527 242 1421
1527 242 1350
1527 1084 1350
1153 1170 495
1153 1640 1170
1153 1640 683
1153 495 1971
1153 1566 683
1153 1566 1971
218 1185 5
218 2045 1568
1969 1240 730
1969 1240 1983
1969 1094 1653
1969 1983 1653
377 432 447
377 1634 447
326 432 1026
326 369 1026
364 1634 1564
364 1634 1336
364 1369 1336
290 57 475
290 57 414
1880 1197 1343
1880 1601 1343
1880 1886 1601
1832 1197 1343
1832 1013 1343
1832 1013 1197
1376 1853 251
1376 1013 251
1376 341 1930
338 1679 120
338 1393 120
338 1393 1679
2002 1369 53
2002 929 53
2002 575 1004
2002 929 575
625 507 1884
74 285 1063
335 276 1063
335 249 276
1659 1707 985
1329 1929 985
1329 1707 985
1412 218 2045
2044 1412 2045
1845 1884 486
1423 970 39
1423 970 1279
1423 39 276
1423 1279 276
382 1403 298
382 1060 298
1794 65 762
1046 1753 762
301 780 37
301 229 37
1816 65 1750
1816 827 1750
1099 1750 1953
646 1121 196
646 1099 1359
646 1099 196
1558 1121 196
1558 1099 1750
1558 1099 196
1077 30 572
1077 1924 572
1587 868 1315
1587 540 868
1070 1621 30
1070 1587 1621
1070 1587 540
1378 592 194
1378 1365 194
1378 1529 592
1378 1529 1365
1743 1529 1520
1743 1529 194
343 1529 1520
225 900 1520
991 900 1069
659 1639 1520
182 1377 504
182 295 504
640 295 1715
640 926 582
640 926 1715
1126 1665 1377
1126 881 1665
1126 881 1715
1126 182 1377
1126 295 1715
1126 182 295
1434 926 776
1979 226 1654
1251 851 572
1251 214 572
188 614 502
188 303 614
862 1951 614
1874 215 1823
1874 1342 1823
1874 1342 215
759 399 1103
1430 892 1913
820 1391 215
820 892 1391
1219 1385 2026
1219 1385 725
1219 534 2026
1219 1474 400
1219 1474 725
1219 987 400
1219 534 987
241 1452 1783
241 1452 1209
241 1891 1783
241 1522 1891
986 1209 1590
986 208 1590
986 241 1209
986 241 1522
986 208 1439
986 1522 1439
463 847 366
463 434 847
463 725 366
1322 434 847
756 2018 651
756 1441 651
756 1441 1606
554 233 220
554 376 220
1674 1891 1269
596 1978 1612
596 1978 690
596 1609 1324
596 1612 1324
89 534 99
89 1221 534
89 1221 52
89 1468 52
89 499 1468
89 99 499
1536 45 553
1536 45 1705
1536 553 281
733 1399 713
391 1399 1705
391 1399 713
391 1536 1705
1118 685 2046
1118 872 1723
1118 733 1723
1118 733 1399
1288 1328 132
1288 1688 1328
1288 1688 1389
1288 1389 1868
1288 132 1868
530 230 1419
530 333 230
32 866 785
32 785 49
32 530 1419
32 530 866
32 1419 1838
32 49 1838
1375 333 1723
1375 530 333
1375 530 866
1290 1935 1972
1290 1759 1935
1290 1972 367
1290 1759 367
291 1759 920
291 1854 1759
291 1854 685
291 1058 920
291 1058 685
934 685 2046
934 1058 685
934 1058 857
934 857 1796
934 2046 1796
180 238 1604
180 1847 77
180 1847 1604
190 1978 676
190 1978 1612
1455 995 1932
1442 1269 246
1442 1562 246
1442 1562 334
717 1767 1932
717 1455 1932
717 1767 559
1539 1554 111
1739 1092 738
1739 1554 1092
1739 1539 520
1739 1539 1554
1051 1121 37
1051 1090 37
1437 1625 1309
1437 1125 1309
1937 1398 1953
1917 818 464
1917 1504 818
1917 1380 464
424 1917 1380
424 1504 637
424 1917 1504
186 1676 637
186 671 1676
186 424 637
186 1473 1701
186 671 1701
186 424 1380
186 1380 1405
186 1473 1405
975 1192 930
975 626 930
975 1192 724
975 1135 724
975 626 1135
1424 626 930
1424 1157 930
1424 1204 1157
779 818 912
779 1183 818
779 1178 912
779 1183 1178
580 1183 818
580 1183 1178
821 1814 684
821 783 1814
821 1284 684
821 580 783
821 1218 464
821 1218 1284
821 818 464
821 580 818
2035 838 555
2035 783 838
2035 1866 555
2035 1866 1178
955 1204 1584
955 1204 1157
955 1157 555
525 1268 838
1608 1268 595
1608 1268 1217
1608 801 595
1608 1814 801
1608 1814 1217
1484 668 1652
1484 1652 1657
1484 1400 1316
1484 668 1316
1484 734 1400
1484 1657 636
1484 734 636
265 1886 1055
265 737 1055
265 1886 985
265 985 254
265 737 254
573 1644 1919
573 1919 2021
573 812 2021
573 812 1352
573 1644 1352
1533 604 1151
1533 1944 1151
1533 604 339
1533 1944 339
642 93 1438
642 1534 93
642 1479 1438
642 1534 1479
1603 1278 701
1603 1278 511
1603 511 471
1603 289 471
1603 701 289
1638 96 462
1638 96 244
1638 784 462
1638 843 784
1638 843 244
346 306 1421
385 340 605
385 701 605
385 701 289
2039 1930 509
2039 911 1930
2039 911 1983
2039 509 1653
2039 1983 1653
347 1853 219
347 219 1996
347 1376 1853
347 1376 341
347 516 1996
347 516 341
1465 359 506
1465 731 1735
1465 1789 1735
1465 359 1789
1231 1958 1856
1231 449 1958
1231 1856 1137
1231 449 1137
968 1170 2040
968 1170 9
968 224 9
36 1527 1084
1966 1003 5
1966 218 5
1966 1003 1568
1966 218 1568
1100 1514 194
1748 1722 194
1508 1100 1514
1508 1520 486
1776 1634 1564
1776 377 1634
1776 377 432
1776 326 1564
1776 326 432
2005 1369 414
2005 922 414
2005 364 1369
2005 364 1564
2005 326 1564
2005 326 369
2005 922 369
451 369 1197
451 922 369
451 1197 475
451 290 475
451 922 414
451 290 414
826 1376 1013
826 1601 1523
826 911 1523
826 1601 1343
826 1013 1343
826 911 1930
826 1376 1930
942 1369 1004
942 2002 1004
942 2002 1369
1195 74 1063
474 335 249
474 335 1841
1228 335 1063
562 335 1841
562 1228 66
562 1228 335
1214 782 5
1214 1884 775
1312 80 507
1312 507 1884
1035 372 1063
1035 66 1063
1035 562 66
1035 562 1841
835 236 1374
835 650 1374
935 247 669
935 1011 247
798 1042 855
798 1042 1717
491 985 446
491 1659 985
1642 218 1185
1642 1412 218
1016 2044 342
1016 2044 2045
992 2044 1412
992 619 775
992 2044 619
409 2044 342
409 2044 619
1443 2045 1929
345 1443 1929
1450 1845 1884
90 294 1329
1464 1753 762
1464 1794 762
844 780 37
468 1046 762
1890 301 780
1238 1403 606
2010 1168 1121
2010 646 1359
2010 646 1121
250 1121 149
250 1558 1121
250 1558 1750
1064 1587 1315
1064 1587 1621
1064 30 1315
1064 1621 30
1379 1070 540
1379 1924 572
1379 1070 30
1379 1077 30
1379 1077 1924
1806 1743 1520
1931 1529 592
1931 343 1529
1931 832 343
1931 592 1620
1931 832 1620
967 1620 416
1646 900 1069
1646 225 900
84 900 1482
84 1482 793
443 1283 1520
443 659 1520
443 1283 1415
178 1639 1415
178 659 1639
178 443 1415
178 443 659
1049 295 582
1049 640 582
1049 640 295
841 881 1715
841 1434 1715
878 926 1715
878 1434 1715
2001 469 581
1844 57 1654
1844 1979 1654
1844 2001 581
1844 2001 1979
1082 226 269
1082 1979 226
1082 62 269
1082 469 62
1082 2001 469
1082 2001 1979
1824 1251 851
1824 1251 214
8 303 1028
635 862 614
55 303 1951
55 862 1951
55 635 862
55 635 614
1371 1103 1913
1371 759 1103
953 399 1207
953 759 399
953 1371 759
953 1207 587
953 1913 587
953 1371 1913
263 1103 1913
263 1430 1913
1793 434 594
1793 463 434
1793 725 594
1793 463 725
212 434 1859
212 1322 434
212 1859 923
212 42 923
212 1322 42
682 847 433
682 1322 847
578 567 2018
578 756 2018
578 756 1606
578 712 1606
578 567 712
1706 554 523
1706 319 523
1706 319 1847
1706 1847 77
1706 554 233
2042 1891 1783
2042 1674 1891
2042 1452 1783
2042 1466 376
2042 1452 1466
2042 1674 523
2042 554 376
2042 554 523
378 690 1471
378 596 690
378 1609 1471
378 596 1609
909 391 1536
909 785 281
909 1536 281
909 785 713
909 391 713
1685 685 1134
1685 1118 685
1685 1118 872
1413 1399 2046
1413 1118 2046
1413 1118 1399
1550 733 1723
1550 1375 1723
1550 1375 866
1550 866 713
1550 733 713
467 1847 559
467 319 1847
1509 717 559
1509 467 559
24 1674 523
24 319 523
24 1509 1674
799 238 1612
799 190 1612
799 180 238
806 676 52
806 233 52
800 806 233
1480 1455 995
1480 995 334
1480 717 1693
1480 717 1455
831 1454 1094
831 1969 1094
915 111 730
915 1539 111
915 1969 730
915 831 1969
915 831 1454
915 1454 2043
915 224 2043
915 224 520
915 1539 520
905 738 485
905 1739 738
1203 1051 1121
860 1090 37
860 1745 37
1067 1125 1953
1067 1937 1953
1494 1745 1398
1494 1937 1398
1494 1937 1745
1882 1067 1125
1945 1437 1125
1945 1506 1437
1945 1882 1125
1945 1882 1506
51 1424 626
51 808 1135
51 626 1135
51 1204 808
51 1424 1204
1254 580 783
1254 2035 783
1254 580 1178
1254 2035 1178
1607 1025 1584
1607 525 1025
1607 955 1584
1607 955 555
1607 838 555
1607 525 838
566 525 1025
566 525 1268
566 1268 595
566 801 595
566 1025 234
418 346 1421
418 346 1266
418 1266 2022
418 1527 2022
418 1527 1421
874 346 1266
874 1513 1645
874 1513 306
874 346 306
874 1923 1645
874 1923 68
874 1266 2022
874 68 2022
721 68 340
721 385 340
721 385 289
721 1923 289
721 1923 68
179 1465 506
179 1465 731
179 731 1754
179 622 1754
179 622 506
198 1527 2022
198 752 2022
198 752 2040
198 968 2040
1162 1084 103
1162 36 1084
1162 103 166
1162 166 485
1162 36 485
1871 1739 520
1871 905 1739
1871 36 485
1871 905 485
11 1871 36
1574 746 446
1574 602 446
73 602 446
73 602 1726
1427 602 749
1427 602 1726
1427 749 486
1427 1726 486
1941 1102 660
1941 1102 1244
387 1100 194
1274 1514 194
1274 1748 194
1274 1508 1514
1716 1508 1260
1716 1508 1100
1716 387 1260
1716 387 1100
1658 669 1884
1658 625 1884
946 138 625
1809 372 1063
1809 1195 1063
126 138 74
1982 696 80
681 365 1841
681 474 1841
1282 66 1063
1282 1228 1063
1282 1228 66
287 1593 5
287 1214 5
287 1593 983
789 696 80
789 56 696
789 80 507
23 228 372
23 1035 372
23 1035 1841
1900 371 313
1900 1042 313
1900 1042 1717
1990 285 1374
1990 236 1374
1091 1185 782
1091 1642 782
1091 1642 1185
1526 1642 1412
1526 992 775
1526 992 1412
1526 1642 782
1526 1214 775
1526 1214 782
1319 619 775
1922 345 1443
1497 3 1884
1497 1450 1884
918 1329 1929
918 294 1329
918 90 1929
918 90 294
1348 1329 1707
1122 1845 486
1122 90 486
1122 345 1845
612 356 486
1249 90 1929
478 1121 37
478 844 37
1976 1464 1794
207 301 229
919 107 606
1799 599 606
1799 1238 606
1799 1238 599
264 1060 298
264 1124 1060
264 148 298
264 17 148
264 1124 1986
264 17 1061
1740 382 1060
1740 1124 1060
618 253 1168
714 149 1750
714 250 1750
714 250 149
1215 1379 572
710 1508 1520
710 1806 1520
710 1508 1260
710 387 1260
710 1806 194
710 387 194
357 832 1620
357 832 343
1928 641 1520
1928 343 1520
195 1646 225
195 1069 416
195 1646 1069
195 641 1520
195 225 1520
1229 991 900
1229 84 900
1229 991 1069
1229 1069 793
1229 84 793
429 841 1434
429 1434 776
1636 1434 926
1636 878 926
1636 878 1434
222 1844 57
222 1844 1880
222 1880 1197
222 1197 475
222 57 475
997 1844 1880
1417 214 624
1417 1824 214
1417 1215 1379
1417 624 540
1417 1379 540
458 629 1823
458 1342 1823
458 1342 1391
1297 303 614
1297 55 614
1297 55 303
807 263 1430
807 820 215
807 1103 215
807 263 1103
1184 1322 42
1184 682 1322
1633 1875 1311
1633 1875 1769
1633 1769 1345
1633 1134 1345
1633 1685 1134
2030 1509 717
2030 1674 1269
2030 1509 1674
2030 1442 1269
167 24 319
167 24 1509
167 467 319
167 1509 467
1341 180 77
1341 799 180
1341 799 190
1341 1706 77
1341 1706 233
1341 800 233
906 2010 1168
906 253 1147
906 253 1168
12 1203 1051
655 1398 1953
655 1597 1953
1553 1745 37
1553 1265 37
1553 1265 6
1262 1506 1437
1262 954 1437
1262 1882 1506
1262 1553 1882
736 36 1527
736 11 36
736 198 1527
736 198 968
736 11 968
1651 968 224
1651 11 968
1651 224 520
1651 1871 520
1651 11 1871
600 1574 602
407 54 1722
407 660 194
407 1722 194
1738 1927 1102
1738 746 660
1738 1102 660
1548 1102 1244
1548 1927 1102
1821 1244 486
1821 1548 1244
1821 1548 1927
739 1274 1508
739 1508 486
1349 54 1722
1349 1756 1722
1370 798 1717
1370 247 669
1370 1717 247
1458 1187 1528
1458 1187 669
1458 1658 669
670 946 639
670 946 138
1293 625 639
1293 946 639
1293 946 625
245 138 74
121 228 372
1870 1982 696
1870 7 372
1870 7 696
1870 121 372
112 983 1261
112 287 983
1188 267 1136
1188 483 1136
355 789 507
355 789 56
1973 835 650
1973 1791 650
1973 184 236
697 650 1374
697 1791 650
697 107 1374
1758 1973 184
1758 1973 1791
1904 1443 2045
1347 1922 345
532 1433 3
532 1347 1433
124 1497 3
1908 282 345
20 282 345
20 124 3
20 1433 3
20 1347 1433
20 1347 345
703 90 345
703 1122 345
703 1122 90
804 1659 1707
2 90 2011
1686 90 486
880 90 2011
880 1643 90
969 1348 1329
969 1643 90
1101 90 345
1101 1249 90
1101 345 1929
1101 1249 1929
886 1816 827
886 827 149
886 1121 149
886 478 1121
1426 844 780
256 468 762
256 1563 468
787 1046 1753
787 825 1753
1576 468 1046
1519 207 301
1519 207 535
383 1890 301
541 382 1403
541 1740 382
854 1238 1403
854 1802 1238
1373 1168 1121
1373 618 1168
1373 618 253
1373 253 1147
1373 1203 1147
1373 1203 1121
1478 1743 194
1478 1808 194
1478 1808 1743
1649 1806 1743
1649 1808 1743
1649 1806 194
1649 1808 194
2016 357 1620
2016 357 343
2016 1928 343
2016 967 1620
2016 1928 967
162 1928 641
162 1928 967
162 967 416
162 195 416
162 195 641
720 1381 776
720 429 776
588 841 881
588 429 881
588 429 841
72 1880 1886
72 997 1880
72 581 133
72 1886 133
72 1844 581
72 997 1844
579 1417 1824
579 1417 1215
579 1824 851
579 851 572
579 1215 572
552 188 502
552 1152 502
402 8 303
402 1152 8
402 552 1152
402 188 303
402 552 188
944 1152 502
944 629 502
944 1062 629
981 8 1028
981 1391 1028
981 458 1391
981 458 629
79 1430 892
79 807 1430
79 820 892
79 807 820
425 1184 682
425 682 433
425 433 1420
425 42 1420
1030 1685 872
1030 1633 1685
1030 872 1311
1030 1633 1311
815 717 1693
815 2030 717
815 2030 1442
815 1442 334
815 1480 334
815 1480 1693
15 1341 190
15 1341 800
15 800 806
15 190 676
15 806 676
753 12 1203
753 2010 1359
753 906 2010
753 1099 1953
753 1099 1359
1264 860 1090
1264 472 1732
1150 860 1745
859 1553 1745
1683 1553 6
1683 1262 1553
1683 1262 954
1683 1625 6
1683 1437 1625
1683 954 1437
374 602 749
374 600 602
1858 1574 746
1858 177 1574
1447 600 1574
1447 177 1574
1447 1708 600
617 1038 54
617 1407 486
617 1038 486
1372 1962 1244
1372 1244 486
1372 1407 486
119 1941 1244
119 1962 1244
119 1941 660
119 407 660
119 1962 407
767 1821 1927
767 1821 486
767 1708 486
767 1447 1708
1095 1038 54
1095 1349 54
1095 1349 1756
1095 1038 486
585 1274 1748
585 739 1274
1499 1748 1722
1499 1756 1722
1499 585 1748
1499 585 739
1499 739 486
1499 1095 486
1499 1095 1756
524 1990 285
524 1990 1042
524 1042 855
440 1112 1187
440 1744 1187
440 1273 1112
440 1273 285
440 1744 285
1622 772 1187
1622 1744 1187
1622 1744 772
1762 1744 772
1762 772 1187
1762 351 1187
1762 351 285
1762 1744 285
1193 245 138
1271 74 285
1271 351 285
1899 56 696
1899 7 696
1899 7 507
1899 355 507
1899 355 56
1561 7 507
1561 870 507
698 1809 372
938 1809 1195
237 546 870
765 1870 1982
765 1870 121
765 121 228
765 23 1841
765 23 228
765 365 1841
765 1982 365
1037 1356 80
1037 1982 80
1037 1356 249
1037 1982 365
1037 1477 365
913 1312 80
913 1356 80
484 681 474
484 199 681
484 1477 474
484 199 1477
1014 1477 365
1014 199 1477
1014 681 365
1014 199 681
613 112 1261
613 112 287
613 276 1261
613 249 276
613 1136 249
1825 613 1136
1825 613 544
297 287 1214
297 544 287
1863 1188 267
1863 1312 1884
1863 1435 1884
1863 94 267
144 835 236
144 1973 236
144 1973 835
1409 697 107
1289 935 669
1289 935 1011
1289 669 1884
1289 1582 1884
358 1717 247
358 1900 1717
1232 207 229
125 1802 1414
603 608 1071
603 608 1127
715 1556 1233
1846 964 1505
1144 491 1659
1144 1731 356
386 356 491
386 1731 356
386 1144 491
386 1144 1731
927 73 446
927 73 1726
318 491 446
95 318 797
1879 1016 2045
1879 216 2045
1879 1016 342
1879 409 342
1879 409 619
1879 1319 619
601 1904 1443
1212 216 2045
1212 1904 2045
1212 1904 1319
1212 1879 1319
1212 1879 216
1333 345 1845
1333 1908 345
1401 1450 1845
2007 1836 282
2007 20 282
1307 20 124
1109 2 2011
1109 2 1348
1610 2 90
404 1686 90
404 1610 90
404 1610 2000
1022 612 486
1022 1686 486
728 90 1329
728 969 1329
728 969 90
410 880 2011
410 1109 2011
410 1109 1348
1237 969 1643
1237 969 1348
1237 410 1348
273 1976 844
273 1976 1794
78 43 65
813 478 844
1033 1500 780
1033 1426 780
1742 1890 780
770 1742 1890
770 1742 1074
1835 256 1563
1002 825 1753
565 1772 1500
2032 787 825
2032 565 1500
2032 565 825
781 2027 780
1079 141 468
1079 781 2027
1079 1563 468
1079 781 1563
323 141 468
323 1079 141
1999 278 1392
1999 323 1901
1999 1576 468
1999 278 1576
1999 1500 780
1999 1392 1500
1959 1765 148
314 2025 148
314 1765 148
829 1507 148
143 919 606
143 324 606
1894 1758 1791
743 1124 1986
743 1740 1124
674 541 1740
674 743 1740
674 743 849
1682 349 849
1682 674 541
1682 674 849
1682 541 1403
1682 349 1403
240 1802 1414
240 854 1802
1310 349 1127
1310 854 1127
1310 349 1403
1310 854 1403
539 349 1127
539 608 1127
539 349 849
539 743 1986
539 743 849
1105 264 1061
1105 264 1986
169 608 1071
169 539 608
169 539 1986
1355 429 881
1355 720 429
1355 881 1381
1355 720 1381
1680 1152 8
1680 944 1152
300 981 8
1792 1184 42
1792 425 42
1792 425 1184
803 1597 1953
803 753 1953
1085 1203 1147
288 472 1597
151 1264 1597
151 655 1597
571 1264 1597
127 1150 860
1334 655 1398
1334 1745 1398
1334 1150 1745
1334 127 655
1334 127 1150
1189 1553 1882
1189 1882 1067
1189 419 1067
1771 1372 1962
209 1738 1927
209 767 1927
1678 1273 285
1678 524 285
1678 1273 1112
1367 524 855
1367 798 855
1367 1370 798
1367 1678 524
1367 1678 1112
1367 1370 669
1367 1187 669
1367 1112 1187
1703 670 138
1703 670 639
1248 384 245
1248 311 384
1248 1458 1658
1248 311 1458
412 311 1458
514 245 74
514 1271 74
514 1271 1528
1040 1187 1528
814 698 372
393 546 870
1318 938 546
1318 60 546
1318 2037 1195
1318 2037 60
1257 938 1809
1257 938 546
998 698 870
998 237 870
998 315 237
998 698 1809
998 315 1809
904 1037 249
904 1037 1477
904 474 249
904 1477 474
616 483 1312
1180 1356 249
25 544 287
25 613 287
25 613 544
165 1825 1435
1939 1825 1136
1711 1696 1136
1711 1696 267
1775 1696 1136
1044 94 267
1044 1696 267
1044 1775 1696
950 483 1312
950 1954 1312
876 1188 483
1097 919 107
1097 919 542
205 697 1791
205 1409 697
205 919 542
205 1097 542
205 1894 1791
1299 1582 247
940 1582 247
940 358 247
1216 1802 1238
1216 125 1802
1216 1238 599
1635 184 236
1635 964 236
1635 964 1505
856 1758 184
856 1894 1758
856 715 1556
856 1894 1556
842 715 1233
842 1846 1233
842 1846 1505
1179 1846 964
1179 964 236
1179 1990 236
1179 1042 313
1179 1990 1042
153 797 1726
153 927 1726
153 318 797
153 927 446
1065 356 491
1065 318 491
1065 95 318
1887 797 1726
1887 1726 486
1887 356 486
1518 1904 1319
1518 601 1904
1108 1922 1443
1108 1595 1443
1770 1595 1443
1862 1401 20
1862 1401 1845
1031 2007 1836
1031 2007 20
1741 124 1497
1741 1307 124
1741 1497 1450
1549 1307 1450
505 1307 20
505 1549 1307
505 1549 1450
1795 426 612
1795 1697 426
1211 1144 356
1211 612 356
1211 426 612
1211 1697 426
448 2 1348
448 1610 2
448 1348 1707
448 2000 1707
448 1610 2000
1910 404 1686
1910 804 1707
4 1022 612
4 1022 406
1234 406 804
1234 1022 406
1234 1022 1686
1234 1910 804
1234 1910 1686
1467 880 1643
1467 1237 1643
1467 410 880
1467 1237 410
1358 886 478
1358 38 478
262 536 678
1855 273 844
1855 678 1794
1855 273 1794
139 38 478
139 1691 478
1006 78 65
1006 1816 65
1006 886 1816
1169 139 259
1169 78 43
1169 139 78
1893 1426 844
1893 1131 844
1878 1976 844
1878 1131 844
693 1464 1753
183 1772 1500
183 1033 1500
183 1002 1753
768 1700 256
768 1700 82
1751 1835 1074
26 2032 1500
26 1392 1500
26 394 1392
118 2032 787
118 787 1046
118 394 1046
118 26 394
118 26 2032
632 1742 780
632 781 780
1210 394 1392
903 2027 780
903 1999 780
577 1999 468
577 1999 1901
577 323 468
577 323 1901
811 770 1074
543 314 2025
902 1519 535
902 1519 301
902 28 301
661 28 301
661 383 301
661 383 948
1143 777 1410
1205 17 1061
1205 164 1061
1205 17 148
1205 164 148
1444 1894 1556
1292 324 606
1009 240 1414
1009 854 1127
709 1105 1061
709 1105 1986
320 164 1061
320 1143 164
1093 709 962
1093 169 1071
1093 169 1986
1093 709 1986
1632 1680 8
1632 300 8
1632 300 1062
1402 944 1062
1402 1680 944
1402 1632 1062
1402 1632 1680
473 1062 629
473 300 1062
380 981 629
380 300 981
380 473 629
380 473 300
1810 1264 1090
1810 1264 472
479 1712 564
479 1051 1090
479 564 1051
869 1712 564
521 803 753
521 1810 803
521 1810 1090
788 753 1203
405 753 906
517 472 1732
517 288 472
517 1732 1597
517 288 1597
1833 1264 860
1833 151 1264
1833 655 860
1833 151 655
893 1264 1732
893 571 1264
893 1732 1597
893 571 1597
1338 655 860
1338 127 860
1338 127 655
1579 859 1553
110 496 1553
110 1189 1553
1938 419 1067
1938 1067 1937
1938 110 496
1938 1189 419
1938 110 1189
122 1708 600
122 1286 1708
122 374 600
122 1286 374
1736 374 749
1736 1286 374
1736 1286 1708
1736 749 486
1736 1708 486
50 1962 407
50 1771 407
50 1771 1962
883 1771 407
883 1771 1372
883 407 54
883 617 54
883 617 1407
883 1372 1407
1727 1858 177
1727 1447 177
1727 767 1447
85 1193 138
85 1703 138
85 1703 639
477 1193 245
477 1248 245
477 1193 1658
477 1248 1658
1050 514 245
1535 311 384
1535 412 311
1535 1050 412
1535 384 245
1535 1050 245
2031 514 1528
2031 514 412
2031 1458 1528
2031 412 1458
428 1040 1528
108 428 1040
83 1040 1187
83 108 1040
1404 1561 870
591 698 870
591 814 698
1503 7 372
1503 814 372
102 1195 74
102 2037 1195
1501 60 546
1501 393 546
1729 138 625
1729 126 138
1837 870 507
1837 393 870
1837 625 507
1837 1729 625
1301 938 1195
1301 1318 1195
1301 1318 938
949 237 546
949 1257 546
949 315 237
1242 913 1312
1242 616 1312
686 913 1356
686 1180 1356
810 1939 1136
1363 165 1825
1363 1939 1825
1363 1939 165
1360 839 1214
200 839 1214
437 1711 1136
437 1711 267
1489 1775 1136
1489 810 1136
704 1863 1188
304 950 483
304 876 483
304 950 1954
304 1954 1312
1005 205 1409
1005 205 1097
1005 1409 107
1005 1097 107
1790 205 919
1790 143 919
960 1289 1582
960 1299 1582
1115 735 1233
1115 1582 1884
1115 229 1884
1115 1556 229
1115 1556 1233
1912 735 1900
1912 735 1233
1912 1900 371
1912 232 371
1912 1846 1233
1912 232 1846
1111 1947 1080
299 1114 1556
299 1111 1114
299 1947 1071
299 1111 1947
203 1947 1080
203 1981 1232
203 1232 207
203 207 535
1431 1556 229
2033 856 715
2033 1635 184
2033 856 184
1429 371 313
1429 232 313
1429 232 371
972 1635 1505
972 842 1505
569 232 1846
1015 318 446
1015 153 446
1015 153 318
901 95 797
901 1887 797
901 1887 95
1072 1065 95
1072 1887 95
1072 1065 356
1072 1887 356
984 1884 775
984 1319 775
956 1728 1884
1827 1770 1728
1827 1770 1595
1827 956 1728
1166 1728 1884
1166 1770 1728
1166 984 1884
1617 1908 282
1617 1836 282
1617 1446 1836
1142 1862 1836
1142 1031 1836
1142 1031 20
1989 1741 1450
1989 1741 1307
202 505 20
202 505 1450
1780 1795 612
1780 1795 1697
1780 804 1659
1780 1697 1659
899 1144 1659
899 1211 1659
899 1211 1144
211 1697 1659
211 1211 1659
211 1211 1697
388 2000 1707
388 131 1707
388 131 2000
2020 404 2000
2020 131 2000
181 1691 478
181 139 259
181 139 1691
1594 914 536
1594 1794 65
1594 43 65
1594 678 1794
1594 536 678
1819 262 844
1819 262 536
1819 914 844
1819 914 536
197 1855 678
1440 139 38
1440 139 78
1440 1006 78
1440 1358 38
1440 1358 886
1440 1006 886
568 1169 43
568 1169 813
568 135 43
71 813 478
71 1169 813
71 1169 259
71 181 478
71 181 259
1532 1878 1976
858 1893 1426
858 1893 1131
858 1033 1426
858 675 1033
858 693 1753
858 675 1753
2019 1878 1131
2019 693 1878
1957 183 1002
1462 632 1742
1462 781 1563
1462 632 781
773 1742 1074
773 1472 1742
1411 2025 148
794 1411 677
729 256 762
729 1700 256
951 1835 256
951 768 256
2029 584 1772
2029 1957 1002
2029 1002 825
2029 584 825
494 565 1772
494 584 1772
494 565 825
494 584 825
1895 278 1392
1895 278 1576
1245 394 1046
1245 1210 394
1245 1576 1046
1245 1895 1576
397 323 1079
397 1079 2027
397 903 2027
397 1999 323
397 903 1999
1849 1959 1765
633 1849 1765
633 1849 811
1656 902 28
1032 661 28
1032 1852 1629
1032 1852 661
1889 383 948
1544 628 1507
1544 457 628
1822 457 628
1822 1081 628
1052 770 1890
1052 1081 1890
422 1052 1081
1259 599 606
1259 1292 606
1490 1216 125
1490 125 1414
965 1292 324
965 143 324
965 1790 143
965 205 1894
965 1790 205
1897 240 854
1897 1009 854
1897 1009 240
1980 1810 472
1980 1810 803
1980 472 1597
1980 803 1597
945 479 1090
189 12 1051
189 564 1051
189 869 564
31 521 753
31 521 1712
31 869 1712
31 189 869
31 753 12
31 189 12
727 521 1090
727 521 1712
727 945 1090
727 479 1712
727 945 479
1668 788 753
708 906 1147
708 405 906
589 1085 1147
589 708 1147
589 708 405
589 1085 753
589 405 753
1876 496 1553
1876 1579 1553
1876 1938 496
258 209 767
258 1727 767
258 209 1738
258 1727 1738
1571 1858 746
1571 1727 1858
1571 1738 746
1571 1727 1738
1834 1193 1658
1834 85 639
1834 625 639
1834 1658 625
1387 514 412
1387 1050 412
1387 1050 514
1798 1271 351
1798 108 351
86 108 351
86 83 108
86 351 1187
86 83 1187
261 1404 870
261 591 870
261 591 814
1960 1561 7
1960 1503 7
761 1404 1561
761 1960 1561
761 1960 1503
852 949 1257
852 949 315
852 1257 1809
852 315 1809
1524 1136 249
1541 1939 165
1541 810 1939
1541 165 1435
1541 1863 1435
1541 1863 94
766 1825 1435
766 1360 1825
360 297 1214
360 200 1214
982 267 1136
982 437 1136
982 437 267
1139 1489 810
1139 1541 94
1139 1541 810
1995 1139 94
1995 1139 1489
699 1044 1775
699 1489 1775
699 1995 1489
699 1044 94
699 1995 94
266 876 1188
266 704 1188
266 304 876
266 304 1312
266 1863 1312
266 704 1863
1720 1299 247
1720 1011 247
1720 1289 1011
231 940 358
231 1115 358
231 940 1582
231 1115 1582
146 358 1900
1909 603 1556
1909 299 1556
1934 203 535
1883 1111 1080
1670 1179 1846
1670 569 1846
1670 569 1179
702 1179 313
702 569 1179
702 232 313
702 569 232
1456 601 1443
1456 984 1443
176 1347 1922
176 532 1347
176 887 1884
176 3 1884
176 532 3
1469 1108 1922
308 1469 1108
308 1469 887
308 887 1884
308 956 1884
2012 1108 1595
2012 308 1108
2012 308 956
846 1827 1595
846 1827 956
846 2012 1595
846 2012 956
1950 1166 1770
1418 984 1443
1302 1446 1908
1302 1617 1908
1302 1617 1446
1320 1650 1908
174 1862 20
174 1142 20
174 1142 1862
370 1307 1450
370 1989 1450
370 1989 1307
1383 1401 20
1383 202 20
1383 1401 1450
1383 202 1450
292 1780 612
292 1780 804
292 4 612
292 406 804
292 4 406
243 1910 404
243 2020 404
243 2020 1910
623 1910 1707
623 2020 1910
623 131 1707
623 2020 131
1538 1594 43
1933 914 844
1933 436 844
966 197 678
966 1855 844
966 197 1855
819 813 844
819 436 844
819 1453 436
1280 1976 1464
1280 1532 1976
1078 1280 1464
1078 1280 1532
1831 693 1878
1831 1532 1878
865 183 1753
1332 183 1033
1123 2019 1131
1123 2019 693
1123 858 1131
1123 858 693
33 1462 1742
33 1462 1563
834 1835 1563
834 33 1563
643 811 770
643 633 811
898 1751 1835
898 951 1835
652 898 1751
652 898 951
1914 2029 1772
1914 2029 1957
1914 183 1772
1914 1957 183
750 1210 1392
750 1895 1392
750 1245 1210
750 1245 1895
638 811 1074
332 408 811
332 687 1959
332 408 1959
239 314 1765
239 633 1765
470 1656 1629
470 1852 1629
470 1656 902
470 902 535
470 1143 777
470 1143 164
470 1934 535
1314 1656 1629
1314 1032 28
1314 1032 1629
159 164 148
159 1542 148
159 470 164
159 470 1852
159 661 948
159 1852 661
1463 1068 948
1463 1889 948
286 829 1507
286 1544 1507
421 1889 383
421 1544 1889
421 1544 457
421 383 1890
421 457 1890
1223 829 148
1223 1191 829
1755 1081 1890
1755 1822 1081
1755 457 1890
1755 1822 457
2038 1052 1507
2038 1052 794
2038 1507 148
2038 1411 148
2038 794 1411
908 1052 1507
908 422 1052
173 1081 628
173 422 1081
1354 1259 599
1354 1259 1444
1354 1490 1444
1354 1216 599
1354 1490 1216
937 1444 1894
937 1259 1444
937 1259 1292
631 1490 1414
631 1490 1444
631 1009 1414
631 1009 1127
631 603 1127
631 603 1556
631 1444 1556
1902 965 1894
1902 937 1894
1119 1934 203
1119 777 1410
1119 470 777
1119 470 1934
1174 1143 1410
1174 320 1143
508 1093 962
508 979 962
508 979 1337
508 1093 1071
508 1947 1071
508 1337 1947
771 1337 1947
771 203 1947
771 1119 203
771 1119 1410
493 1174 320
493 771 501
493 771 1337
1943 1668 788
1943 1085 1203
1943 788 1203
1943 1085 753
1943 1668 753
221 1876 1579
221 1579 859
816 85 1193
816 1834 85
1817 108 428
1817 1798 108
1872 1503 814
1872 761 1503
1872 761 1404
1872 261 814
1872 261 1404
1689 2037 60
1689 336 60
1689 102 2037
271 1501 60
271 336 60
411 1089 393
411 1837 393
411 271 1089
411 1729 126
411 1837 1729
411 126 74
411 271 74
1942 1501 393
1942 1089 393
971 1242 616
1227 1242 913
1227 1524 249
1227 1180 249
1227 686 913
1227 686 1180
630 1360 1214
630 766 1360
630 1214 1884
630 1435 1884
630 766 1435
1984 1360 839
586 1825 544
586 1360 1825
34 586 544
34 586 755
217 960 1299
217 1720 1299
217 960 1289
217 1720 1289
1476 1115 358
1476 146 358
1476 146 1115
597 146 1115
597 735 1900
597 146 1900
1829 299 1071
1829 1909 299
1829 603 1071
1829 1909 603
192 1111 1114
192 1883 1111
1053 1114 1556
1053 1431 1556
1585 1883 1080
44 203 1981
44 1213 1981
44 203 1080
44 1585 1080
44 1213 1431
44 1585 1431
1867 1232 229
1867 1431 229
1867 1213 1431
329 972 1635
329 1752 1635
104 842 715
104 2033 715
1019 1456 601
29 1456 984
29 1518 1319
29 984 1319
29 1019 1456
29 1518 601
29 1019 601
1955 1469 1922
1955 176 887
1955 1469 887
480 1770 1443
1327 1166 984
1327 1418 984
1921 1446 1908
1921 1320 1908
1921 1446 1836
763 1333 1845
763 1333 1908
763 1650 1908
1117 1594 914
1117 1933 914
1117 1538 1594
1117 1933 1538
610 262 678
610 966 678
610 262 844
610 966 844
63 1933 436
63 1453 436
63 1538 43
63 1933 1538
63 819 1453
63 135 43
63 819 135
395 819 813
395 568 813
395 568 135
1486 1831 1532
309 675 1033
309 1332 1033
1186 865 183
1186 1332 183
1186 865 1753
1076 1472 1742
1076 33 1742
1076 834 1472
1076 834 33
518 1411 677
627 543 2025
627 543 314
627 643 633
627 239 314
627 239 633
1029 794 677
1029 1734 794
875 652 951
875 768 82
875 951 768
522 161 82
1300 1700 82
1580 401 762
1580 687 1959
1580 401 161
1580 148 762
1580 1959 148
1580 687 307
1580 522 307
1580 522 161
420 1849 811
420 408 811
420 1849 1959
420 408 1959
747 687 307
747 332 687
1952 1656 28
1952 1314 28
1952 1314 1656
27 1276 1542
69 1463 1889
1839 286 1068
1839 286 1544
1839 1463 1068
1156 286 1068
1156 1068 948
1156 1191 948
1591 1276 1542
1591 1542 148
1591 1223 148
1267 908 422
1267 173 422
1267 908 1507
1267 628 1507
1267 173 628
1786 937 1292
1786 1902 937
1786 965 1292
1786 1902 965
213 1174 1410
213 771 1410
213 771 501
213 493 501
213 493 1174
123 709 1061
123 709 962
123 979 962
168 979 1337
168 493 1337
168 493 320
168 123 979
168 320 1061
168 123 1061
1803 221 859
1803 221 1876
1803 1938 1937
1803 1876 1938
928 1834 1193
928 816 1193
1684 428 1528
1684 1817 428
1684 1271 1528
1684 1817 1798
957 102 74
957 1689 102
957 271 74
957 1689 336
957 271 336
1145 271 1501
1145 1942 1501
1145 271 1089
1145 1942 1089
431 971 616
431 971 1524
431 616 483
431 483 1136
431 1524 1136
1543 971 1242
1543 971 1524
1543 1227 1242
1543 1227 1524
1291 1984 1360
688 586 1360
688 586 88
688 1291 1360
688 1291 88
1502 360 200
1559 1291 1984
1559 1291 88
1559 586 755
1559 586 88
1252 1115 735
1252 597 735
1252 597 1115
1865 192 1114
1865 1053 1114
1865 192 1883
1865 1585 1883
1865 1053 1431
1865 1585 1431
593 1213 1981
593 1867 1213
279 1752 1635
1326 972 842
1326 329 972
296 329 1752
296 1326 329
296 104 842
296 1326 842
1018 2033 1635
1018 104 2033
1018 279 1635
1813 176 1922
1813 1955 1922
1813 1955 176
70 1418 1443
70 480 1443
510 70 1418
510 70 480
466 1320 1650
466 763 1650
466 763 1845
466 1921 1320
466 1862 1845
466 1862 1836
466 1921 1836
533 819 135
533 395 135
533 395 819
163 1078 1532
163 1486 1532
163 1078 1464
163 693 1464
163 1831 693
163 1486 1831
528 309 1332
528 1186 1332
528 1186 1753
528 675 1753
528 309 675
1386 834 1472
1386 959 834
1325 959 834
1325 834 1835
1325 1386 959
1325 1835 1074
1325 773 1472
1325 1386 1472
925 518 643
925 627 643
1120 643 770
824 1052 794
824 932 794
1303 1734 794
1303 932 794
1303 932 770
531 875 82
531 875 652
531 652 1751
531 1751 1074
758 522 82
758 638 1074
1133 729 762
1133 729 1700
172 401 762
172 1300 401
172 1133 762
172 1300 1700
172 1133 1700
454 161 82
454 1300 82
454 401 161
454 1300 401
664 522 307
664 758 638
664 758 522
1669 332 811
1669 747 332
1669 638 811
1669 664 638
1669 747 307
1669 664 307
764 159 1542
764 27 1542
1008 159 948
980 1544 1889
187 1191 829
187 1156 1191
187 286 829
187 1156 286
1785 1223 1191
1785 1591 1223
791 859 1745
791 1803 859
791 1937 1745
791 1803 1937
792 816 1834
792 928 1834
792 928 816
574 1798 1271
574 1684 1271
574 1684 1798
459 34 544
459 1502 34
459 297 544
996 200 839
996 1502 200
1702 1867 1232
1702 593 1867
1702 1981 1232
1702 593 1981
897 279 1752
897 296 1752
897 296 104
897 1018 104
897 1018 279
1974 510 480
1974 1950 1770
1974 480 1770
1974 1950 1166
1974 1327 1166
1565 773 1074
1565 1325 1074
1565 1325 773
1246 518 1411
1246 925 518
1236 1029 1734
1236 1120 1734
1236 1120 643
1236 518 643
1236 518 677
1236 1029 677
375 932 770
375 824 932
375 1052 770
375 824 1052
563 1120 1734
563 1303 1734
563 1120 770
563 1303 770
963 531 1074
963 531 82
963 758 1074
963 758 82
583 764 159
583 764 27
583 1008 159
583 1008 27
760 1839 1544
760 69 1889
760 980 1889
760 69 1463
760 1839 1463
1704 1785 1191
1704 1785 1591
1704 1591 1276
1704 27 1276
1704 1008 27
1704 1191 948
1704 1008 948
1485 1502 360
1485 459 1502
1485 360 297
1485 459 297
1198 1502 34
1198 996 839
1198 1984 839
1198 1559 1984
1198 34 755
1198 1559 755
890 1974 1327
890 1974 510
890 1327 1418
890 510 1418
1624 925 627
1624 1246 925
1624 1246 1411
1624 1411 2025
1624 627 2025
1339 980 1544
1339 760 1544
1339 760 980
1036 996 1502
1036 1198 1502
1036 1198 996
