 -9.49833823e-02 -5.59561954e-01
 -1.22615862e-01 1.14157890e-01
 -1.07996165e-01 1.02165021e-01
 -1.29184105e-01 1.19457553e-01
 -8.74591445e-02 9.01427818e-02
 9.99717101e-03 1.81935222e-02
 -6.05834504e-02 7.24909895e-02
 -2.26556467e-01 2.53997226e-01
 3.38888420e-01 4.64429893e-01
 1.68653119e-01 7.64998361e-01
 4.02409887e-01 3.91355109e-01
 -3.70091263e-03 3.01661582e-02
 1.20293966e-01 7.84367249e-01
 2.56290663e-01 7.71702183e-01
 1.01528151e-01 -6.65180776e-01
 2.12234301e-01 1.93681360e-01
 -3.09519861e-02 5.59003981e-02
 -4.05441708e-01 4.17469745e-01
 1.65942788e-01 -6.20048129e-01
 -1.12702149e-01 1.05763777e-01
 3.79401142e-01 -7.10871976e-01
 2.59193635e-01 -6.59347943e-01
 -6.12312960e-02 7.42068499e-02
 1.36167179e-01 -7.36438331e-01
 -8.56241885e-02 8.90780414e-02
 -1.66840970e-02 4.13775021e-02
 -2.90777923e-02 5.19808025e-02
 -3.06607597e-02 5.28916941e-02
 -9.57086928e-02 9.46610784e-02
 -2.09957954e-01 2.27304117e-01
 -3.40551733e-03 3.00366383e-02
 -3.65840781e-01 -3.52605371e-01
 -1.95942351e-02 4.39849991e-02
 -7.98989609e-02 8.49851731e-02
 1.80728112e-01 8.48529626e-01
 4.05186835e-01 3.42187259e-01
 -1.14975029e-01 -9.28139552e-02
 -9.14391550e-03 3.48155077e-02
 1.26945666e-01 2.72972739e-01
 1.37193699e-01 -4.92263548e-01
 6.80373632e-02 -5.24208006e-01
 -9.46633249e-02 -8.03700198e-01
 -1.10765845e-02 3.65969041e-02
 -3.22462606e-02 5.41430118e-02
 -1.92294202e-01 -3.89198002e-01
 -2.38028428e-01 -1.64421004e-01
 -2.22122460e-01 -1.80830571e-01
 2.40438897e-01 5.77807178e-01
 -3.39968424e-01 -2.70470979e-01
 -1.54358841e-01 1.44231268e-01
 5.24608939e-01 -6.98207160e-01
 3.83336461e-02 -6.72090399e-01
 -6.15273070e-02 6.46229416e-01
 -1.60511036e-01 1.51070009e-01
 -2.20031109e-01 2.42874264e-01
 -6.09527679e-02 7.26641568e-02
 1.30355166e-02 6.09687616e-01
 5.89130484e-01 -2.08018531e-01
 -1.83189106e-01 8.16411448e-01
 -5.72553399e-02 7.12888446e-02
 6.52884386e-01 -4.51950264e-01
 -1.93372198e-02 4.70019004e-01
 -1.10741207e-02 3.65910559e-02
 6.14553745e-01 7.58912167e-01
 -8.45018176e-03 3.44922576e-02
 -6.14524601e-02 7.48217329e-02
 7.59024603e-01 -4.55872934e-01
 5.17912456e-01 5.18237972e-01
 -2.71431603e-02 5.04462570e-02
 -9.90376468e-02 9.66497512e-02
 -9.84147736e-03 3.54496722e-02
 1.68923946e-02 5.34548882e-01
 -1.38988136e-01 1.28358509e-01
 -5.69936757e-02 7.16060889e-02
 -3.21540268e-01 -8.63409046e-02
 6.81176225e-01 3.74206392e-02
 1.23177415e-01 -6.82682522e-01
 -8.54199724e-03 3.45558495e-02
 -2.36397928e-01 2.71768284e-01
 -6.11445760e-02 7.27597920e-02
 -1.61063263e-01 -6.00337064e-01
 -2.03900724e-02 4.53442948e-02
 -4.88112789e-02 6.61763394e-02
 -1.89049973e-01 1.90244699e-01
 -5.27799621e-02 6.81777744e-02
 -4.86562633e-02 6.61199681e-02
 5.31019694e-01 1.18463773e-01
 -7.86333087e-02 8.41147762e-02
 4.10032287e-03 -6.57225659e-01
 -1.17876358e-01 1.08909410e-01
 6.66803110e-01 4.62821300e-01
 8.49287022e-02 6.81684190e-01
 5.19796667e-01 7.37669083e-01
 -7.54596692e-02 8.14760197e-02
 -1.35506107e-01 1.25068869e-01
 5.96777119e-01 6.56149145e-01
 1.06010270e-02 7.66762344e-01
 3.26188579e-01 6.35298831e-01
 -1.35823659e-02 -6.49164132e-01
 7.14110259e-01 4.67652154e-01
 -7.61046589e-01 6.76199360e-01
 -5.70726630e-02 7.14917754e-02
 4.79726152e-01 3.27825255e-01
 -3.96895625e-02 6.01032009e-02
 1.64519167e-01 -4.67157617e-01
 3.14547136e-01 6.41270500e-01
 -3.64488744e-02 5.96028533e-02
 -4.89826617e-02 6.63492412e-02
 -1.69920403e-01 -6.32577818e-01
 5.14828242e-03 2.27123956e-02
 2.46176174e-01 3.60789395e-01
 -8.64608739e-02 8.97152133e-02
 6.30048397e-01 3.98227776e-01
 4.80551326e-01 -2.63556128e-01
 -4.78119962e-02 -3.67551267e-01
 5.81638067e-01 -7.44987239e-01
 -2.47912899e-01 2.93938697e-01
 -1.66514973e-02 4.16385132e-02
 -1.52800523e-01 1.42619081e-01
 -9.79754525e-02 6.46374622e-01
 -6.11403049e-02 7.36641822e-02
 -1.41930757e-01 1.31139624e-01
 -3.13867897e-02 5.53716155e-02
 -1.09013610e-01 1.02851077e-01
 -3.32267251e-02 5.69727262e-02
 -5.46841732e-02 6.97074046e-02
 1.06776996e-03 2.62798462e-02
 -5.26340525e-01 7.05336664e-01
 -1.01812773e-01 5.84207095e-01
 -7.24155465e-01 1.56353020e-01
 -1.25024866e-01 1.16178999e-01
 -5.52355594e-01 -6.53160346e-01
 2.50906582e-02 4.49671693e-01
 3.69799943e-01 1.26345504e-01
 -1.07884045e-02 3.62330160e-02
 6.20617882e-01 7.53521324e-01
 -4.10390650e-01 7.43018113e-01
 -5.44801408e-02 6.95829262e-02
 -9.43522819e-03 3.51600864e-02
 6.78345279e-01 -2.54303009e-01
 -1.78201181e-02 4.24749388e-02
 3.75601431e-01 1.94904156e-01
 -3.53649132e-02 5.83805516e-02
 -3.71926617e-02 5.99402715e-02
 2.13434919e-01 7.96861695e-01
 -4.35459178e-02 6.24134289e-02
 -1.96404188e-01 -5.26059662e-01
 -3.08893414e-02 5.60352121e-02
 -7.68488331e-03 3.37153747e-02
 -5.96135848e-01 -5.79261320e-01
 -1.16293196e-04 2.72376528e-02
 5.96834000e-01 5.31442026e-01
 -1.36687099e-01 1.26225060e-01
 -3.93739724e-01 -2.79269302e-01
 7.54272741e-01 -3.06146599e-01
 -2.73078801e-01 -1.28638717e-01
 -1.91173186e-01 1.93462380e-01
 -9.00000000e-01 2.97618039e-01
 -2.91162983e-02 5.21268380e-02
 2.00714174e-01 -6.88437320e-01
 -2.14454570e-02 4.67512732e-02
 -1.79418666e-01 1.76963745e-01
 -1.33745397e-02 3.86863959e-02
 -3.08783280e-02 5.52421069e-02
 -7.71275748e-02 8.24962772e-02
 4.50385660e-01 2.68875381e-01
 1.36851089e-01 -7.20987721e-01
 -3.13521894e-02 5.53349894e-02
 -3.17613926e-02 5.57391731e-02
 -6.05162569e-01 -2.10971501e-01
 5.25645731e-01 8.19394222e-02
 -2.06015245e-02 4.60802346e-02
 -2.62291841e-02 4.99268432e-02
 -1.12759361e-01 1.05664395e-01
 7.09542620e-01 -3.57185606e-01
 -1.06553429e-01 1.01195714e-01
 -1.43223481e-01 1.32462660e-01
 -2.00283454e-01 2.07152132e-01
 3.00176420e-01 7.68223272e-01
 1.30139002e-01 -6.77446003e-01
 -9.57795401e-03 3.51975849e-02
 -2.94070813e-01 3.61150502e-01
 -1.55621829e-02 4.04630461e-02
 -3.84280640e-02 5.99777871e-02
 1.54430782e-01 7.28833740e-01
 4.47201721e-01 -4.63028192e-01
 -2.79056422e-02 5.11945540e-02
 -2.22007089e-01 2.46608171e-01
 -3.58308972e-03 3.00685973e-02
 1.06475998e-01 -6.57763331e-01
 2.96391924e-01 6.30344187e-01
 -3.24381731e-02 5.42940045e-02
 2.10630024e-01 2.05272624e-01
 -1.71410609e-01 1.66072119e-01
 -1.84533812e-01 1.83600297e-01
 -6.64310308e-03 3.29651121e-02
 -1.19359250e-02 3.73010625e-02
 4.28098339e-01 4.27995908e-01
 -6.29183481e-02 7.55016122e-02
 -8.34948044e-02 8.71516660e-02
 4.57890724e-01 7.18624007e-01
 -1.11797775e-01 1.04849909e-01
 -3.14005375e-02 5.44369617e-02
 5.87688102e-02 7.98669023e-01
 -3.66549996e-02 5.92057165e-02
 -2.50174359e-01 -6.40917757e-01
 -3.14688132e-02 5.34068437e-02
 -1.09213710e-02 -7.98405522e-01
 -1.45656573e-01 1.34823023e-01
 -5.53885455e-01 7.20635107e-01
 -1.31468978e-01 1.21600624e-01
 -7.30341904e-02 -7.78631783e-01
 -3.12855781e-02 5.49724597e-02
 -2.13817874e-01 2.32947077e-01
 -2.34996442e-01 2.70303141e-01
 -9.38195570e-02 9.37143736e-02
 -4.53333030e-02 6.32768854e-02
 -8.82064068e-02 9.07279796e-02
 1.96992963e-01 6.39368836e-01
 7.10197728e-02 -7.19999607e-01
 4.19073690e-03 2.35592657e-02
 2.72354233e-02 5.88827248e-01
 6.66356282e-02 -4.34225278e-01
 3.27945777e-01 4.37899874e-01
 -1.85140629e-01 1.84456813e-01
 -1.20118115e-01 5.23022427e-01
 -3.41156359e-01 -1.55899475e-01
 -6.12210890e-02 7.41701898e-02
 -3.15655249e-02 5.34371906e-02
 -4.63004414e-01 -4.14084488e-01
 -4.42145351e-02 6.25550468e-02
 -4.19061948e-02 6.17660334e-02
 9.11260418e-02 -6.79798334e-01
 5.84863097e-01 -7.83269617e-01
 1.94288466e-01 7.71263765e-01
 -3.73655723e-02 6.00164152e-02
 -5.90483603e-02 7.19932135e-02
 1.33111955e-01 -6.61747491e-01
 -2.29837809e-02 4.79773972e-02
 -3.28175326e-02 5.68262471e-02
 7.78185495e-02 -7.94070556e-01
 4.79621186e-01 4.05755522e-01
 -1.26176547e-01 1.17096613e-01
 5.97098474e-01 6.83058395e-01
 -5.02603746e-02 6.71058214e-02
 1.37612644e-01 -8.21728808e-01
 -4.55218671e-02 6.39108468e-02
 -2.25049730e-01 -8.99408164e-02
 -6.39013359e-02 7.61566465e-02
 -7.52990112e-03 3.35876566e-02
 1.33097042e-01 6.05396922e-01
 -3.29234850e-01 -1.56765746e-01
 -5.75950759e-03 3.19116496e-02
 1.44082477e-01 3.82755846e-01
 3.42159855e-01 6.58985927e-01
 -2.02711181e-02 4.58091190e-02
 5.36311428e-01 7.68383982e-02
 -1.45423589e-01 1.34598783e-01
 -9.82383551e-03 3.54540721e-02
 -1.29025567e-01 7.07849904e-01
 -6.00540721e-02 7.22316767e-02
 -1.17943529e-02 3.71560823e-02
 -2.37422076e-01 2.73818856e-01
 -3.11930063e-02 5.59779063e-02
 1.10515135e-01 4.40375392e-01
 -7.14030484e-02 7.88214377e-02
 -7.34638261e-02 8.01972425e-02
 -1.42687840e-01 -8.76046442e-02
 -1.14766317e-01 4.96021976e-01
 -5.42157939e-01 -9.52516249e-02
 -5.65963677e-02 7.10867472e-02
 7.43540803e-01 9.43102922e-02
 -1.26497591e-02 3.79584837e-02
 1.08592553e-01 6.72956305e-01
 6.48488442e-01 3.11695867e-01
 1.27162452e-01 1.84138440e-01
 1.30709136e-01 6.41567234e-01
 -1.72971488e-02 4.20755628e-02
 -3.97037055e-02 6.02416356e-02
 1.37975371e-01 6.50657000e-01
 -2.08791467e-01 -2.85340647e-01
 -1.14202518e-01 1.06757014e-01
 2.80220435e-01 -8.17756973e-01
 -1.23959519e-01 7.75089726e-01
 -4.65058864e-02 6.49667001e-02
 -2.78534705e-02 5.11758451e-02
 -8.56501706e-02 8.90605327e-02
 -9.31704711e-04 2.79853497e-02
 5.43053331e-01 5.50020515e-01
 1.37946389e-02 6.31255469e-01
 -2.41560763e-01 -5.30424564e-01
 -1.29461287e-01 1.19697413e-01
 6.59960354e-01 -2.76360276e-01
 -1.18627209e-01 1.11153988e-01
 -2.76684499e-01 3.44595819e-01
 -4.01410758e-02 6.04570814e-02
 -8.50376915e-02 8.86680321e-02
 -3.12292289e-02 5.64109721e-02
 -3.22706283e-02 5.52827299e-02
 -2.29175939e-01 2.58799097e-01
 -3.14866069e-02 5.33771404e-02
 -1.36708080e-01 -1.00472803e-01
 -2.21149797e-01 2.44650415e-01
 -7.01477056e-02 7.81025496e-02
 -4.71244370e-01 -2.17953435e-01
 5.51610895e-01 4.23312005e-01
 -2.19902103e-02 4.72159771e-02
 -1.04563458e-01 9.98973579e-02
 -1.49784397e-02 4.00193682e-02
 -1.54187626e-01 -6.24723697e-01
 -5.08324394e-02 6.69904938e-02
 -1.66400475e-01 5.38576377e-01
 -4.17556034e-02 6.18002159e-02
 -2.33766766e-02 4.83013758e-02
 -5.90146275e-02 7.19982539e-02
 5.96267908e-01 4.56531780e-01
 4.93816266e-01 6.30857941e-01
 -1.36530214e-01 1.26152376e-01
 1.35442010e-01 -7.20066587e-01
 -3.13001113e-02 5.52201009e-02
 3.25022662e-01 -7.57510294e-01
 3.14670724e-01 4.71955721e-01
 -1.77938405e-02 4.24450073e-02
 -3.53507277e-02 5.83648009e-02
 -3.56969145e-02 7.86594343e-01
 5.80274729e-02 6.97924866e-01
 2.27769502e-01 6.35501641e-02
 -3.29556243e-01 -2.37245917e-01
 -4.01100966e-02 6.05668334e-02
 -4.12531106e-02 -6.91002905e-01
 2.65661746e-02 7.72407559e-01
 -2.22652453e-02 4.74404048e-02
 -4.16759337e-01 -4.23407186e-01
 2.12861493e-01 -8.24046997e-01
 -6.17660999e-02 7.50893506e-02
 -5.66688129e-02 7.11388013e-02
 -7.54249237e-01 6.37959471e-01
 -1.02176851e-01 6.45817935e-01
 5.78935031e-01 7.02840007e-01
 4.90969328e-01 5.34172820e-01
 1.97168279e-01 5.88050968e-01
 -9.27915288e-02 9.29195452e-02
 -1.77976008e-01 1.74111790e-01
 -1.97018905e-01 -1.61540416e-01
 -1.17391145e-01 1.10079959e-01
 5.28640504e-01 4.40301868e-01
 1.98842796e-01 6.08122560e-01
 -6.36520250e-01 -5.73502322e-01
 -3.20663792e-02 5.65901212e-02
 2.50094336e-02 8.60263316e-01
 -4.84590382e-02 6.60435207e-02
 6.67335821e-01 5.65260394e-02
 3.19893512e-01 8.12533744e-01
 -1.44442461e-01 -5.54667388e-01
 -6.09488121e-02 7.26495266e-02
 -1.34592057e-01 1.24113360e-01
 -1.76577509e-01 1.72886157e-01
 -4.37259246e-02 6.25036935e-02
 2.84748610e-01 7.51631952e-01
 -8.42832677e-02 8.79145393e-02
 4.65102149e-01 1.54532585e-01
 5.16048843e-01 7.57259844e-01
 3.25432165e-01 -6.05929366e-01
 1.11148916e-02 7.04764322e-01
 -6.27209478e-02 7.53310516e-02
 -2.25227755e-02 -7.77395858e-01
 -2.42773649e-01 -5.86317778e-01
 -1.54796863e-01 -7.60836444e-01
 6.83115535e-02 6.81642737e-01
 -1.10885800e-01 1.04149109e-01
 -4.19687445e-02 6.18322025e-02
 -6.08170090e-02 7.38392678e-02
 5.07239465e-01 6.31451285e-01
 -1.41554978e-01 1.30738434e-01
 -2.52312925e-02 4.90583033e-02
 8.03553064e-02 -7.31882392e-01
 3.97222788e-02 7.27502571e-01
 7.49408924e-02 -6.06759252e-01
 6.93864933e-01 6.69251189e-01
 -2.29712065e-01 2.59727300e-01
 1.30368289e-01 -4.64509012e-01
 -3.13335416e-02 5.64347181e-02
 -2.67912678e-02 5.00464915e-02
 -5.06595915e-02 6.69825474e-02
 5.24661712e-01 5.49987372e-01
 -1.33557704e-01 1.23424004e-01
 -1.67235754e-01 1.59523479e-01
 -1.24676107e-01 1.15928648e-01
 8.12714489e-01 -2.06292745e-01
 -4.20776507e-01 7.36092971e-01
 -2.55049261e-01 -3.90422903e-01
 4.55382208e-02 8.03931771e-01
 -5.55553410e-02 6.98420164e-02
 -1.68600856e-02 4.17548723e-02
 -1.07628666e-02 3.62082051e-02
 5.59495700e-01 2.29328337e-01
 -1.81353185e-02 4.26548858e-02
 -4.26719750e-02 -2.76416135e-01
 -2.40977715e-01 2.80303102e-01
 8.85464652e-03 -7.48687844e-01
 -2.08769847e-02 4.63490113e-02
 -2.22829130e-01 2.47883249e-01
 4.49272364e-01 7.57950792e-02
 -1.26086818e-01 1.16931693e-01
 -4.71533139e-03 3.11971963e-02
 -1.29110713e-01 1.19416208e-01
 -1.53433582e-01 1.43557192e-01
 -2.23982848e-02 4.75727116e-02
 -9.27387117e-02 9.28772516e-02
 -1.21511507e-01 1.13223543e-01
 -5.48394814e-02 6.98043455e-02
 -5.00522967e-02 6.65930460e-02
 -1.83054742e-01 -6.55942162e-01
 7.26009608e-03 6.38165783e-01
 6.51943725e-01 5.00159912e-01
 -1.79110563e-01 1.76614318e-01
 6.27872911e-01 3.28660442e-01
 5.08299369e-01 4.48904364e-01
 5.39240027e-03 2.25343896e-02
 -2.24815373e-02 4.76261857e-02
 -2.67894613e-02 5.00494497e-02
 -2.59810156e-02 4.97263636e-02
 -3.23650655e-01 -2.51445592e-01
 4.63126206e-01 -4.87017910e-01
 -7.87913535e-02 -8.08441805e-01
 -1.30886700e-01 1.21042286e-01
 -1.14545305e-01 7.55443024e-01
 -4.90869262e-02 6.63479066e-02
 -2.52901771e-01 3.05088592e-01
 4.85390366e-01 -7.63861827e-01
 -6.75572940e-02 7.74624287e-02
 6.27100373e-02 7.27259191e-01
 -5.26045267e-02 -8.28554342e-01
 -5.41123291e-02 -7.65307240e-01
 -5.09371491e-01 -1.70808493e-01
 -1.09773813e-02 3.63933169e-02
 -7.36034426e-02 8.03204686e-02
 9.37092955e-02 3.26455356e-01
 4.27543842e-01 -5.87350111e-01
 -4.70553217e-02 6.48506669e-02
 2.73392517e-01 7.28051439e-01
 -4.91558507e-01 6.31258860e-01
 -1.98850934e-01 2.04877195e-01
 1.05587769e-02 1.76923016e-02
 -6.26928102e-01 -1.62723412e-01
 -1.37371471e-01 1.26969702e-01
 3.38851625e-02 7.54662578e-01
 -1.23398613e-01 1.14829935e-01
 6.87648274e-01 1.28959652e-01
 -4.08748605e-01 -1.68013555e-01
 2.65658229e-02 6.41571246e-01
 2.06325666e-01 -5.38587194e-01
 5.69932247e-01 2.57569820e-01
 -2.07291310e-02 4.61262709e-02
 -8.30089011e-02 7.40291633e-01
 7.21224852e-01 1.25842688e-01
 -2.65613255e-02 4.99892117e-02
 -2.31362498e-01 2.62478226e-01
 -8.50699973e-02 8.87757001e-02
 4.89984641e-01 6.48628975e-01
 3.95482616e-01 -4.58674429e-01
 5.51184861e-01 6.48347408e-01
 -4.31183747e-02 -7.68234036e-01
 5.32369264e-01 -4.81435644e-01
 2.20459619e-01 -5.20967675e-01
 -1.15793844e-01 1.07584363e-01
 1.43477829e-01 -7.16087390e-01
 -1.75091326e-02 4.24337027e-02
 -8.37008668e-03 5.07797554e-01
 -3.09459289e-02 5.46724382e-02
 5.82457688e-01 5.97768021e-01
 -1.07879657e-03 2.81140615e-02
 -2.28892104e-01 2.58511526e-01
 -6.32602913e-02 7.57858523e-02
 2.41786019e-02 6.25739860e-01
 2.70708089e-01 -5.15487021e-01
 -5.13312462e-02 6.74916850e-02
 -9.41266348e-03 3.49734413e-02
 -3.00153367e-03 2.95736459e-02
 -9.93680047e-02 9.68558232e-02
 -6.08300194e-02 -2.77438040e-01
 1.05164014e-01 8.76795706e-01
 -6.87390654e-02 7.79888233e-02
 -6.32289691e-02 7.57525141e-02
 4.03368909e-01 2.75661172e-01
 -2.29217186e-01 -5.56781533e-02
 -5.93802410e-01 -6.22818509e-01
 7.45664495e-01 4.28261974e-01
 5.47018802e-01 3.13631955e-01
 -1.37241984e-01 -6.80845990e-01
 -1.33870463e-01 1.23761856e-01
 -6.40963126e-01 -1.46718908e-01
 -3.13544838e-02 5.51431451e-02
 -1.61452625e-02 4.11036569e-02
 3.80176178e-01 5.48207063e-01
 4.59172700e-03 2.32136044e-02
 9.36683385e-02 8.56254135e-01
 4.82475535e-01 6.73134915e-02
 9.43783442e-03 -6.15427133e-01
 7.02372837e-01 -2.66318619e-01
 -3.13908885e-02 5.50318695e-02
 -2.22953237e-01 2.48715958e-01
 6.65562680e-01 -4.31690024e-01
 -1.51037774e-01 5.03973449e-01
 -1.11357516e-01 1.04575797e-01
 3.02244593e-01 7.67205294e-01
 -6.08391779e-02 7.25157740e-02
 -3.15616237e-02 5.52522007e-02
 2.11925657e-01 4.98308374e-01
 -9.94420121e-02 9.68843125e-02
 5.79375316e-01 6.15395628e-01
 5.52685755e-01 3.82101434e-02
 -4.10500020e-01 -4.91361907e-01
 -4.98271731e-02 6.68787902e-02
 -3.63351205e-01 -6.57029330e-01
 2.28809144e-01 5.96042692e-01
 -9.16545353e-04 2.79710726e-02
 -2.45471927e-02 4.88676490e-02
 1.15472668e-01 7.94188121e-01
 3.51921826e-01 3.74442756e-01
 -2.19063379e-03 2.92063043e-02
 -2.16138226e-02 4.68439739e-02
 1.12314006e-01 -7.20977003e-01
 -4.66781969e-02 6.46715807e-02
 6.16965645e-01 -7.03299793e-01
 1.87270543e-01 -5.29609735e-01
 1.32398547e-01 2.85015291e-01
 -1.50144185e-02 4.00581779e-02
 7.72596773e-01 2.22041163e-01
 -3.80198167e-01 -3.72352042e-01
 -2.03823496e-02 4.53297155e-02
 -1.06657275e-01 1.01267570e-01
 -1.07831293e-02 3.62269041e-02
 -1.23779321e-02 -7.04201439e-01
 -3.13157472e-02 5.33592040e-02
 -1.13521209e-02 3.68206764e-02
 5.59062785e-03 8.19554921e-01
 -2.33605176e-01 -2.16798530e-01
 -3.19646784e-02 5.60635279e-02
 -2.02642049e-01 2.10999637e-01
 -3.15679584e-02 5.64438095e-02
 -3.61612363e-02 5.90259866e-02
 -2.35795492e-02 4.84341275e-02
 -8.52929810e-02 8.90086819e-02
 2.43338094e-01 -6.63331590e-01
 -5.77512785e-02 7.11410791e-02
 5.35539097e-01 -4.40972205e-01
 5.74872609e-01 4.02787469e-01
 4.79698037e-01 -3.00724993e-01
 -2.41316496e-01 -7.21042133e-01
 -3.74881737e-01 -9.95769039e-02
 -2.22842210e-01 2.47957116e-01
 -1.91656919e-01 -2.95468635e-01
 1.05925962e-01 -7.14831157e-01
 5.79612075e-01 -6.59061124e-01
 3.89995972e-01 -7.03218225e-01
 5.78954839e-01 3.27261562e-01
 -7.53825433e-01 4.19278758e-01
 1.55572367e-01 -7.16961632e-01
 3.05800611e-01 -9.43683977e-04
 6.47940542e-01 -4.79616838e-01
 -6.16771661e-02 7.50078321e-02
 -2.49433780e-02 4.90090302e-02
 -3.58016209e-03 3.00576505e-02
 -1.62047688e-02 4.11525984e-02
 6.62903440e-01 -7.06333408e-01
 -6.80910874e-02 -4.50531904e-01
 -1.05634233e-02 3.60647079e-02
 -4.14775450e-02 6.15632992e-02
 -1.37870461e-01 -1.33769791e-01
 -6.42375330e-04 2.77252724e-02
 -2.11652782e-01 2.30010588e-01
 5.72765091e-01 -7.77430013e-02
 -4.92532440e-02 6.65244426e-02
 -6.62972850e-02 6.67826234e-01
 2.16736065e-01 2.58514109e-01
 -1.76034033e-02 4.23787106e-02
 -7.54138466e-02 -4.82611034e-01
 -2.11853183e-01 2.29925875e-01
 5.52440666e-01 -5.82694117e-01
 3.49325163e-03 5.25070229e-01
 -2.65174289e-01 3.33407746e-01
 -2.90881316e-02 5.20755676e-02
 -1.59824288e-02 4.09288350e-02
 -1.64022593e-01 1.55388793e-01
 -7.83829644e-02 8.41054887e-02
 -2.42187413e-01 2.82228441e-01
 -2.53431240e-01 3.05146189e-01
 -4.52260044e-03 3.10409682e-02
 6.86107411e-01 2.26703826e-01
 -5.99777417e-02 7.22896001e-02
 -1.74106532e-01 1.69710519e-01
 -3.19595724e-02 5.38788344e-02
 -5.52442541e-02 -7.54646532e-01
 6.84084481e-01 -6.69246951e-01
 7.54815171e-02 -6.07066579e-01
 -4.33643264e-02 6.22897303e-02
 -7.92961718e-01 4.25676285e-02
 -3.36262412e-02 5.74056335e-02
 -1.41982227e-01 1.31197999e-01
 -9.58860821e-02 9.48620927e-02
 -1.40526697e-01 1.29789183e-01
 -3.23006383e-02 5.53700508e-02
 5.81939421e-01 7.21662907e-01
 4.77236970e-01 6.07132865e-01
 -3.35460086e-02 5.77854004e-02
 3.04962206e-01 -2.27669047e-03
 -3.21234134e-02 5.59718249e-02
 -7.27155937e-01 -1.26508361e-01
 -1.18117776e-02 3.71652462e-02
 4.95367895e-01 -1.84573235e-01
 -1.29423782e-01 1.19638672e-01
 -8.57118541e-02 8.93362412e-02
 -2.19844123e-01 2.43121326e-01
 3.01608495e-01 -8.52563957e-01
 -6.81027859e-02 7.76650240e-02
 -1.57921213e-01 1.47917629e-01
 -5.76335413e-03 3.19152928e-02
 -9.24190429e-02 9.26321206e-02
 3.87975810e-01 6.95835388e-01
 3.48738540e-01 7.76581730e-01
 3.18161514e-01 7.88946352e-01
 -1.25278240e-01 1.16393803e-01
 -2.14824263e-01 2.34148865e-01
 -5.41325678e-02 6.89303958e-02
 5.17562870e-01 -6.91070272e-01
 -2.39115458e-02 4.85191880e-02
 -2.62539580e-02 4.99501559e-02
 -2.29870860e-01 2.60914030e-01
 -7.80031565e-02 8.29746596e-02
 -3.35366038e-02 5.65416618e-02
 -1.91607282e-02 4.33647479e-02
 -2.28681250e-02 4.78433880e-02
 4.54683630e-01 1.16012591e-01
 -2.19688122e-01 2.42448177e-01
 -1.02446124e-01 8.21156440e-01
 4.41774657e-01 -5.05595540e-01
 -2.17682047e-02 4.69258669e-02
 -5.34691531e-02 6.85470469e-02
 -2.63956131e-01 3.27068306e-01
 -1.82018443e-01 1.80071464e-01
 5.18580775e-01 7.28865983e-01
 -2.44814838e-02 4.87502791e-02
 -4.92408816e-01 6.87540612e-01
 6.29853258e-01 -2.75361841e-02
 -6.25312123e-03 3.26216921e-02
 6.20633342e-01 -1.31336510e-01
 -1.63615121e-01 7.42594454e-01
 1.04891721e-01 6.64359255e-01
 -3.69865799e-02 5.98411898e-02
 -1.95694018e-02 -4.75117849e-01
 -2.01563805e-02 4.50384313e-02
 4.02630917e-01 -5.64095157e-01
 6.38418712e-01 3.31910826e-01
 9.99181334e-04 2.63526642e-02
 6.70947721e-01 3.74393823e-01
 3.16666253e-01 1.66212154e-02
 2.22291440e-01 -8.62776270e-01
 -1.99761892e-01 2.06272494e-01
 -1.53004420e-01 1.43121766e-01
 -2.98180028e-02 5.22853415e-02
 5.31862507e-01 -7.41431663e-01
 1.26990913e-01 -5.27970272e-01
 -2.18065600e-02 4.69679004e-02
 7.06095118e-01 1.05895196e-01
 -1.23968501e-01 -1.23305451e-01
 -5.63861823e-01 -4.95770896e-01
 -3.57968285e-02 7.92558753e-01
 -4.59639362e-02 6.36716262e-02
 -5.33248407e-02 6.85037805e-02
 4.20510443e-01 -4.62857572e-01
 7.35447150e-01 3.16164013e-01
 -1.56112897e-01 -2.37640534e-01
 -3.16174053e-02 5.63135200e-02
 -1.49108544e-02 3.99621486e-02
 7.86533464e-02 -6.53254578e-01
 -2.46027391e-02 4.89177651e-02
 -1.19143501e-02 3.72890846e-02
 1.82613601e-01 7.52053842e-02
 2.07896864e-01 7.95422440e-01
 -6.24980071e-02 7.53191257e-02
 -6.34099323e-02 -8.09482227e-01
 3.39132171e-01 5.67100104e-01
 6.37526259e-01 -5.45813656e-01
 -2.49485783e-01 -5.18568954e-01
 -6.50331555e-02 7.62709467e-02
 -2.20850928e-02 4.73206000e-02
 -7.85784418e-02 8.40459434e-02
 -2.46616781e-01 -2.02665081e-01
 5.95672984e-02 -6.24889331e-01
 6.55249535e-01 4.98210164e-01
 -1.40369593e-01 -1.69569884e-01
 -1.38558106e-02 3.90859754e-02
 -3.78452476e-02 -3.94560224e-01
 7.09358786e-01 3.65647234e-01
 -6.09773825e-02 7.27030252e-02
 -3.66355048e-02 5.96468473e-02
 -5.96613120e-02 7.22744574e-02
 -7.52363094e-02 8.13582850e-02
 6.53838373e-01 6.85953755e-02
 5.52310515e-01 6.01408172e-01
 -4.14832978e-02 6.15809992e-02
 -1.17818762e-01 1.08886071e-01
 -7.15490678e-02 7.89113610e-02
 6.13387366e-01 -7.50438270e-01
 -1.11088609e-01 -5.42049352e-01
 -6.14977936e-01 -3.69681951e-01
 -4.77555298e-03 3.12356879e-02
 -3.13604436e-02 5.55347425e-02
 -1.68358523e-01 1.60888169e-01
 -1.56733433e-01 -2.83303190e-01
 -1.09719915e-01 -4.49594335e-01
 -2.95090510e-01 -3.99430545e-01
 -7.67878540e-03 3.37112427e-02
 -3.93981808e-02 5.97783703e-02
 -2.67906552e-02 8.71425714e-01
 1.88924853e-01 -7.66309898e-01
 2.33745194e-01 6.72018210e-01
 5.37088745e-01 6.82633785e-01
 -2.51936191e-01 3.02865237e-01
 5.24816519e-01 5.29041102e-01
 1.08077422e-01 8.24424648e-01
 2.94644432e-02 -7.39126318e-01
 4.72119837e-01 -7.05857448e-01
 -2.91307900e-02 -7.58949381e-01
 5.36723420e-01 -1.01386349e-01
 -2.96635734e-03 2.95475758e-02
 -1.19183860e-01 1.11562018e-01
 -2.03677980e-02 4.59172782e-02
 2.33937163e-01 3.77463970e-01
 2.71929713e-01 7.79666944e-01
 -5.75742079e-02 -2.37829206e-01
 -2.99528754e-01 -4.22392233e-01
 -1.03870456e-01 8.16424622e-01
 -4.32137919e-02 6.21607596e-02
 4.21175445e-01 4.06056707e-01
 1.20013172e-01 4.43086116e-01
 3.68975883e-01 2.43281169e-01
 -1.64337368e-01 1.55697891e-01
 -8.24204493e-01 2.80690030e-01
 3.35716961e-01 -7.05876785e-01
 -1.84517469e-01 7.78318957e-01
 -3.16363759e-02 5.61852999e-02
 5.32638427e-01 -2.15287110e-01
 5.67559601e-01 -2.01828582e-01
 -1.44230299e-01 1.33511875e-01
 -2.21199542e-02 4.73266457e-02
 4.50511360e-01 -5.93941716e-01
 -1.41419542e-01 1.30571741e-01
 -1.70189754e-02 4.19614390e-02
 7.53637603e-01 4.28810357e-01
 4.26722190e-01 5.34718311e-01
 -3.91448488e-03 3.06675526e-02
 3.81409773e-01 -4.91723341e-02
 -7.94994781e-02 8.46778839e-02
 -4.07427725e-02 -4.90736759e-01
 2.31164904e-01 -5.87501118e-01
 -2.17664294e-02 4.69245751e-02
 -2.39797716e-01 2.77899714e-01
 -2.70567812e-02 5.04335774e-02
 -6.03556827e-02 7.24119836e-02
 -2.03500071e-02 4.59600609e-02
 -1.16504947e-01 1.08023895e-01
 -2.90057298e-02 5.20201015e-02
 -6.12207175e-02 7.34121481e-02
 -7.80010116e-02 8.29838295e-02
 -1.45896377e-01 1.35006445e-01
 -2.02790961e-02 4.57697847e-02
 3.70330107e-01 6.58120022e-01
 -2.51946501e-02 4.90069436e-02
 -3.15130379e-02 5.50148044e-02
 -4.80774640e-02 6.55850201e-02
 -1.98930813e-02 4.42525094e-02
 2.94935341e-01 4.89946082e-01
 -9.17456464e-02 9.21592997e-02
 -5.04888222e-02 3.93969830e-01
 -3.09725697e-02 5.46772367e-02
 5.19295887e-01 1.26434125e-01
 5.26876309e-01 -5.90678560e-01
 -1.88723248e-02 4.29750089e-02
 -1.90169120e-02 4.33210853e-02
 -8.94273826e-02 9.10836176e-02
 5.72950442e-01 -5.97556200e-01
 5.78932840e-01 6.99562789e-01
 -3.03776750e-01 -3.38567512e-01
 2.82884421e-01 -8.53910608e-01
 -1.64543846e-02 4.15286725e-02
 -4.02646345e-03 3.05705923e-02
 -6.09614319e-02 7.26198166e-02
 -4.36259974e-01 6.76263303e-01
 3.56729071e-03 2.41175617e-02
 -5.21311877e-02 6.78057675e-02
 -1.91380776e-01 1.94169293e-01
 -2.53033545e-02 4.94517750e-02
 5.89123342e-01 -2.08114437e-01
 5.76588974e-01 -4.22733214e-01
 -1.36393341e-01 1.25912660e-01
 -4.59019565e-02 6.44230997e-02
 1.16481088e-01 -6.53490866e-01
 1.01002441e-01 -6.74107489e-01
 7.01733429e-01 -6.62675859e-01
 -1.54382666e-01 7.58889386e-01
 -1.82276184e-03 2.89258772e-02
 -1.29684766e-01 1.20033856e-01
 -2.08866475e-01 -5.29569356e-01
 8.96090552e-02 -6.68514477e-01
 -2.36173707e-01 2.71901281e-01
 5.25565919e-01 -7.10747538e-01
 7.49807841e-01 3.96629545e-01
 -7.56826438e-02 8.16187264e-02
 -2.25634487e-02 4.76073894e-02
 5.87826470e-01 -9.42601208e-02
 -1.07036705e-02 3.61529542e-02
 -6.00204635e-02 7.23357234e-02
 1.77437277e-01 -7.75932533e-01
 -5.21593659e-02 6.78232845e-02
 -7.44919235e-01 6.22489522e-01
 5.13931317e-01 -5.70833037e-01
 -1.08979104e-02 3.63261920e-02
 -2.35511586e-01 2.70338043e-01
 5.75008543e-01 -5.55360082e-01
 -8.48869115e-01 3.46626007e-01
 7.62107712e-01 3.64748829e-01
 -2.52989100e-02 4.91035470e-02
 -1.62807812e-02 4.13541301e-02
 1.22179217e-01 5.39852372e-01
 -8.10301910e-03 3.41700663e-02
 6.02417467e-01 7.40225635e-01
 -2.80484441e-02 5.13560701e-02
 5.38351553e-01 7.35969722e-01
 2.58441325e-01 4.17170922e-01
 -1.75820614e-01 1.71936416e-01
 3.93584268e-01 1.40058744e-01
 -1.96349666e-02 4.41258515e-02
 -3.71013051e-02 5.99061543e-02
 5.93486742e-01 7.84703790e-01
 4.25512834e-02 -7.47354301e-01
 5.97725225e-01 -6.54784109e-01
 -8.07485775e-02 8.53304352e-02
 -2.16118675e-01 7.80210193e-01
 -2.53649851e-01 3.05613127e-01
 -4.05397836e-02 6.06517808e-02
 5.88574510e-01 6.95753090e-01
 -1.17229790e-02 3.69172924e-02
 2.36236806e-01 -6.64792281e-01
 -1.03231528e-01 9.90425860e-02
 -4.24946670e-02 -7.92887043e-01
 -4.90912929e-01 -1.17306617e-01
 -3.17439578e-02 5.62736906e-02
 6.43110877e-01 -3.88014394e-01
 -2.12197177e-01 2.30483580e-01
 -5.86690578e-02 7.19573540e-02
 2.99484616e-01 2.14809714e-01
 -3.27535397e-02 5.68281809e-02
 -4.61861010e-02 6.45729651e-02
 -3.93655559e-02 5.97603820e-02
 -1.66499465e-01 -4.74464264e-01
 -1.48054195e-02 3.98728124e-02
 4.25743386e-03 2.33531619e-02
 2.15676267e-04 2.69139845e-02
 -5.74124227e-01 -6.49850373e-01
 -2.18982122e-01 2.41196644e-01
 5.41849380e-01 -2.65058093e-01
 -1.08010680e-02 -2.98287176e-01
 -1.51868185e-02 4.02385269e-02
 -3.67358107e-01 -3.79983352e-01
 9.00000000e-01 -1.92601876e-01
 -2.07116530e-01 2.22038286e-01
 -3.53828711e-03 3.00376516e-02
 -6.00386965e-02 7.22011604e-02
 6.44143939e-01 -4.13328911e-01
 -3.77126949e-01 -4.83311715e-01
 -1.09413689e-01 8.76550530e-01
 5.42466287e-01 4.74508840e-01
 -2.02279613e-02 4.52107003e-02
 -7.10996479e-02 7.86911900e-02
 1.40544345e-02 1.55193214e-02
 -2.60353778e-01 3.20692440e-01
 5.91332551e-02 -3.93815907e-01
 -1.20899195e-01 1.12719298e-01
 -2.53394280e-01 3.04560024e-01
 5.98895146e-01 -3.08254827e-01
 -1.55903202e-01 1.45842707e-01
 -6.98738940e-01 6.50368213e-01
 -1.47845375e-02 8.06473243e-01
 -8.93019474e-03 3.46394863e-02
 -1.05178487e-01 1.00293293e-01
 7.91737613e-01 -4.11012794e-01
 4.21387229e-01 -1.63784500e-01
 -9.97228569e-02 9.70341080e-02
 6.66614621e-01 4.22487169e-01
 -2.36452368e-01 2.71746988e-01
 -7.17693537e-04 2.77900902e-02
 -4.48562933e-01 4.37644966e-01
 1.30664894e-01 -8.46402928e-01
 -6.91997850e-01 -1.33004519e-01
 -3.97323476e-02 6.02531292e-02
 -2.01015558e-02 4.49953457e-02
 -1.32512295e-01 1.22512459e-01
 -1.87855567e-01 1.88292273e-01
 -1.35590263e-01 1.25092918e-01
 -3.11085757e-02 5.32197948e-02
 -1.84622806e-02 4.28068585e-02
 -6.37819160e-02 7.60100009e-02
 3.85341921e-01 2.66634174e-01
 -5.28236222e-03 3.16848608e-02
 2.64377067e-01 -8.13280380e-01
 -2.59027008e-02 4.97129556e-02
 -2.84524709e-01 -3.53700613e-01
 6.40529002e-01 5.07081572e-01
 1.79278223e-01 5.09124670e-01
 4.96610290e-01 -6.12381070e-01
 -6.67103751e-02 7.70216470e-02
 -1.12979877e-02 3.67714989e-02
 2.83330630e-01 3.79553322e-01
 5.18515062e-01 -1.09947144e-01
 2.74144843e-01 -4.57125401e-01
 -1.18448381e-01 1.11017204e-01
 -3.57861734e-02 5.87532998e-02
 -2.14639715e-01 -5.25351802e-01
 2.30147404e-01 -5.50097188e-01
 2.55990464e-02 6.50919065e-01
 -9.95218030e-02 -8.01659146e-01
 3.58608083e-02 -4.22565525e-01
 -2.41837511e-02 4.86689742e-02
 -2.59392086e-01 3.20590546e-01
 -1.37463817e-01 1.27010040e-01
 -5.20846076e-02 6.77875881e-02
 -6.58098765e-02 6.59867328e-01
 5.34691787e-01 -6.67993096e-01
 -5.95601091e-02 8.64485357e-01
 -2.50998620e-02 4.90787885e-02
 5.63308337e-01 -4.04643817e-01
 -2.34937185e-01 -4.89732126e-01
 -4.56820357e-02 6.35742634e-02
 -4.18472838e-01 -1.95210145e-01
 -3.46088615e-02 5.73155453e-02
 -5.77184606e-02 7.17185905e-02
 4.20858450e-01 -5.36215101e-01
 -4.45803774e-02 6.28017887e-02
 2.25069959e-01 8.50500412e-01
 -3.32590490e-02 6.90359205e-01
 -3.54078234e-01 -6.07336361e-02
 -2.24451448e-01 2.51052825e-01
 -2.99945979e-03 2.95718668e-02
 -5.38986572e-02 6.88268316e-02
 1.52837828e-01 3.75920231e-01
 -2.95293844e-02 5.20889400e-02
 -5.90383568e-02 7.19926157e-02
 -6.99928872e-02 7.80446960e-02
 -2.01508976e-02 4.50881211e-02
 3.95472512e-01 1.31326393e-01
 -2.39995570e-01 2.78194315e-01
 7.67882169e-03 2.04730947e-02
 5.76513159e-01 -7.08231530e-01
 -1.02803548e-01 9.87376470e-02
 -5.68384841e-02 7.13818558e-02
 3.77043899e-02 8.69534511e-01
 -1.97243708e-02 4.41305971e-02
 -4.52849331e-02 6.32291626e-02
 -4.45822400e-01 4.37750726e-01
 -3.14023118e-02 5.55125110e-02
 -2.03877852e-02 4.53390163e-02
 -4.09822055e-02 6.13795513e-02
 -3.52392130e-02 5.81116841e-02
 -1.18996411e-02 3.72416287e-02
 -1.78931524e-01 1.76219297e-01
 4.10460071e-01 4.23748021e-01
 -1.20081093e-01 1.12219427e-01
 1.54789110e-01 2.78408798e-01
 -6.75205694e-02 7.74404867e-02
 -4.04220898e-02 6.07794516e-02
 4.61800306e-01 6.02916965e-01
 3.51131020e-01 -6.22298615e-01
 4.87658925e-01 -6.87134719e-01
 3.90013698e-01 -6.95484368e-01
 3.02424089e-01 4.42299706e-01
 5.64267913e-01 -7.72485943e-01
 -3.13989554e-02 5.53685942e-02
 -2.70281379e-02 5.04157760e-02
 -2.31243210e-01 2.62208746e-01
 -7.34891837e-02 8.02210742e-02
 -8.65372894e-02 8.97563344e-02
 -9.71330641e-02 9.54678539e-02
 4.98051777e-02 3.59257360e-01
 7.00920041e-02 -8.12903697e-01
 2.16655446e-02 -7.23746612e-01
 -4.00073344e-02 7.59613249e-01
 7.62001915e-01 -1.14903179e-02
 -9.81063447e-02 -5.42589838e-01
 -1.87653860e-01 1.88062579e-01
 -9.13266303e-02 9.20541574e-02
 4.97632878e-02 -3.93913956e-01
 -7.67357911e-01 1.52567064e-02
 2.26362235e-01 -8.00236822e-01
 -8.05189027e-02 8.52788822e-02
 2.64260465e-02 5.48523892e-01
 -5.92900313e-02 7.20735021e-02
 3.69523757e-01 1.80665145e-01
 2.79172676e-01 -8.73169637e-01
 5.21491948e-01 -9.18269712e-02
 -1.57034007e-02 4.07326844e-02
 -8.76676285e-02 9.04390077e-02
 -3.33359449e-02 6.92592293e-01
 -3.64826525e-02 5.93196288e-02
 -8.69892642e-03 3.45860186e-02
 5.95294116e-01 -7.67928365e-01
 -2.94191789e-02 5.20636772e-02
 -3.27784547e-02 5.67975450e-02
 7.67316013e-01 -4.74013182e-01
 -4.55589078e-02 6.34804601e-02
 2.27460302e-01 9.04323060e-02
 1.06994243e-01 5.80299753e-01
 -6.28775405e-02 7.54616924e-02
 -1.36613732e-01 1.26219056e-01
 -9.30858631e-02 9.32295694e-02
 7.42103613e-02 -4.54536090e-01
 -3.96732921e-02 6.02081015e-02
 -9.61202888e-02 9.49749501e-02
 -7.27508528e-01 6.91942605e-01
 -2.81051965e-01 8.21886096e-01
 -1.28845477e-01 1.19165708e-01
 2.12256200e-02 -7.53139451e-01
 2.93664402e-01 -4.65847406e-01
 6.24065249e-01 -7.40731092e-01
 8.66434476e-02 7.03948822e-01
 -5.64930283e-01 -5.92048261e-01
 -4.25607980e-01 -5.67896628e-02
 -2.46218016e-02 4.89256668e-02
 -3.37767930e-01 -5.33242733e-01
 -1.13462909e-01 1.06112826e-01
 -2.98335068e-02 5.22984710e-02
 -1.47317467e-02 3.96939573e-02
 1.21760101e-02 7.65762554e-01
 -6.12916750e-02 7.44105609e-02
 -8.04102713e-02 8.52447952e-02
 -6.37394093e-02 7.58259907e-02
 -1.59415689e-01 1.49631979e-01
 1.57534418e-01 7.95341844e-01
 -4.88777850e-02 6.62129698e-02
 1.70710008e-01 7.61239446e-01
 -4.63293984e-02 6.48446964e-02
 2.85646322e-01 -5.20149597e-01
 -7.47761043e-02 8.10716310e-02
 2.73245906e-01 -6.96368126e-01
 -1.68275357e-02 4.19039007e-02
 6.65705864e-01 5.33122447e-01
 7.41301133e-01 -1.29163987e-01
 -2.65940334e-01 3.33044463e-01
 -5.01441984e-02 6.67552066e-02
 -3.58927230e-03 3.00643149e-02
 -2.53076455e-02 4.91041337e-02
 -3.25723345e-02 5.43252075e-02
 1.71962145e-01 3.42127765e-01
 1.23156768e-01 4.79664437e-01
 2.45703619e-01 -4.30643052e-01
 -2.21005378e-01 -6.32919962e-01
 -2.25671419e-01 -5.02460131e-01
 3.49183208e-01 8.09169111e-01
 -3.13052007e-02 5.64121603e-02
 -3.12874198e-02 5.55431705e-02
 -2.28080590e-01 2.57225472e-01
 -6.12505683e-02 7.48141140e-02
 -2.08579265e-01 2.24653341e-01
 -1.34026233e-01 1.23882622e-01
 -1.27711143e-01 -7.92567983e-01
 6.62845719e-03 2.15346878e-02
 -2.76242593e-02 5.08136449e-02
 -1.86618958e-01 1.86705449e-01
 -2.09175116e-01 2.25595440e-01
 -3.21890342e-02 5.53175207e-02
 -1.35180497e-01 1.24644824e-01
 -1.32459337e-01 6.46253310e-01
 -2.00216005e-02 4.43671730e-02
 4.54292218e-01 7.52974456e-01
 -1.96638228e-02 4.40408944e-02
 -2.11074718e-01 2.28812910e-01
 -1.33235311e-02 3.86430156e-02
 -1.79909269e-02 4.26028943e-02
 -3.23689188e-02 5.43139075e-02
 -2.64026254e-02 4.98950407e-02
 -3.21859388e-02 4.94811668e-01
 -1.98009983e-01 -2.58958446e-01
 4.81702956e-01 3.49776315e-01
 -4.30997661e-03 3.08441544e-02
 -1.96133829e-01 7.96520368e-01
 2.71649307e-01 7.00363592e-01
 4.41338493e-01 1.96253076e-02
 -5.60237168e-02 7.05096967e-02
 -2.94750122e-03 2.95266763e-02
 -8.96345341e-02 9.12092531e-02
 3.19049355e-01 2.37369244e-01
 -3.16750868e-02 5.56474276e-02
 2.56274964e-01 4.46470287e-01
 -1.61004137e-01 1.51611763e-01
 -1.47625472e-01 -7.90837089e-01
 -3.62680342e-02 5.91675113e-02
 5.96477925e-01 4.68263065e-02
 -6.64805274e-03 3.29797190e-02
 -1.65887863e-01 1.57789625e-01
 -1.17873848e-01 1.10444424e-01
 -1.50443249e-01 1.40075357e-01
 -2.37933394e-01 2.75200148e-01
 -3.71163096e-01 4.02299501e-01
 -3.13090829e-02 5.55544545e-02
 4.07979502e-01 -7.55598580e-02
 6.50717574e-01 -3.84306431e-01
 -1.04188731e-01 9.96687225e-02
 -1.22326836e-01 1.13918398e-01
 3.33113401e-01 -7.66846412e-01
 -3.23828243e-02 5.43240038e-02
 -4.70508180e-02 6.48188108e-02
 5.86672479e-01 7.96793059e-01
 -3.25447664e-02 5.43475374e-02
 -4.34702569e-02 6.20532141e-02
 -2.42853488e-01 2.83684802e-01
 -1.11701700e-02 3.66818270e-02
 -3.05681850e-01 -4.65248378e-01
 -3.13339384e-02 5.45230238e-02
 -2.48785027e-02 4.89632934e-02
 -5.84167667e-03 3.19544044e-02
 -1.17526196e-01 1.08583977e-01
 -1.40623498e-02 3.91786662e-02
 -3.15309828e-02 5.61715349e-02
 6.67943768e-03 2.14924210e-02
 -2.96579142e-01 3.62166049e-01
 -3.23423216e-02 5.64445876e-02
 -6.98271107e-02 -6.53494381e-01
 3.92697436e-01 8.22254392e-02
 2.83383791e-01 -7.49684696e-01
 -1.43924021e-02 3.93916559e-02
 -8.19209932e-01 5.25203676e-01
 -2.03983563e-02 4.59390553e-02
 -3.04855971e-01 -5.54476831e-01
 5.12645185e-01 -7.15009041e-01
 -7.32382620e-02 8.10463873e-02
 7.00619025e-01 1.80519532e-01
 1.68352310e-02 1.35486425e-02
 -7.55919126e-02 8.15643477e-02
 -1.62012191e-01 -7.00030508e-01
 1.91603555e-01 -6.01290818e-01
 -1.12845556e-01 1.05774481e-01
 -3.11450250e-02 5.48864973e-02
 -1.32808512e-01 1.22761615e-01
 -5.62146099e-02 7.06282120e-02
 -4.69423268e-01 -4.45708964e-01
 -5.03651825e-03 3.13635971e-02
 4.98982657e-01 1.02388689e-01
 6.02857720e-01 7.36709486e-01
 1.41047712e-03 2.59436438e-02
 5.71698728e-01 7.33878798e-01
 -2.23185271e-01 2.48534050e-01
 3.48624989e-01 5.61700313e-01
 -1.07574359e-01 -5.50814602e-01
 6.47727371e-01 3.11625920e-01
 -2.78448957e-02 5.10283466e-02
 5.63798591e-01 -6.70359598e-01
 -1.10493741e-01 7.24147068e-01
 2.12062985e-01 8.43138016e-01
 -3.53701796e-01 -6.89641744e-01
 6.32390249e-01 2.33479047e-01
 4.56990485e-01 3.21112525e-01
 2.26956432e-01 5.71149639e-01
 6.57585328e-01 3.52207235e-01
 -2.01596147e-01 -2.50883656e-01
 -1.00394385e-01 9.74025816e-02
 3.04115325e-01 5.83386835e-01
 -5.86956846e-03 3.20948622e-02
 -1.03401269e-02 3.58925994e-02
 3.62148175e-01 4.82831402e-01
 -4.08131216e-01 4.17977757e-01
 -8.25478752e-01 -1.79065533e-01
 1.48422127e-01 -4.70583057e-01
 -3.12774326e-02 5.49704241e-02
 2.50490541e-01 -8.56036288e-01
 3.30556043e-01 -7.34173827e-01
 -5.83879841e-01 -3.56290128e-01
 5.38005745e-01 -6.11496068e-01
 -4.12870931e-02 6.15684815e-02
 -6.51026088e-02 7.63364872e-02
 7.38342235e-01 4.21956177e-01
 3.44461644e-03 8.41679718e-01
 5.31146884e-01 -5.89361065e-01
 -7.75831124e-02 -8.01821082e-01
 -8.88370995e-02 9.08974170e-02
 -1.50518127e-02 4.00974107e-02
 -4.82528477e-02 6.53363961e-02
 -7.21001968e-02 7.99696219e-02
 5.40526457e-03 2.25029079e-02
 2.76535761e-01 -5.84335344e-01
 -2.82454959e-02 5.13971206e-02
 4.75595992e-01 -6.64909268e-01
 -5.15231789e-02 6.76070199e-02
 2.31755309e-01 8.09590645e-01
 -5.74529803e-02 7.17430461e-02
 1.52735368e-01 2.91795888e-01
 5.97600387e-02 6.04097916e-01
 -7.99267198e-02 8.49960179e-02
 2.99173812e-01 2.17231592e-01
 -1.05932192e-01 -7.12697865e-01
 3.58809326e-01 -7.24131449e-01
 -6.96450766e-01 5.35711085e-01
 -3.79133781e-03 3.02458388e-02
 5.68501644e-01 -7.16894689e-01
 -3.09462447e-02 5.58954723e-02
 6.60274031e-01 -4.37995538e-01
 -2.41995173e-01 2.81916183e-01
 2.03808539e-01 -8.68939387e-01
 5.81064559e-02 -7.80289472e-01
 -1.70153509e-02 4.19574162e-02
 -1.31533112e-01 1.21590614e-01
 -9.44290070e-02 9.40543240e-02
 -3.21899854e-02 5.40196985e-02
 -8.39793269e-02 8.72495576e-02
 -2.11673837e-01 2.29628518e-01
 -3.32292290e-02 5.69805056e-02
 6.43714126e-01 -6.24858363e-01
 5.54636385e-01 -4.70975615e-01
 -1.23825551e-02 -7.31818638e-01
 -4.44557150e-01 -5.80721439e-01
 1.10073370e-02 -6.86765245e-01
 -6.58351178e-01 6.33804486e-01
 -2.80921521e-02 5.13883585e-02
 -1.88115986e-01 -2.58368795e-01
 6.10133639e-01 5.32430579e-01
 -1.49350215e-01 -6.59648509e-01
 -6.65876311e-02 7.70084463e-02
 -6.15581307e-02 7.49723460e-02
 -1.87887905e-01 1.88500111e-01
 1.94334389e-02 1.12810652e-02
 6.84761208e-01 1.71820988e-01
 -3.18296607e-02 5.37782518e-02
 -4.30409130e-02 6.18189701e-02
 -1.28388862e-01 1.18816290e-01
 5.59406905e-01 -3.52049858e-01
 -2.46307807e-02 4.89238011e-02
 -1.20527987e-01 1.12519340e-01
 -3.34842722e-02 5.77006631e-02
 9.76661150e-02 7.65636077e-01
 1.72125539e-01 3.95580892e-01
 2.37707753e-01 -6.22354134e-01
 -6.71083257e-02 7.72081718e-02
 3.64388336e-01 -5.88728417e-01
 -1.49782916e-01 1.38966804e-01
 -1.69587222e-02 4.19724303e-02
 -2.41744425e-02 4.86702343e-02
 -4.45134723e-01 4.33664911e-01
 -5.12599402e-02 6.74258630e-02
 -1.17908802e-01 1.10461829e-01
 -8.30145710e-01 -1.81915843e-01
 -2.12917148e-01 2.31664712e-01
 -4.33324498e-02 6.22383494e-02
 -8.59482756e-01 1.39530165e-01
 5.63695442e-01 -6.04889129e-01
 2.00667610e-01 8.64518528e-01
 6.89605419e-01 -1.29245916e-01
 -5.85040350e-02 7.19008543e-02
 -1.83489293e-01 7.23518541e-01
 -3.42579844e-02 5.72815956e-02
 -1.67269568e-01 1.59524853e-01
 -8.64136584e-02 8.97781422e-02
 7.65455170e-03 2.04935541e-02
 -3.63974084e-01 3.99773514e-01
 -3.46076807e-04 2.74137057e-02
 1.03804621e-02 1.78164269e-02
 5.15035285e-01 4.55092052e-01
 -2.60195454e-02 4.98132325e-02
 6.51741891e-01 -6.78958815e-01
 1.46762860e-01 -7.80921960e-01
 2.38798988e-01 -7.13493667e-01
 -4.93540068e-02 6.66042884e-02
 2.81878239e-01 -4.95803752e-01
 -4.69415866e-02 6.48357081e-02
 -1.65120172e-01 1.56789663e-01
 4.56308746e-01 -5.99362200e-01
 -2.85591683e-02 5.17297281e-02
 3.67374399e-02 8.17666534e-01
 5.53924277e-01 6.29762595e-01
 1.60924803e-01 2.36180676e-01
 -1.32691438e-02 3.85887066e-02
 -8.53796694e-01 2.68799425e-01
 -6.13974216e-02 7.48620981e-02
 -1.96978290e-01 2.01950370e-01
 6.06206870e-01 -5.35124161e-01
 3.99596311e-01 -7.81158563e-01
 -1.41738821e-01 1.30904602e-01
 -6.27946236e-01 -5.07280451e-01
 -5.05648011e-01 -6.61668163e-01
 -4.55354350e-02 6.33898662e-02
 -1.98076268e-01 -5.68503870e-01
 -7.91663257e-02 8.42977626e-02
 -3.46647319e-02 5.77372413e-02
 -5.38972428e-02 6.88176580e-02
 -7.64427572e-02 -6.63750380e-01
 6.89025096e-01 -3.91078844e-01
 2.97386818e-01 1.40453774e-01
 -2.19992448e-01 2.43081039e-01
 -5.79741314e-01 -4.43298660e-01
 -4.50802945e-02 6.31183695e-02
 -2.06928810e-02 4.61135100e-02
 -5.75443630e-02 7.16601105e-02
 -1.15519709e-01 1.07447465e-01
 -2.49962507e-02 4.90430722e-02
 -1.40704893e-01 -4.07474736e-01
 -1.40725223e-01 -6.65076258e-01
 1.48841629e-01 6.66024788e-01
 -1.10991871e-01 1.04286363e-01
 -6.08150052e-01 -2.31631342e-01
 1.31198515e-02 1.64041557e-02
 -3.21882561e-02 5.66062591e-02
 -3.90083329e-01 -4.90968741e-01
 -6.99164222e-02 7.79445213e-02
 1.22686332e-01 7.97427877e-01
 -3.03715393e-02 5.27509301e-02
 -2.07287147e-01 2.22779257e-01
 -7.99831039e-02 7.63684375e-01
 6.74489056e-01 -4.66058627e-02
 -5.75150649e-02 7.15764979e-02
 -9.51838824e-02 9.43466354e-02
 -1.15792867e-01 1.07586198e-01
 6.03673699e-01 8.16518861e-01
 -7.15170193e-02 -7.84042975e-01
 -2.24320316e-01 6.19116966e-01
 1.16460981e-01 -5.57075929e-01
 -1.98648690e-02 4.42405498e-02
 -4.05371557e-02 6.06517509e-02
 -9.99070213e-02 9.71291802e-02
 -5.19828400e-01 -6.00627076e-01
 -1.18967115e-01 1.11426334e-01
 -1.22059582e-01 -1.84196411e-01
 -1.36047841e-01 -2.70943073e-01
 -1.50330824e-02 4.00746290e-02
 -1.16450315e-01 1.08095859e-01
 1.50093294e-03 2.58788106e-02
 1.65691164e-01 1.52918545e-01
 -1.36073410e-02 7.23718174e-01
 -3.15503633e-02 5.52496951e-02
 1.01196540e-03 2.63355031e-02
 -2.70292816e-02 5.04169570e-02
 2.92961040e-01 -5.29513861e-01
 1.07600152e-01 -6.77327770e-01
 -2.33411692e-01 2.66664728e-01
 8.54765602e-02 5.64865429e-01
 6.11292940e-01 2.38125336e-01
 -3.17193753e-01 -6.12780844e-01
 3.71325541e-01 -5.02045727e-01
 -1.06664901e-01 1.01291389e-01
 -1.22111671e-01 1.13785918e-01
 -1.61301544e-01 1.52033828e-01
 4.93650613e-01 3.83963455e-01
 3.02411065e-02 -5.70944434e-01
 5.66011863e-01 -9.62732477e-02
 -1.48593325e-01 7.48429688e-01
 -3.36089734e-02 5.71150217e-02
 -2.52462139e-01 3.03309792e-01
 -6.49761122e-02 7.62265104e-02
 -4.92397097e-01 -7.03790609e-01
 -9.13811358e-03 3.48083515e-02
 -6.22551666e-03 3.25990855e-02
 -7.85498136e-02 8.34177740e-02
 -6.25574838e-01 -3.22001331e-01
 1.67758004e-02 3.92481255e-01
 -7.65929514e-02 8.22424333e-02
 -5.50422818e-01 -1.28220310e-01
 -1.72055589e-01 1.66876525e-01
 6.96284684e-01 3.52756276e-01
 -4.64313084e-02 6.42246692e-02
 4.19193166e-01 6.95816335e-01
 -1.28475909e-02 6.80100685e-01
 -4.60369411e-02 6.37968034e-02
 -2.39245212e-01 2.76636789e-01
 -1.55998164e-01 1.45909449e-01
 -5.80516936e-03 3.19281559e-02
 -3.66610329e-02 5.97317827e-02
 -3.87989420e-01 -4.16333072e-01
 1.57115126e-01 5.80423840e-01
 -2.94831843e-01 3.61761037e-01
 -1.72166556e-01 1.67043313e-01
 -2.11260330e-01 2.28948332e-01
 5.08765446e-01 -4.73692168e-01
 -2.49285964e-01 2.97297138e-01
 1.32135315e-02 1.60523167e-02
 -1.12171700e-01 1.05103654e-01
 -1.75473098e-02 -8.03821988e-01
 -5.83365977e-02 -7.40287884e-01
 -1.97046897e-02 4.40934231e-02
 -5.01159776e-02 6.67399385e-02
 5.29935189e-01 2.51178019e-01
 -5.11546721e-01 -6.81411598e-01
 1.93854293e-02 -6.17659524e-01
 -2.34821219e-01 2.68794777e-01
 -1.73668860e-02 4.20477938e-02
 -1.08466309e-01 6.47122336e-01
 -2.43056037e-01 2.84377471e-01
 3.87597105e-01 -5.94687067e-01
 6.95036178e-01 -1.58181540e-01
 7.00913141e-01 1.63858676e-03
 3.12644520e-03 2.45135970e-02
 -2.80467842e-01 -4.38915379e-01
 -1.00825660e-01 7.92637401e-01
 -1.12253260e-01 1.05157362e-01
 -2.25214803e-01 2.52157829e-01
 -3.18833813e-02 5.67852904e-02
 -6.01441341e-02 7.23073324e-02
 5.21997345e-01 -4.18091117e-01
 3.64064361e-01 -7.57928119e-01
 -1.57500828e-01 1.47436647e-01
 -2.42043515e-01 2.82349049e-01
 -3.64915039e-02 5.93264138e-02
 -3.12358640e-02 5.48601359e-02
 -2.40487369e-02 4.86942645e-02
 -9.08350167e-02 9.18526297e-02
 -2.79578047e-01 -4.53913517e-01
 -3.30278838e-02 5.68415105e-02
 -2.04910611e-01 2.18161596e-01
 -6.02958465e-01 6.37980863e-01
 -2.14784402e-01 2.34086163e-01
 -9.89477171e-02 9.65785324e-02
 -3.88573291e-01 -3.33780245e-01
 -1.03439599e-01 -8.08137597e-01
 4.94426550e-01 4.15021833e-01
 -3.33538362e-02 8.39642515e-01
 1.43026334e-01 2.52928136e-01
 5.26261465e-01 -6.88377382e-01
 -1.64464362e-01 -9.96520418e-02
 -1.44994972e-02 3.94839061e-02
 -1.40658941e-01 1.29875230e-01
 4.66973985e-01 6.55038465e-01
 -4.19600720e-02 6.18252339e-02
 -2.37366000e-01 2.73463811e-01
 -3.22217988e-02 5.40428052e-02
 -5.89490284e-01 -3.07713812e-01
 -1.06982802e-01 1.01497793e-01
 -2.57507158e-01 3.16024946e-01
 -7.76603400e-02 8.27461176e-02
 -1.93824910e-01 -8.03116226e-01
 8.13969044e-03 2.02451164e-02
 4.97875920e-01 7.21745456e-01
 3.49997196e-02 -9.00000000e-01
 -8.82500316e-03 3.46799228e-02
 -4.19608340e-02 -5.23404574e-01
 1.59968959e-01 -8.01771440e-01
 -9.72824041e-02 9.58343905e-02
 -3.35963875e-02 5.65666458e-02
 3.03521386e-01 7.04443181e-01
 -1.15544241e-01 1.07457960e-01
 -1.42547184e-01 1.31733014e-01
 -1.02505316e-01 -7.38907643e-01
 1.04261758e-01 -5.24984854e-01
 -1.10958582e-01 1.04190445e-01
 3.14730296e-01 -7.73997823e-01
 7.69129568e-02 -7.65565178e-01
 -1.09670048e-02 3.63859115e-02
 2.67634770e-01 4.26293743e-01
 2.13439966e-01 -7.69670566e-01
 -9.62414506e-02 9.50506233e-02
 4.86617723e-01 6.46049270e-02
 -5.10108344e-02 6.70199048e-02
 3.49018028e-01 -7.44923465e-01
 4.64118879e-01 6.26868481e-01
 3.77126373e-01 7.43118096e-01
 -1.94303985e-02 4.37385441e-02
 -2.72981824e-02 5.05065830e-02
 -1.32526204e-02 3.85891763e-02
 2.86595543e-01 7.59571017e-01
 7.31117556e-02 -7.36000356e-01
 -1.20662924e-01 1.12593625e-01
 2.64404484e-02 -6.27475062e-01
 -1.05414092e-01 1.00452375e-01
 7.67160467e-01 2.78119232e-01
 6.27659625e-02 -6.05559820e-01
 -1.96937185e-02 4.40696386e-02
 4.95475613e-01 -3.93317578e-01
 -7.48656770e-03 -7.62932629e-01
 -1.90819691e-01 -2.44296352e-01
 -4.35885509e-02 6.24303875e-02
 -6.34852146e-02 7.57599146e-02
 -1.70382912e-01 1.63438465e-01
 5.26680891e-01 7.18813839e-01
 2.08601505e-01 -7.71948784e-01
 4.00126992e-02 7.87809885e-01
 -1.90561697e-01 1.92345832e-01
 -6.88473931e-01 6.83557118e-01
 -9.69772920e-02 7.95014996e-01
 -8.49124809e-02 8.86132519e-02
 -1.33834619e-02 3.86931913e-02
 -5.13048618e-01 -2.22567029e-01
 5.26353978e-02 8.61209190e-01
 -7.52770098e-02 8.14120433e-02
 -3.33136380e-02 5.67922741e-02
 4.49667927e-01 6.78725411e-01
 -5.11719534e-01 -2.22947265e-01
 5.28645417e-01 1.82546837e-01
 3.13855382e-03 2.45019941e-02
 -7.25561349e-01 6.85773381e-01
 -7.47167193e-01 6.81280236e-01
 -1.09259101e-01 1.03001981e-01
 1.91965400e-01 -4.59961819e-01
 -1.63402210e-01 1.54564903e-01
 -1.66796947e-02 4.13663455e-02
 -5.62760593e-02 7.06675635e-02
 -8.04185539e-02 8.52535352e-02
 -6.03812679e-02 7.24357648e-02
 4.88442053e-01 -5.66393766e-01
 -4.08720132e-02 6.12788453e-02
 7.16863070e-03 2.09465249e-02
 -2.55617894e-02 4.96233083e-02
 -1.65463203e-01 1.57171746e-01
 1.44420590e-01 -7.35733426e-01
 -1.50995703e-03 3.88824614e-01
 -3.99372869e-01 -1.85928080e-01
 -3.96348269e-01 4.13813716e-01
 5.76181363e-01 4.66680604e-01
 -1.65412767e-01 1.57169126e-01
 2.70501227e-01 6.19853650e-01
 6.11570533e-01 1.06646063e-01
 8.43938700e-02 7.22955619e-01
 -9.56606973e-02 9.46355366e-02
 -3.14125624e-02 5.33603602e-02
 -3.32053490e-01 -5.00830567e-02
 3.32340749e-01 7.78718256e-01
 7.99420433e-02 -8.19741732e-01
 1.57525662e-01 5.02541212e-01
 -6.74961930e-02 7.74350039e-02
 -2.12698004e-01 7.92253837e-01
 -9.10824896e-02 9.18615160e-02
 4.51655853e-01 4.09526819e-01
 -4.97101962e-02 6.63846925e-02
 -1.71131886e-01 1.64377030e-01
 1.45084658e-01 8.25531902e-01
 1.67651758e-01 8.40359127e-01
 -1.35931179e-02 3.87750943e-02
 5.76182957e-01 7.23542536e-01
 5.20832647e-01 7.28261958e-01
 -5.06318134e-02 6.69650271e-02
 -2.36208802e-01 -3.71832754e-01
 -1.29856811e-01 -1.03646218e-01
 -1.10978465e-02 3.66152942e-02
 2.75442441e-01 3.63834551e-01
 3.00398099e-01 -5.51947353e-02
 -7.58230699e-02 8.16922009e-02
 -2.85644007e-02 5.17387450e-02
 -6.71126018e-02 7.72109532e-02
 -2.69317640e-02 5.04048240e-02
 -1.82379021e-01 -5.38624190e-01
 9.25026174e-02 7.79167252e-01
 3.73419829e-01 1.95273374e-01
 -1.48407853e-01 1.37629879e-01
 -1.11021995e-01 1.04298565e-01
 -3.64750696e-01 -4.13211063e-01
 7.42364295e-02 7.84262592e-01
 3.73632819e-01 1.90144604e-01
 4.57738014e-03 2.30406258e-02
 2.94632242e-01 2.96855318e-01
 3.21333171e-01 -4.19132789e-01
 -3.26410546e-02 5.43648777e-02
 3.78463663e-01 -8.75359878e-01
 -7.37005519e-03 3.34809470e-02
 -7.92874109e-02 8.44342656e-02
 3.06799022e-01 -7.68331840e-01
 -6.03605842e-02 7.23736659e-02
 2.06996979e-01 -8.60194061e-01
 -1.94398447e-02 4.40290883e-02
 3.61926875e-02 7.06834433e-01
 -1.98919692e-02 4.42529909e-02
 3.31056543e-01 6.07963524e-01
 -2.88217900e-02 8.21914455e-01
 -8.79198087e-02 9.06369809e-02
 -4.48452248e-01 4.63579429e-01
 6.79930567e-01 -4.01125870e-01
 -1.44609523e-01 1.33861783e-01
 -4.37060423e-01 -1.77433715e-01
 7.69435468e-01 -4.77116736e-01
 -1.43317677e-01 1.32579530e-01
 -2.40662429e-01 -1.88284889e-01
 -1.71856211e-02 4.21681330e-02
 -7.10427671e-01 5.08613308e-01
 3.40167443e-01 7.93398594e-01
 4.50753558e-03 2.32725587e-02
 -2.13490795e-02 4.67691970e-02
 6.44172081e-01 4.23274960e-01
 -4.48095695e-02 6.29154629e-02
 3.08928295e-01 4.62332485e-02
 5.95924120e-01 -7.18926480e-01
 -3.22806141e-02 5.41538451e-02
 -5.22578648e-01 -1.75258375e-01
 -2.08306106e-01 2.24128790e-01
 7.59029439e-01 3.28889841e-01
 5.37088950e-01 -4.26240081e-01
 1.68096851e-02 -7.76597949e-01
 -2.85548116e-02 5.17320587e-02
 1.10293022e-01 7.53847161e-01
 -8.69707332e-02 8.99533052e-02
 -1.11890097e-02 3.67004936e-02
 -1.03615621e-01 9.93043926e-02
 7.24249607e-01 -4.55263707e-01
 -7.98467404e-04 2.79801905e-02
 3.69565609e-01 1.60271778e-01
 3.33613374e-01 1.86962871e-01
 5.31953194e-01 -7.22612063e-01
 1.20242996e-01 4.89216618e-01
 2.91474718e-01 -6.42234532e-01
 5.58859365e-01 6.01146660e-01
 1.47984510e-01 -6.72485456e-01
 -1.40083004e-01 -5.49794063e-01
 -8.49020349e-02 -5.15313214e-01
 6.15560985e-01 -7.03419272e-01
 6.53304087e-01 -6.28975088e-01
 6.53915685e-02 -5.89532481e-01
 -1.23410019e-01 1.14823520e-01
 6.55020894e-03 8.20260622e-01
 1.22411179e-01 -6.39770758e-01
 -1.26928412e-01 6.63578713e-01
 5.64867433e-01 2.15164626e-01
 -1.39409059e-01 -5.44893159e-01
 5.37505093e-01 2.35726031e-01
 -1.15460463e-01 1.07421014e-01
 -1.07956926e-01 -5.82698748e-01
 4.13856157e-01 1.26982676e-01
 -1.76673333e-01 1.73378319e-01
 -2.09119040e-01 2.25504382e-01
 -4.80313780e-02 6.55489171e-02
 4.42013354e-01 6.89797393e-01
 -2.39738104e-02 4.85821760e-02
 9.32681491e-03 1.89703418e-02
 -4.62064227e-01 -3.06209645e-01
 5.96293683e-01 -4.15546563e-01
 -6.12609542e-01 -6.10452471e-01
 -3.00878990e-02 5.26538833e-02
 -4.11202383e-01 4.19324988e-01
 2.99795221e-01 -6.36921746e-01
 -2.27074983e-01 2.55174203e-01
 -3.38804661e-01 -5.34961882e-01
 1.67886894e-02 7.28647859e-01
 -3.92121065e-02 6.04366316e-02
 -2.60109347e-01 3.20598665e-01
 -2.97609116e-01 -1.64022335e-01
 5.94506461e-01 6.79046666e-01
 -2.02201902e-01 2.10223910e-01
 3.39360237e-01 5.60782997e-01
 -4.38846601e-01 -5.83407534e-02
 -8.99927518e-02 9.13993714e-02
 -1.20618789e-01 1.12521276e-01
 5.54085602e-01 -7.68083777e-02
 5.79025090e-01 4.87093435e-01
 -1.85178772e-01 1.84513877e-01
 4.59486816e-01 -5.86996715e-01
 -6.13647411e-01 -1.13111909e-01
 -1.69251220e-01 1.62029725e-01
 -1.15961123e-01 1.07728659e-01
 3.84603682e-01 3.88218418e-01
 -3.57022158e-02 8.06947578e-01
 2.43793848e-01 4.69900967e-01
 -5.50589286e-02 5.77693607e-01
 3.10668155e-01 -4.89798550e-01
 -3.07093827e-02 5.30599565e-02
 -6.18948468e-02 8.35014854e-01
 -5.11688542e-02 6.71111092e-02
 -1.32004823e-01 1.22125782e-01
 -3.80194672e-01 6.69846266e-01
 1.73658879e-01 -4.50269279e-01
 -5.68926086e-01 -6.31438131e-01
 -3.87891061e-01 -2.39822629e-01
 -2.37203240e-01 -1.62632748e-01
 -3.52378209e-01 3.94102506e-01
 2.97582156e-01 6.28268692e-01
 1.13333746e-01 -5.32460921e-01
 -4.15035998e-03 3.07058367e-02
 -2.18410724e-02 4.69970662e-02
 -4.13411014e-02 6.14925894e-02
 9.22855343e-02 7.59667686e-01
 7.50430329e-02 8.13673985e-01
 2.42479102e-01 -8.78367404e-01
 1.29530168e-01 -7.52230586e-01
 4.27891012e-01 5.82377187e-01
 4.12456095e-01 -4.79115463e-01
 5.74986475e-01 3.48848882e-01
 -4.67572635e-02 6.46955029e-02
 -1.16146764e-01 6.35849177e-01
 -2.25282122e-01 2.52228556e-01
 5.76024785e-01 -2.12731638e-01
 -3.17120476e-02 5.64718454e-02
 9.00360440e-03 1.91751142e-02
 -4.92471193e-02 6.65158207e-02
 -3.22714027e-01 -5.27777123e-01
 -1.27600311e-01 1.18129348e-01
 -4.03594981e-01 -6.47916656e-01
 -4.93834141e-01 -6.60490801e-01
 -5.68422153e-02 7.13632568e-02
 4.12031971e-01 6.30995724e-01
 -9.55724604e-03 3.51789240e-02
 6.59140053e-01 2.85318604e-01
 1.90109533e-01 -7.69383362e-01
 -5.86309823e-01 -1.81112862e-01
 4.60132651e-01 7.34717646e-01
 -7.42810403e-02 8.08008600e-02
 -1.31124981e-01 1.21279185e-01
 7.64275726e-01 3.19169033e-01
 5.31056584e-01 7.32495920e-01
 -2.03529967e-02 4.58085166e-02
 4.01863156e-01 -4.38200320e-01
 -3.19561214e-02 5.38757152e-02
 -5.29181095e-02 6.82599679e-02
 -2.84720903e-02 5.15874075e-02
 -2.37674092e-01 -3.86095453e-01
 1.10058793e-01 -7.05989823e-01
 -1.24744097e-01 1.16028010e-01
 -1.42220819e-01 1.31398318e-01
 1.30891599e-01 7.41129254e-01
 -3.83526732e-01 6.88103326e-01
 -7.37697210e-02 8.04501430e-02
 -3.05691963e-03 2.96299591e-02
 1.44659948e-01 -6.44743015e-01
 1.85352378e-01 -4.70641623e-01
 -2.61155847e-01 3.21371542e-01
 -1.66091387e-01 1.58032733e-01
 -4.58202173e-02 6.43762215e-02
 -7.60712711e-02 -6.38604643e-01
 5.88703853e-01 -2.29278609e-01
 -4.54103572e-02 6.33771631e-02
 4.22477416e-01 -7.50694933e-01
 -1.61989859e-01 1.52912222e-01
 -3.68289965e-01 -4.59563737e-01
 3.75124826e-01 -8.56400989e-01
 4.26704565e-01 7.46688139e-01
 -1.39223306e-01 1.28528992e-01
 -1.45271368e-01 1.34450508e-01
 -1.02489365e-01 9.85569901e-02
 -5.51984473e-02 6.96057942e-02
 1.92887285e-01 -5.14598910e-01
 -1.33464312e-01 1.23294066e-01
 -8.07494017e-04 2.78679475e-02
 4.20324519e-01 -6.98961160e-01
 -2.49411373e-02 4.90242343e-02
 2.68701138e-01 7.72499091e-01
 -1.41526229e-01 1.30680072e-01
 -6.63084889e-02 8.65932422e-01
 -1.44890412e-01 1.34177963e-01
 3.19373405e-01 2.96194967e-01
 -3.15535673e-02 5.62315690e-02
 -1.09374120e-01 1.03089287e-01
 -1.94169210e-02 4.35331733e-02
 -1.70729114e-01 1.63804178e-01
 -4.80253529e-02 6.55513977e-02
 2.68667051e-03 2.47231435e-02
 5.96873115e-01 8.19073316e-01
 -3.69227207e-01 -7.43590109e-01
 -1.63297364e-01 1.54514192e-01
 -1.37323270e-01 -5.81959802e-01
 -7.28177348e-03 3.35356919e-02
 -2.01129367e-02 4.48779318e-02
 -3.98065693e-02 6.03658835e-02
 -1.51610646e-02 4.03062699e-02
 2.86209775e-01 8.01659104e-01
 -2.65533336e-02 4.99776222e-02
 -1.61612394e-01 1.52381141e-01
 3.00430861e-01 -4.85645932e-01
 -3.73723457e-02 5.93791345e-02
 -2.04980521e-01 -5.47673714e-01
 2.44595754e-01 -6.71211198e-01
 -1.33223071e-01 7.08122325e-01
 -4.83209088e-02 6.59573441e-02
 3.44973314e-01 -8.70568050e-01
 2.65934428e-01 -5.86201352e-01
 -2.27431746e-02 4.78562883e-02
 3.92992559e-01 7.60020076e-01
 1.92218357e-01 -6.98552919e-01
 6.15092186e-01 6.31943322e-01
 -4.28675533e-01 -5.61347297e-01
 -1.00465635e-01 9.74453400e-02
 -1.54726044e-01 1.44617231e-01
 -1.58959936e-02 4.07598070e-02
 6.47946623e-01 -2.77490757e-01
 1.57326011e-01 6.59901497e-01
 -7.48467270e-02 8.11775356e-02
 3.85454910e-02 7.24234007e-01
 -1.27524290e-01 -1.13565483e-01
 -3.44239414e-02 -6.52645841e-01
 2.28829887e-02 7.94997829e-03
 -1.29874917e-01 1.20189494e-01
 -1.13040824e-01 -6.28414918e-01
 -3.22194161e-01 -1.88642682e-01
 8.83756688e-02 -7.79864525e-01
 4.98522673e-01 6.80006333e-01
 -2.81794447e-02 5.14193400e-02
 -3.46745724e-02 5.77265622e-02
 5.70359611e-01 -3.26386671e-01
 6.33101877e-01 -5.40910604e-01
 2.62869062e-01 7.60556355e-01
 -3.55483730e-02 5.85138132e-02
 -3.72592972e-02 5.93450956e-02
 -8.38211181e-02 -8.04823468e-01
 -4.36579454e-02 -7.64028238e-01
 -1.27675049e-02 3.81600855e-02
 -1.30232927e-01 1.20478757e-01
 -1.63587454e-01 -4.54225175e-01
 -3.69460666e-01 5.88104070e-01
 -4.91289635e-02 6.64485808e-02
 -3.34954335e-02 5.77007005e-02
 3.47653482e-01 -7.05288050e-01
 6.00693761e-01 7.47460961e-01
 -3.30316217e-02 5.68885482e-02
 3.67737748e-03 2.40211880e-02
 4.24726366e-01 -5.26960962e-01
 2.70732496e-01 -5.42491550e-01
 -1.68504064e-01 1.61070031e-01
 2.78680071e-01 1.30997292e-01
 -1.69847494e-01 1.62789448e-01
 -5.87782006e-02 7.20780420e-02
 -2.61048771e-03 2.92879739e-02
 1.66983841e-01 -5.74290950e-01
 -6.98233502e-01 6.83924809e-03
 -1.06366121e-01 1.01089268e-01
 6.46686246e-01 -5.56672485e-01
 -6.47943445e-01 6.58810099e-01
 -8.14566965e-03 3.42134229e-02
 -4.91293063e-02 6.64437519e-02
 6.65685967e-01 -2.53525617e-01
 -1.14027818e-02 3.68435444e-02
 1.12676575e-02 -5.71780120e-01
 -1.47774638e-01 1.36896659e-01
 -2.65514811e-02 4.99790280e-02
 -2.32621532e-01 2.65388355e-01
 -2.13090908e-01 2.31833416e-01
 -7.80552636e-02 8.39211430e-02
 -4.47685446e-02 -3.62699024e-01
 -1.02950564e-01 9.88609516e-02
 3.03085750e-01 -8.42356049e-01
 -3.22807365e-02 5.53541219e-02
 -3.09373947e-01 6.35825896e-01
 -1.36806210e-02 3.89337170e-02
 8.81981907e-02 5.73887758e-01
 1.11423071e-05 2.71154269e-02
 -5.19277025e-02 6.75985984e-02
 -1.99815782e-02 4.48665550e-02
 -1.13343943e-01 1.05978504e-01
 -5.52024532e-02 6.96070902e-02
 -3.73291719e-01 -2.75406022e-01
 -2.75410936e-02 5.07737790e-02
 -7.70307912e-01 6.74831170e-01
 -6.21808482e-02 7.52128818e-02
 5.05734142e-01 1.64663790e-02
 -1.87501843e-01 -6.27280592e-01
 9.65818306e-03 5.66064664e-01
 -1.17391688e-01 1.08476282e-01
 -4.11598119e-02 6.13072271e-02
 1.32329627e-01 -6.92896407e-01
 5.19638223e-01 -7.41095262e-01
 -2.25920664e-02 4.77344642e-02
 2.41994343e-01 -5.61429237e-01
 7.44487117e-01 4.57887636e-01
 -3.00157284e-02 5.25994618e-02
 1.37364677e-01 6.05659913e-01
 -2.55774236e-01 -5.47060616e-01
 -1.19506058e-02 3.73135667e-02
 6.75757229e-01 1.86022291e-01
 2.63273003e-01 1.85454784e-01
 -1.43755872e-01 1.33024318e-01
 -7.97997061e-02 -7.60555254e-01
 4.19986394e-01 1.38889101e-01
 -4.76039123e-02 -6.84841795e-01
 -1.12704894e-01 1.05504109e-01
 -7.20088681e-02 7.91337316e-02
 7.75952161e-01 6.62070665e-02
 -3.25585804e-02 5.43214255e-02
 5.35916363e-01 -6.48573748e-01
 -3.20328403e-02 5.38829349e-02
 -5.46159441e-01 -6.79990901e-01
 3.74827749e-01 -7.81499936e-01
 -6.11322592e-02 7.32622253e-02
 3.96907896e-01 3.41129548e-01
 -6.00665699e-02 7.23315901e-02
 4.70618639e-01 -2.04788034e-01
 -2.33126197e-01 2.66257494e-01
 -4.10228096e-01 -5.22045375e-01
 4.54431524e-03 2.32565607e-02
 -1.62785887e-01 -1.26410081e-01
 -1.36501437e-02 3.88181841e-02
 -9.32732036e-02 9.32521784e-02
 4.10102654e-02 5.56969667e-01
 7.36298629e-01 -2.68096412e-01
 6.50546969e-03 2.15182210e-02
 -3.24236333e-02 5.42794847e-02
 -1.49676829e-01 -7.03313868e-02
 4.40505386e-01 1.41088577e-01
 7.34804596e-02 4.56615530e-01
 -1.35238644e-01 1.24661712e-01
 6.16219642e-01 5.85035041e-01
 -2.70152206e-02 5.02316262e-02
 -2.66785253e-02 4.99568302e-02
 1.25355276e-01 -7.82221738e-01
 -8.13238224e-01 -1.36611399e-01
 -1.44100988e-02 3.94058869e-02
 -3.49049170e-02 5.73783536e-02
 -1.71402015e-02 4.20500909e-02
 2.31696768e-01 9.68954032e-02
 -3.27859266e-02 5.68044352e-02
 9.01624895e-02 7.73720701e-01
 -6.07190926e-02 7.25253909e-02
 -4.21295341e-02 6.19723058e-02
 -1.76919289e-02 4.23639898e-02
 -3.48490635e-02 5.76279272e-02
 4.14230490e-01 7.57719383e-01
 -9.49064026e-02 9.43251931e-02
 7.21821097e-01 -4.66839987e-01
 7.16986734e-01 -2.90503439e-01
 4.27776646e-01 4.31867368e-02
 -1.16042590e-01 1.08029724e-01
 -3.22799015e-02 5.52884633e-02
 -1.26240793e-01 1.17179868e-01
 6.86365183e-01 2.28133926e-01
 -4.26499037e-02 6.18597498e-02
 -2.39121620e-01 2.76355045e-01
 -1.58351358e-02 4.07231056e-02
 6.44154217e-01 -1.12044135e-01
 2.01462245e-01 1.03460426e-01
 4.97466592e-01 -5.63462175e-01
 -1.29246988e-01 8.26402882e-01
 5.78544136e-01 -3.73820938e-02
 -1.58664887e-01 6.98130317e-01
 -1.15705291e-01 1.07532464e-01
 -1.06425867e-01 1.01132898e-01
 5.61654773e-01 5.28905541e-01
 -2.11133125e-01 2.28859427e-01
 1.57793260e-01 4.68943334e-01
 -2.10304577e-01 -7.44388232e-01
 -1.47849439e-01 1.37031680e-01
 -1.78391787e-01 1.74664137e-01
 -1.18237664e-01 1.10858208e-01
 1.96634698e-01 5.38164759e-01
 -1.75405412e-01 1.71369982e-01
 2.25611454e-01 -7.49220611e-01
 -1.10582017e-02 3.64992880e-02
 -3.13850204e-02 5.44431872e-02
 -1.83171580e-01 -5.65495199e-01
 5.47602298e-01 1.58503658e-01
 3.38738159e-03 2.42847415e-02
 5.36773241e-03 2.25647806e-02
 -7.63730450e-02 8.20928516e-02
 -1.72912531e-01 6.00188408e-01
 -1.51185701e-01 1.40850061e-01
 -5.62091017e-02 7.06221939e-02
 -4.20640660e-03 3.07512866e-02
 5.48153492e-01 7.29215325e-01
 7.12338648e-03 2.10038114e-02
 7.43005810e-01 3.46111963e-01
 -3.16259216e-02 5.50767879e-02
 -6.56117113e-01 5.79934433e-01
 -4.04913613e-01 4.16319678e-01
 -1.00443307e-01 9.74322826e-02
 -2.17692794e-01 2.38950789e-01
 -3.06687066e-02 5.29983656e-02
 1.32610058e-01 1.58156266e-01
 -7.00454375e-02 7.80593006e-02
 -1.05695519e-01 1.00636958e-01
 7.07883060e-02 7.30006595e-01
 -1.58327033e-02 4.07218331e-02
 6.36620477e-01 1.07452002e-01
 -2.23904687e-02 4.75758765e-02
 -6.03929002e-02 7.24287164e-02
 -1.93156936e-01 -4.04668257e-01
 -1.54183455e-01 1.44018616e-01
 -5.71372984e-01 -3.58177208e-01
 -6.64165249e-01 -6.50785663e-02
 3.32377728e-01 -8.29815084e-01
 -8.78492944e-02 9.05515625e-02
 -3.09379988e-01 -1.32094782e-01
 2.12901416e-02 9.00000000e-01
 2.38624130e-01 4.04267872e-01
 -1.46741015e-01 8.18628385e-01
 3.78779845e-01 6.21085730e-01
 -1.99383891e-01 -5.82109791e-01
 -3.73654402e-02 5.94792900e-02
 -9.97177731e-02 9.70374267e-02
 -8.19498594e-01 5.20230979e-01
 -1.29411691e-02 3.81978978e-02
 -6.87224145e-02 -5.40420120e-01
 7.41529500e-02 -6.37539244e-01
 -2.51528617e-02 5.46870213e-01
 -1.77212764e-03 2.88658659e-02
 -3.18855798e-02 5.38767341e-02
 -6.12452987e-02 7.31213612e-02
 1.65473513e-01 4.61472631e-01
 -7.91952275e-02 8.43140702e-02
 6.16486769e-01 -1.73322215e-01
 -3.16041822e-02 5.60400704e-02
 2.16823112e-01 8.26509149e-01
 2.19930703e-01 -5.51649643e-01
 -1.10681011e-01 1.04015996e-01
 -4.63785496e-02 6.48863058e-02
 -1.51428288e-01 -1.87386213e-01
 3.31465674e-01 -6.46589918e-01
 1.79836417e-01 -4.59513838e-01
 6.47616972e-01 -2.47931034e-01
 -7.54129892e-02 8.14567666e-02
 2.19040665e-01 6.25633829e-01
 2.44185663e-01 1.88778574e-01
 6.64735655e-01 3.70658770e-01
 -1.74821296e-02 4.21288782e-02
 -1.24281774e-01 1.15559007e-01
 -7.48975812e-03 5.24885056e-01
 -3.44459059e-02 6.86637059e-01
 -1.58821171e-01 -2.04586097e-01
 1.62364209e-02 1.36309432e-02
 1.31017710e-02 6.68818339e-01
 4.30719581e-01 -8.36170219e-01
 -1.13841313e-01 1.06473615e-01
 1.81350887e-01 -4.70069023e-01
 5.25977335e-01 1.42571576e-01
 -6.21708842e-03 3.25905301e-02
 -1.21362404e-01 1.13051784e-01
 -1.03849416e-01 9.94487938e-02
 4.77884461e-01 -1.59045876e-01
 -3.53357510e-02 7.24927068e-01
 -4.23076650e-02 -2.70399579e-01
 -1.76962631e-01 1.73550371e-01
 1.75747516e-01 7.63322999e-01
 -4.75269179e-02 -4.50756498e-01
 -1.41079013e-02 3.91839412e-02
 -1.25521699e-01 1.16539699e-01
 6.34420716e-01 -6.09745523e-02
 4.86890260e-01 4.83380136e-01
 3.37538404e-01 5.84473660e-02
 2.82356013e-01 -8.86742983e-01
 -2.36145239e-02 4.84581721e-02
 -4.70556795e-02 -7.08594001e-01
 -1.85286640e-02 4.28659419e-02
 5.00663251e-01 -1.35576325e-01
 -1.57328528e-02 4.07569082e-02
 1.61067499e-01 -7.72150192e-01
 -4.98628305e-02 6.64810013e-02
 -1.65654979e-02 4.14199606e-02
 -3.91017711e-02 6.00068968e-02
 6.80481219e-01 2.08996194e-01
 5.58022694e-01 -6.15823166e-01
 7.01222499e-03 -5.94270379e-01
 -5.71332021e-02 7.14272128e-02
 -2.53200259e-02 4.94641441e-02
 2.03197401e-01 4.98123148e-01
 3.70029384e-01 4.85813124e-01
 3.46319627e-01 -8.18295011e-01
 9.93878916e-02 -7.45425463e-01
 2.96123938e-01 4.39382048e-01
 -9.27680094e-02 9.30710555e-02
 -9.35606689e-02 9.37127332e-02
 -2.41363274e-01 -4.82774071e-01
 6.43000674e-01 -2.26282338e-01
 -6.75967524e-01 -1.50812339e-01
