1971 1923 1611
1254 1868 36
268 263 1552
822 379 523
822 1828 379
853 1828 1854
1964 312 1474
872 1254 93
872 451 36
872 1254 36
690 1828 1854
831 690 2023
439 379 523
340 831 2023
53 1441 1192
139 465 1540
139 1424 1540
139 1719 465
139 1424 379
139 439 379
139 1719 439
1892 1012 1540
1892 1424 1540
385 1552 1024
1266 312 1474
1987 1964 325
1987 1964 312
513 1971 1615
186 260 1935
1608 418 1024
1608 1601 1935
1608 1601 1317
1513 1167 1024
519 418 1024
41 268 263
1730 912 424
49 1612 424
49 1612 862
422 920 1611
422 862 1611
422 49 862
1624 263 1552
2028 690 2023
2028 822 523
241 853 1854
241 831 974
241 690 1854
241 831 690
425 1964 1474
425 1296 1474
495 912 1116
1333 451 800
2016 1113 93
1856 208 48
812 1296 1474
812 1266 1474
1056 445 863
1056 340 831
1056 445 340
1667 439 523
1667 2028 523
1667 2028 2023
1667 340 2023
1284 465 1540
1284 53 1540
651 1284 53
651 1284 465
838 53 1441
838 1012 1540
838 53 1540
721 1892 1424
1045 385 1552
338 386 515
1384 1590 434
1384 1161 1048
1384 1161 1323
207 15 1323
738 1987 312
738 312 911
738 673 911
2005 312 911
2005 1266 312
10 1987 1481
10 1384 434
10 1384 1481
1353 1612 1923
1353 1971 1923
1353 513 1971
1338 495 1116
1338 1615 800
1338 513 1615
1338 1333 800
656 1601 1935
656 186 1935
656 1197 186
924 1978 515
922 1608 1317
922 1608 418
1926 1601 1317
1981 75 634
1981 744 634
961 519 418
1634 1663 1176
1634 15 1663
622 744 634
732 1663 1176
732 622 1663
732 622 744
732 1075 1176
1270 41 263
996 1612 1923
996 1612 862
996 1923 1611
996 862 1611
133 550 1048
133 1384 1048
133 1384 1481
1470 1487 317
1832 1822 912
1832 1616 325
1832 1964 325
1832 1822 1964
116 993 920
116 422 920
219 1624 263
219 1624 353
490 993 920
1406 690 1828
1406 2028 690
1406 822 1828
1406 2028 822
1578 853 36
1657 1564 1893
1657 1578 853
1657 241 853
1710 1564 1893
1818 974 1946
1399 1822 912
150 425 1964
1737 1822 1964
1737 150 1964
1737 150 1652
488 495 912
1432 2016 93
442 666 783
1602 1920 506
1774 783 506
1774 666 783
1774 666 381
955 1239 1915
955 89 1915
74 943 319
74 319 48
74 1955 48
74 89 1955
1346 1056 831
1346 1056 863
891 1667 340
1067 1719 439
1067 1667 439
1067 891 1667
1067 1719 465
725 1441 1192
725 171 1192
1058 445 863
503 1958 1767
1692 721 1892
1993 1920 506
1993 1424 506
1993 721 427
1993 721 1424
354 1045 1552
248 732 306
248 732 1075
985 386 515
985 386 1814
973 386 208
392 386 1814
392 1661 208
392 386 208
433 1926 1607
556 316 337
556 316 2042
878 1384 1323
878 1384 1590
246 1470 1730
113 207 15
113 316 2042
113 15 316
224 113 1972
224 113 207
1306 673 434
1306 738 673
1306 738 1987
1306 10 434
1306 10 1987
1152 1353 513
1152 1338 1863
1152 1338 513
1152 1353 1612
1152 1612 424
1152 912 424
1152 912 1863
769 186 260
769 1197 260
769 1197 186
1331 656 1601
1331 432 1601
1331 1197 1357
1331 656 1197
1268 417 485
322 924 1978
322 1150 1978
100 961 418
1225 281 418
1225 922 418
1687 373 400
1365 433 1926
1365 1150 1978
1365 433 1978
802 1513 1167
802 1981 1513
802 1167 75
802 1981 75
421 1167 75
421 1167 1024
421 519 1024
538 1634 1176
538 1075 1176
553 1161 1323
2022 732 744
2022 1981 1513
2022 1981 744
2022 1513 306
2022 732 306
598 41 268
1274 558 2021
1274 327 2021
1555 133 1481
1555 1616 325
1555 1987 325
1555 1987 1481
147 1161 1048
147 550 1048
498 553 1161
1400 103 291
1400 1395 291
1082 133 550
1082 1555 133
1082 970 1555
1484 1730 424
1484 1470 1730
1484 49 424
889 116 993
889 422 49
889 116 422
1381 219 263
1589 1395 1343
1796 430 2003
1132 1624 353
1132 1627 1624
1885 490 920
350 1624 1611
350 1627 1624
350 1159 1627
255 1868 36
255 1578 36
2040 1113 1893
2040 1657 1893
2040 1254 93
2040 1113 93
2040 1254 1868
2040 255 1868
2040 1657 1578
2040 255 1578
1694 1710 1564
1694 2035 1710
1028 1657 241
1028 241 974
1028 1818 974
1050 1113 1893
989 912 81
989 1399 912
1388 1030 1766
1388 1496 212
320 274 1603
106 1737 1603
106 1737 1652
106 320 1603
1341 1333 1944
1341 1338 1333
1341 981 1338
1562 981 1338
8 1333 1944
8 162 1944
8 1333 451
303 872 451
707 2016 587
707 1432 2016
707 1432 884
1372 1277 1944
1372 720 1944
1372 1342 1277
1372 1342 93
1094 1448 381
1094 442 1448
1094 666 381
1094 442 666
1289 1856 48
1289 1397 48
748 1774 381
748 1774 506
748 1602 506
748 1602 1907
1493 955 89
1493 74 1057
1493 74 89
1493 1239 1057
1493 955 1239
166 1202 1536
166 725 171
1361 341 1551
1789 1397 48
1261 74 1057
847 974 1946
847 1766 1946
847 1388 1766
230 1058 1192
230 171 1192
230 166 171
230 166 1202
1764 1826 2002
1764 1438 1826
1919 1438 1826
596 651 465
57 838 1441
534 57 1441
1506 1058 1192
1506 1546 1192
1506 1058 445
1506 1546 445
1086 503 377
1086 1692 377
1086 1892 1012
1086 1692 1892
76 721 427
76 1692 721
76 1692 377
130 1993 1920
16 1602 1920
16 1842 1920
1442 1230 1551
1965 1442 1230
711 1045 385
711 354 1045
1437 973 208
1278 24 1661
1278 24 578
734 392 1698
1021 1599 194
509 768 1969
310 47 1685
310 590 47
310 1055 1685
611 590 47
1733 556 2042
456 878 1590
456 673 434
456 1590 434
837 224 207
837 456 673
837 456 878
837 673 911
742 1832 1616
742 246 1616
742 845 1832
742 246 1730
742 845 1730
1953 1783 1972
1953 1783 396
1295 1953 396
1295 837 911
1295 837 224
1706 1955 48
1706 1449 1955
1706 208 48
1706 1661 208
1706 24 1661
1706 24 578
1675 1338 1116
1675 892 1338
1675 912 1116
969 1338 1863
969 892 1338
969 912 1863
193 432 1601
193 1916 1601
269 373 400
269 1916 400
879 1268 485
879 1268 942
879 180 942
1977 509 1375
1977 509 61
222 417 194
222 1268 417
222 1268 1375
222 1977 1375
1183 879 180
13 180 942
706 392 1698
706 364 1698
706 364 1140
706 392 1814
233 322 605
233 322 924
233 378 924
1637 1687 648
1637 1687 557
1637 1437 557
747 338 515
1344 433 1607
1344 1687 648
1344 338 648
1344 747 338
1577 1926 1317
1577 1365 1926
1509 15 1663
1509 15 316
234 622 634
1468 527 605
1468 100 961
1468 530 100
1613 275 2000
824 1932 2015
824 1932 1075
1768 1634 15
724 15 1323
724 553 1323
841 598 268
730 1270 41
1129 1274 327
1129 147 327
976 498 2000
976 1613 2000
461 1555 1616
461 970 1555
461 970 1487
461 246 1616
461 1470 1487
461 246 1470
830 1400 103
830 1487 317
830 970 1487
1155 1082 550
1155 103 291
1155 1082 103
848 1082 103
848 1082 970
848 830 103
848 830 970
1763 1796 430
111 1589 2017
111 1589 1395
98 1400 1395
98 1796 2003
1110 490 993
1110 889 993
1110 1484 49
1110 889 49
1880 350 1611
1880 920 1611
1880 1885 920
1760 350 1159
1746 2035 1710
1746 1710 1893
1746 274 1603
1746 1766 274
1746 1766 1946
809 1657 1564
809 1028 1657
809 1694 1564
398 912 81
398 1017 912
1258 904 912
455 512 1603
806 150 1652
806 1041 150
1430 981 1944
1430 1341 1944
640 1338 495
640 1562 1338
644 981 449
644 1562 981
644 488 449
1146 303 1944
1146 303 872
704 162 1944
704 303 1944
704 303 451
1827 720 1944
1928 707 587
1928 707 884
1997 1432 884
1997 1432 93
363 280 977
363 939 977
804 1940 280
804 363 280
804 363 939
804 1448 381
804 939 381
1279 939 381
1279 748 381
1279 748 1907
129 414 977
129 939 977
129 1279 414
129 1279 939
1316 1289 1397
331 1504 1461
331 414 977
331 1504 414
1886 1202 2002
1886 1764 2002
1886 1764 1231
1886 230 1231
1886 230 1202
1968 1630 1492
1619 166 725
1619 534 836
1619 534 725
1619 836 559
1619 2013 559
1106 166 1536
1106 1619 166
529 280 977
1525 1789 1983
1525 943 319
1525 319 48
1525 1789 48
1724 1983 115
1724 1789 1983
1724 1789 1397
1724 1316 115
1724 1316 1397
1337 1525 1983
1337 1525 943
500 391 594
500 1337 391
978 1230 1551
978 1336 1230
978 391 594
978 1336 594
736 1261 273
736 1261 74
736 943 273
736 74 943
785 1239 1057
785 1106 1239
785 1619 2013
785 1106 1619
1605 785 2013
1605 1261 1057
1605 785 1057
109 1346 1496
109 1388 1496
276 1346 1496
276 230 1231
276 1764 1231
276 230 1058
276 1346 863
276 1058 863
1676 1919 254
1676 1919 1041
1676 1041 150
1676 150 425
1194 1545 254
1194 1545 1492
1651 1826 2002
1651 1202 2002
1651 1919 1826
1651 1968 1202
1651 1919 254
1651 1545 254
1651 1545 1492
1651 1968 1492
2009 89 1955
2009 226 1955
1936 89 1915
1936 1968 1915
1936 1968 1630
1936 2009 89
1936 2009 1630
1529 1067 465
1529 596 465
1529 1067 891
1529 1546 445
1529 596 1546
1001 651 53
1001 596 651
1001 596 1546
1001 53 1192
1001 1546 1192
1572 1958 1869
1572 57 838
71 725 1441
71 534 1441
71 534 725
190 2013 594
190 2013 559
1666 1958 1767
1666 1256 1958
1801 130 1725
1801 130 1993
1801 1993 427
1801 76 427
1801 503 377
1801 76 377
1967 130 1725
1967 1442 1842
1967 1842 1920
1967 130 1920
1967 1965 1442
712 341 1551
1690 1204 793
1690 1020 793
619 1020 793
619 354 1552
672 711 385
672 711 354
672 619 354
672 619 1020
1218 248 1075
1218 1932 1075
1218 248 306
1218 1513 306
1218 1513 1024
228 244 2015
228 1932 2015
228 385 1024
228 1218 1024
228 1218 1932
580 1437 557
580 1437 208
580 1599 208
1570 392 1661
1570 734 392
1570 734 21
1570 1278 1661
1570 1278 21
9 1289 1856
9 1021 1289
347 185 1969
347 1268 1375
347 509 1375
347 509 1969
1511 1687 557
1511 768 557
1511 1687 400
1396 509 61
1396 580 557
1396 580 61
1396 768 557
1396 509 768
716 1278 21
716 734 21
716 611 47
716 1278 578
716 1088 578
716 1088 47
1092 590 1660
1092 611 590
1092 364 1698
1092 734 1698
1092 716 734
1092 716 611
752 421 519
752 811 519
752 421 137
936 590 1660
936 204 1660
321 700 1972
321 1783 1972
321 1088 700
321 1088 578
321 1706 578
680 1706 1449
680 321 1706
14 1088 700
14 1733 1088
14 1733 2042
14 700 1972
14 113 1972
14 113 2042
125 1733 1088
995 837 207
995 837 878
995 207 1323
995 878 1323
722 1730 912
722 845 1730
607 224 1972
607 1953 1972
607 1295 224
607 1295 1953
1351 1449 1955
2045 1675 912
2045 1675 892
1405 269 373
1405 1344 1607
1405 1687 373
1405 1344 1687
541 1926 1607
541 1405 1607
541 1405 269
541 1926 1601
541 1916 1601
541 269 1916
19 879 485
19 1940 485
921 1599 194
921 222 194
921 222 1977
921 1977 61
921 580 1599
921 580 61
1380 1183 180
1217 442 783
1217 1380 783
1217 1380 1183
1217 442 1448
1554 1183 879
1554 19 879
1554 804 1940
1554 19 1940
1963 985 1814
1963 924 515
1963 985 515
2019 1150 281
2019 530 281
2019 322 1150
2019 322 605
2019 1468 605
2019 1468 530
582 530 281
582 530 100
582 281 418
582 100 418
1374 1437 973
1374 1637 1437
1374 1637 648
1374 973 386
1374 338 648
1374 338 386
929 433 1978
929 1344 433
929 1344 747
2018 922 1317
2018 1577 1317
2018 1225 922
2018 1577 1225
229 1577 1365
229 1150 281
229 1365 1150
229 1225 281
229 1577 1225
1495 1509 1663
1495 234 1390
1495 622 1663
1495 234 622
1422 316 337
1422 1509 316
1422 556 337
737 1468 961
737 1222 961
1488 824 2015
1488 1613 275
1488 824 275
1539 275 2000
1539 498 2000
1903 1768 15
1903 724 15
1364 558 2021
1364 841 558
1364 841 268
1695 598 41
1695 730 41
1695 841 558
1695 841 598
156 1274 558
156 1695 558
156 1695 730
156 730 1270
156 1589 1343
156 1270 2017
156 1589 2017
1324 1129 1274
1324 156 1343
1324 156 1274
1324 1129 291
1324 1395 1343
1324 1395 291
1243 498 1161
1243 976 498
1243 976 327
1243 147 1161
1243 147 327
1998 976 1613
1998 327 2021
1998 976 327
1655 147 550
1655 1155 550
1655 1129 147
390 1381 219
390 1763 219
390 1763 1381
988 1763 1381
988 1763 1796
988 111 2017
988 1381 263
988 1270 263
988 1270 2017
441 98 1395
441 98 1796
441 111 1395
441 988 1796
441 988 111
1664 1132 353
487 1470 317
487 1484 526
487 1484 1470
1859 1110 1484
1898 1760 1159
1898 1859 1110
1881 1880 350
1881 1760 350
1881 1880 1885
1881 1760 1885
1466 1746 1946
1466 1746 2035
1466 1818 1946
549 809 1694
549 809 1028
549 1694 2035
549 1466 2035
549 1028 1818
549 1466 1818
990 1031 912
990 778 912
46 1017 912
46 778 912
1922 1258 912
727 1031 912
1489 1746 1603
1489 1580 1603
1489 1746 2025
614 1697 1893
750 1399 1822
750 242 1399
750 1737 1822
1170 242 1399
1648 320 274
1648 1766 274
1648 1030 1766
1023 1041 1980
1023 106 1980
1023 106 320
1023 1648 320
1023 866 1030
1023 1648 1030
621 866 1030
621 1919 1438
621 1388 1030
621 1438 212
621 1388 212
1761 1041 1980
1761 806 1041
1761 106 1980
1761 106 1652
1761 806 1652
1571 1341 981
1571 1430 981
1571 1430 1341
1483 640 1562
1483 644 1562
1483 644 488
1483 488 495
1483 640 495
1025 1417 451
443 162 429
443 429 451
443 1417 451
191 1277 1944
191 1146 1944
888 162 429
888 704 162
1548 1928 201
1548 1997 201
1479 1827 720
820 1372 720
820 1372 93
11 1021 1289
11 1316 1289
11 417 194
11 1021 194
326 16 1602
326 712 1784
1253 1202 1536
1253 1968 1202
1253 1106 1239
1253 1106 1536
1253 1239 1915
1253 1968 1915
840 1361 341
840 1983 115
840 1361 1983
840 417 115
840 529 417
657 417 485
657 529 417
657 1940 485
657 1940 280
1311 1337 391
1311 978 391
1311 1361 1983
1311 1337 1983
1311 1361 1551
1311 978 1551
751 2013 594
751 500 594
751 1261 273
2046 500 1337
2046 943 273
2046 1337 943
2046 751 273
2046 751 500
1592 109 1346
1592 1346 831
1592 847 1388
1592 109 1388
1592 831 974
1592 847 974
1287 1764 1438
1287 276 1764
1287 276 1496
1287 1496 212
1287 1438 212
739 1194 254
739 812 1296
739 1676 254
739 425 1296
739 1676 425
756 891 340
756 1529 891
756 445 340
756 1529 445
1013 1572 57
1013 836 559
1013 1869 559
1013 1572 1869
1013 534 836
1013 534 57
799 1572 838
799 1572 1958
799 503 1958
799 838 1012
799 1086 1012
799 1086 503
1918 1256 1958
1918 1958 1869
1918 1869 559
1918 190 559
504 1666 1767
504 1230 1767
504 1336 1230
1917 1801 1725
1917 1801 503
1917 503 1767
1917 1230 1767
1917 1965 1230
1844 712 341
1844 712 1784
1844 1461 341
1844 1504 1461
1844 1784 1504
701 1690 1204
1141 1021 1599
1141 9 1021
1141 9 1856
1141 1856 208
1141 1599 208
210 347 185
210 13 942
210 1268 942
210 347 1268
403 1511 768
403 1511 400
403 193 432
403 1916 400
403 193 1916
563 1672 1357
563 1672 432
563 1331 1357
563 1331 432
1165 1672 1357
1165 1197 1357
1165 1197 1420
1991 768 1969
1991 403 768
1991 1672 432
1991 403 432
540 310 1055
540 874 1055
540 310 590
645 649 1305
464 378 1140
2004 752 137
566 811 519
551 649 1305
551 649 204
305 566 811
305 566 1891
1718 936 590
1224 321 1783
1224 680 321
1604 1055 1685
1604 47 1685
885 845 1832
885 722 845
885 1832 912
885 722 912
808 1351 1295
808 1351 1955
808 226 1955
808 812 1266
808 226 812
1385 1295 396
1385 1351 1295
1385 1224 680
1059 969 892
1059 2045 892
1059 969 912
1059 2045 912
1521 13 180
1521 1380 180
1084 1217 1448
1084 1217 1183
1084 1554 1183
1084 804 1448
1084 1554 804
1956 378 924
1956 1963 924
1956 378 1140
1956 706 1140
1956 706 1814
1956 1963 1814
1781 929 1978
1781 929 747
1781 1978 515
1781 747 515
575 2024 1390
2039 1604 1055
2039 1604 125
2039 874 1055
2039 1422 874
2039 125 1733
2039 1733 556
2039 1422 556
334 75 634
334 421 75
679 234 1390
679 2024 1390
679 334 2024
679 234 634
679 334 634
110 737 1468
277 701 1204
277 701 244
1181 277 1204
1181 277 1488
1181 1204 2021
1860 1539 275
1860 824 275
1860 538 1075
1860 824 1075
59 1903 1768
59 724 553
59 1903 724
1206 1204 2021
1206 1364 2021
1206 1204 793
1206 1364 268
1285 830 1400
1285 134 1400
1285 830 317
1757 1155 291
1757 1655 1155
1757 1129 291
1757 1655 1129
573 430 2003
573 1054 430
573 1054 1647
774 1763 430
774 1054 430
774 219 353
774 1763 219
774 1664 353
774 1054 1647
774 1664 1647
689 1664 1647
1413 487 526
1413 1159 526
1413 689 487
1413 1132 1627
1413 1159 1627
1413 1664 1132
1413 689 1664
2014 1159 526
2014 1484 526
2014 1859 1484
2014 1898 1159
2014 1898 1859
369 1760 1885
369 1898 1760
369 1885 490
369 1110 490
369 1898 1110
1979 398 81
1792 1154 1603
1097 146 912
1097 727 912
772 904 912
772 1799 912
629 146 912
629 1799 912
112 1887 904
1215 1746 1893
324 1050 1893
324 614 1893
178 2016 1113
1018 1582 2025
1726 1319 1582
947 750 242
947 512 1603
947 1737 1603
947 750 1737
843 1170 242
423 1645 455
555 455 512
555 1170 512
555 423 455
555 1170 1399
1871 1023 1041
1871 1023 866
1871 621 866
1871 1919 1041
1871 621 1919
1307 8 162
1307 1025 162
1307 8 451
1307 1025 451
883 1025 162
883 1025 1417
182 872 93
214 429 451
214 888 429
1845 704 451
1845 888 704
1350 1548 1928
1350 1548 1997
1350 1928 884
1350 1997 884
2007 1479 720
1095 1479 1827
1095 1479 93
941 820 720
96 1316 115
96 11 1316
96 417 115
96 11 417
826 1602 1907
826 326 1602
826 1504 414
826 1784 1504
826 326 1784
826 1279 1907
826 1279 414
1157 326 712
1157 326 16
1294 1461 341
1294 840 341
1294 331 1461
1130 529 280
1130 657 280
1130 657 529
1644 1605 2013
1644 751 2013
1644 1605 1261
1510 1194 1492
1510 1866 1492
1047 2009 226
1047 1866 226
1047 2009 1630
339 1918 1256
339 1918 190
128 504 1336
128 504 1666
128 1336 594
128 1666 1256
128 190 594
128 339 1256
128 339 190
1480 1917 1725
1480 1917 1965
1480 1967 1725
1480 1967 1965
828 701 1690
828 1690 1020
828 672 1020
469 1165 1420
469 1991 1969
469 1165 1672
469 1991 1672
1135 364 1140
1135 464 1140
1135 1092 1660
1135 1092 364
665 464 378
665 233 605
665 233 378
1201 1891 1222
1201 566 1891
1201 566 519
1201 961 519
1201 1222 961
97 551 1305
97 1891 1222
97 737 1305
97 737 1222
1671 540 874
1671 540 590
1671 1718 590
1523 1718 936
1523 936 204
1523 551 204
1626 1523 1718
695 125 1088
695 1604 125
695 1088 47
695 1604 47
450 1295 911
450 808 1295
450 2005 911
450 2005 1266
450 808 1266
1281 1385 1351
1281 1351 1449
1840 1224 1783
1840 1385 1224
1840 1783 396
1840 1385 396
265 1521 13
265 1197 260
265 1197 1420
265 13 1420
45 265 260
45 265 1521
45 1380 783
45 1521 1380
933 575 1390
933 1495 1390
933 1495 1509
933 1422 1509
401 421 137
713 1468 527
713 110 1468
496 277 244
496 277 1488
496 244 2015
496 1488 2015
1533 1488 1613
1533 1181 1488
1533 1998 1613
1533 1998 2021
1533 1181 2021
138 59 1768
138 1860 538
138 538 1634
138 1768 1634
1415 1206 268
1415 268 1552
1415 619 1552
1415 619 793
1415 1206 793
916 134 1400
916 573 1647
916 98 1400
169 1979 398
531 398 1017
531 121 1017
683 567 1603
683 151 1603
948 428 912
1849 1489 1580
1065 1697 1893
1065 1015 1893
1458 1559 1893
1458 1015 1893
1060 1559 1893
1060 1215 1893
1394 1746 2025
1101 1050 1113
67 402 1113
1207 488 449
1207 488 912
1255 402 1113
1914 1726 1319
1914 1726 1208
18 1726 1208
18 1914 1208
1800 947 242
1800 843 242
740 423 989
740 555 423
740 989 1399
740 555 1399
35 443 1417
35 883 1417
62 1342 1277
62 1342 93
62 182 93
1126 191 1277
1126 62 1277
1126 62 182
1126 182 872
117 214 888
754 1095 1827
754 1707 1827
754 1707 473
991 941 820
426 941 1713
426 2007 720
426 941 720
1163 712 1551
1163 1157 712
1163 1442 1551
1163 1442 1842
1163 16 1842
1163 1157 16
1178 840 529
1178 1294 840
1178 1294 331
1178 331 977
1178 529 977
1043 751 1261
1043 1644 1261
1043 1644 751
1004 739 1194
1004 1510 1194
1004 739 812
1004 226 812
1004 1866 226
1004 1510 1866
1927 1630 1492
1927 1047 1630
1927 1866 1492
1927 1047 1866
1475 828 672
1475 828 701
1475 672 385
1475 228 385
1475 228 244
1475 701 244
329 185 1969
329 469 1969
329 469 1420
329 210 185
329 13 1420
329 210 13
667 204 1660
667 1135 1660
1633 665 464
1633 645 527
1633 527 605
1633 665 605
135 1671 874
1566 1523 551
1566 97 1891
1566 97 551
1566 1626 1891
1566 1626 1523
77 680 1449
77 1281 1449
77 1385 680
77 1281 1385
1848 334 2024
1848 401 2024
1848 334 421
1848 401 421
1066 401 2024
1066 575 2024
1066 2006 575
1182 110 737
1182 713 110
1182 737 1305
1182 645 1305
1182 645 527
1182 713 527
413 138 59
413 59 553
413 1860 1539
413 138 1860
413 498 553
413 1539 498
917 573 2003
917 916 573
917 98 2003
917 916 98
2008 916 134
2008 1285 317
2008 1285 134
1232 1654 81
259 989 81
1600 170 1792
1002 1199 990
777 1191 990
584 2010 46
875 1214 146
1829 1905 33
1046 1108 693
1046 1489 2025
1046 1108 2025
1042 266 628
510 983 1922
2037 497 948
2037 1922 912
2037 948 912
2037 510 1922
536 510 983
536 1046 983
1841 1580 1603
1841 1905 1603
949 1215 1746
949 1394 1746
1370 1060 1215
1646 1060 1559
1646 1370 1060
1646 1370 1412
30 797 1113
84 1649 1113
881 448 1113
881 486 1113
56 1649 1113
805 174 1113
967 178 1113
967 174 1113
600 1478 178
1824 178 2016
1824 1478 178
1824 600 1478
300 669 1113
300 1101 1113
692 669 1113
692 67 1113
1526 1255 402
489 1255 1113
1109 1207 1212
1109 489 1207
1731 1914 628
1731 1042 628
1731 1018 2025
1731 1108 2025
1731 18 1914
1731 18 1726
1731 1018 1582
1731 1726 1582
1007 1800 843
1007 947 512
1007 1800 947
1636 883 162
1636 35 883
1636 35 731
1743 35 731
1743 443 162
1743 35 443
1534 1126 872
101 117 214
101 214 451
101 1845 451
101 1845 888
101 117 888
1961 1997 201
1961 1707 1827
380 1095 93
380 754 473
380 1997 93
380 1347 1997
380 1707 473
380 1707 1347
718 820 93
718 991 820
718 1713 93
718 941 1713
718 991 941
1377 2007 1479
1377 426 2007
1377 426 1713
1377 1713 93
1377 1479 93
2034 1135 464
2034 667 1135
2034 645 649
2034 1633 645
2034 1633 464
609 1671 1718
609 135 1671
776 2006 575
776 1087 2006
776 1087 2004
776 2004 752
776 752 811
776 305 811
753 1422 874
753 933 1422
145 1087 2006
145 1066 2006
145 2004 137
145 1087 2004
145 401 137
145 1066 401
864 916 1647
864 2008 916
864 689 1647
864 689 487
864 487 317
864 2008 317
284 1979 81
284 1654 81
857 170 1792
58 1792 1154
1200 1654 1154
1200 58 1154
1839 1232 1654
1839 250 1654
389 1645 455
389 638 455
389 423 1645
389 423 989
389 259 989
1851 259 81
1791 795 1816
1896 818 81
1896 1600 81
893 531 398
352 1894 1603
633 1712 463
633 463 1017
261 1352 1603
1788 727 1031
677 990 778
677 1199 990
839 990 1031
839 1191 990
1312 1002 1199
1720 164 544
1419 584 46
1787 151 1603
2032 683 567
2032 571 683
1522 463 1017
405 46 1017
723 772 1799
160 1097 146
160 875 146
813 1214 146
813 875 1214
126 813 662
829 662 1905
1640 266 1319
1640 266 628
1640 1914 628
1149 1594 1582
1149 1319 1582
1149 266 1319
232 1046 693
749 1046 436
749 1046 1379
1383 1849 1489
1383 1046 1489
1383 1046 1849
410 1042 266
478 1046 436
478 1089 1046
440 1046 1849
440 1153 1849
318 536 510
980 1046 1379
980 536 1046
980 318 536
980 2037 497
2033 814 1887
946 1153 1849
946 1849 1580
946 384 1580
601 236 112
601 384 112
304 384 112
304 946 1153
304 946 384
927 1427 112
927 1887 78
927 112 1887
898 236 112
898 1427 112
2 1594 912
258 1646 1559
258 1646 1412
1291 37 1113
1291 30 1113
295 37 1113
295 84 1113
741 486 1113
741 56 1113
1460 295 84
3 448 1113
471 805 174
1584 178 1010
1584 967 1010
1584 967 178
1741 967 1010
1741 967 174
1808 2016 587
1808 1824 2016
1349 324 614
1950 1469 912
617 1505 1113
617 1391 1113
2043 797 1113
1260 617 1505
998 407 1212
1257 489 1255
1257 1109 489
697 1731 1108
697 1731 1042
697 410 1042
1325 843 1170
1325 1007 843
1325 1170 512
1325 1007 512
1665 1636 162
1665 1636 731
499 1743 162
499 1743 731
499 1665 162
499 1665 731
1837 1126 191
1837 1534 1126
1837 191 1146
1837 1146 872
1837 1534 872
786 1707 1347
786 1961 1707
786 1347 1997
786 1961 1997
880 754 1095
880 380 1095
880 380 754
220 2034 649
220 2034 667
220 649 204
220 667 204
906 776 575
906 933 575
906 753 933
906 135 874
906 753 874
64 609 135
64 906 135
1189 668 32
1628 857 1792
31 58 1792
31 58 250
323 250 1654
323 1200 1654
323 58 250
323 1200 58
1121 389 638
1517 638 455
408 1688 1603
1414 533 1567
1414 1567 81
1414 1600 81
1838 1600 170
1838 1896 1600
1838 818 170
1838 1896 818
1831 1957 1894
1831 1154 1603
1831 1894 1603
1831 668 32
1831 1847 1221
1831 1654 1154
1831 1847 1654
652 1957 1894
1777 352 1894
958 1712 463
958 152 463
958 1909 1712
958 1909 152
1340 121 1017
1340 633 1017
167 633 1712
1850 261 1031
1850 261 215
296 261 544
296 261 215
1622 1982 1031
1622 839 1031
132 1769 777
654 1769 777
654 1002 990
654 777 990
654 1238 1769
654 1238 1195
654 1312 1195
654 1312 1002
375 839 1191
375 1720 839
1775 1720 164
1775 1720 839
328 46 778
198 1787 151
1314 2032 567
705 1522 463
1027 571 683
1027 1930 683
397 405 46
397 1609 46
297 1445 1905
249 723 1799
960 629 146
960 1872 146
1508 1921 629
599 662 1905
599 126 662
1118 126 1872
1118 126 813
1118 1872 146
1118 813 146
1744 1016 1565
472 829 662
472 1016 1565
472 813 662
472 813 875
148 1914 1319
1802 1108 693
1500 1089 1046
482 497 948
240 948 428
240 2011 948
240 1500 428
623 2011 948
1259 478 1089
1704 1046 983
1704 440 1046
26 440 1153
26 304 112
26 304 1153
459 1379 497
459 980 497
459 980 1379
950 980 318
950 980 2037
85 1887 78
85 1196 1887
971 814 1887
971 1196 1887
1477 1906 267
1477 1841 1580
1477 1841 267
1477 1906 1887
203 899 1532
1855 1456 1841
767 585 1841
1318 1841 1532
1318 585 1841
1643 1318 585
1643 767 585
1643 2020 767
165 562 1841
572 927 78
1301 572 927
1809 898 236
1263 1065 1697
890 484 1697
873 1912 1458
873 728 1458
873 728 1912
1632 728 1912
1632 1912 912
1459 1594 1582
782 1582 2025
158 1459 589
1151 30 797
1151 1473 30
1151 1473 1207
1639 881 486
1639 247 881
1739 247 881
1739 881 448
1739 981 1944
1739 1473 1207
1739 981 449
1739 1207 449
1739 471 805
1739 178 1010
1739 600 178
1739 1827 1944
1739 1824 600
1739 1741 1010
122 805 1113
122 3 1113
1136 300 669
887 1469 912
887 1780 502
887 1207 912
887 1207 1212
887 79 1212
887 79 502
460 324 1050
460 1349 324
994 79 402
994 79 502
1515 617 1391
1251 1391 1113
1251 2043 1113
1598 1260 1505
235 489 1207
235 1260 1207
235 1598 1260
235 1598 1505
1715 998 407
108 1526 1255
108 755 1255
51 755 1255
51 1109 1212
51 998 1212
1762 410 266
1762 697 410
1762 697 1108
1762 631 266
1762 1802 1108
1762 1802 631
107 906 776
107 64 906
735 1162 1654
735 1847 1654
735 1847 1221
238 169 1979
238 803 1979
957 284 32
957 1189 32
1464 803 1979
154 818 170
154 647 170
154 818 81
154 647 81
1865 857 170
1865 647 170
545 1865 647
545 647 81
1345 1839 250
1345 31 250
658 1839 1232
658 1172 1232
658 1172 1792
658 1810 1792
658 1810 1839
23 1628 1792
23 1172 1792
1241 1148 1125
1241 1148 259
1986 1517 455
1986 455 1603
620 1121 638
620 1517 638
620 1986 1121
620 1986 1517
1389 784 1148
1288 408 1603
954 784 1148
1614 1851 982
1614 1851 259
1937 533 1567
1937 1174 533
1937 1567 81
1328 1791 795
1779 1831 1221
1779 735 1221
1779 735 1162
1516 1464 803
272 1831 668
1563 893 398
610 1471 567
610 1909 1712
1734 1471 567
1734 567 1603
1734 352 1603
17 167 1712
1425 1471 1416
1680 1850 1031
1680 1850 215
293 542 261
817 1788 1031
817 293 1031
817 293 542
172 164 544
172 296 544
780 1905 33
780 1445 1905
63 1618 1246
63 264 1246
63 261 1352
63 264 261
141 1618 1788
141 1752 1618
1451 1829 33
1454 1026 1031
1454 1026 215
1454 1680 1031
1454 1680 215
1298 1982 1031
1298 1026 1031
1298 1026 215
294 1622 839
348 132 777
791 777 1191
791 348 777
537 1720 544
537 913 1720
537 791 913
537 791 348
537 348 132
537 816 544
537 816 132
1398 913 1720
1398 375 1720
1398 375 1191
1335 1419 46
1335 328 46
1703 1312 1199
1198 584 2010
65 1419 584
1184 65 584
1184 65 118
593 1787 1603
1669 914 46
507 2032 571
854 152 463
854 790 152
492 790 1236
492 507 1236
492 507 86
492 854 790
2029 790 1236
2029 507 1236
2029 790 152
581 152 567
581 1314 567
581 2029 152
1209 705 1522
1773 86 463
1773 705 463
1290 507 571
1290 507 86
1290 1773 86
1835 405 1017
1392 1027 571
123 397 405
123 1835 405
1273 1609 46
54 999 727
54 1788 727
1358 412 1905
1358 999 1905
1358 54 412
546 829 1905
546 1852 829
546 1852 727
361 54 1788
209 723 371
209 249 371
209 249 723
1233 629 1799
1269 270 466
1269 1841 1905
1269 1508 1841
1269 270 483
1269 1586 483
1269 126 1872
1269 1586 1872
332 1508 1841
332 1508 1921
1359 160 1097
1359 160 875
1359 472 875
1934 1744 1565
1934 472 1565
1934 472 1744
1742 472 829
1858 1640 1914
1858 148 1914
1858 1640 1319
1858 148 1319
1247 1149 1594
1444 631 266
1444 1802 631
1444 1149 266
1444 1802 1149
1549 834 693
1549 1802 693
1549 834 1149
1549 1802 1149
104 2041 1594
104 428 912
104 1594 912
104 1500 428
726 2011 1089
726 1500 1089
726 240 1500
1501 232 1046
1501 1500 1046
1501 1227 232
155 1053 948
155 1053 868
155 868 436
155 749 436
393 1379 497
393 482 497
1514 623 948
343 2011 1089
343 623 2011
343 1514 1089
343 1514 623
852 1259 1089
852 1514 948
852 1514 1089
1235 1053 868
1235 1053 478
1717 1259 478
1717 1053 478
1717 1053 948
1717 852 948
1717 852 1259
457 1258 904
457 112 904
1185 1704 440
27 318 510
27 950 318
27 2037 510
27 950 2037
218 384 1580
218 1301 384
218 1301 572
153 971 1196
153 971 814
358 2033 814
358 153 814
299 1456 1799
299 1855 1456
1573 899 904
1573 2020 899
309 899 1532
309 2020 899
309 1643 2020
1708 1841 371
1708 165 1841
1708 165 772
968 165 772
968 944 772
968 944 165
554 927 1427
554 1301 927
659 1809 236
659 601 236
659 601 384
1966 1065 1015
1966 1368 1065
1429 1638 1065
1722 1912 912
1989 1985 1065
44 258 1412
1952 44 1412
1952 2 1412
1952 2 912
1952 1632 912
349 1459 1582
1771 1370 1412
1771 2 1412
1771 1348 2
223 1348 2
223 1348 758
1705 782 2025
1705 1394 2025
1705 1693 399
1684 158 1394
1684 158 789
406 2 1594
406 1459 1594
1180 1639 486
1180 1639 247
1180 741 486
1874 1739 1473
1874 1739 1460
1874 295 37
1888 3 448
1888 1739 448
588 471 174
588 1739 471
1588 1928 201
1588 1739 1827
1588 1928 587
1588 1961 201
1588 1961 1827
287 1741 174
287 1739 1741
287 588 174
287 588 1739
1434 741 56
807 84 1649
807 1460 84
624 1739 805
1237 1136 300
55 1145 1674
55 460 1674
55 1145 1050
55 460 1050
810 1145 1050
1321 1371 1674
1823 484 1697
1823 1263 1697
1797 1283 1101
520 1950 1469
1211 1715 407
1211 79 402
1211 511 79
1211 1526 402
1211 1715 1526
1104 407 1212
1104 79 1212
1104 511 79
1104 1211 407
1104 1211 511
1166 1780 502
1166 994 502
4 1515 1207
4 1515 1391
4 1251 1207
4 1251 1391
80 1515 1207
80 1515 617
70 2043 1890
70 1251 2043
70 1890 1207
70 1251 1207
759 2043 797
136 2043 1890
832 1151 1207
832 1890 1207
832 1151 797
832 759 797
832 759 1293
359 235 1505
359 235 489
359 1505 1113
359 489 1113
635 51 1255
635 1257 1255
635 1257 1109
846 108 755
846 51 755
846 51 998
846 1715 998
846 1715 1526
846 108 1526
1423 776 305
1423 107 776
1423 305 1891
1423 1626 1891
1423 1626 1718
1423 609 1718
1423 64 609
1423 107 64
902 284 32
902 2047 284
902 1831 32
856 2047 284
856 284 1654
856 1162 1654
1039 1779 1162
1039 1779 1831
1039 856 1162
1039 856 2047
1039 902 1831
1039 902 2047
860 169 398
1794 957 1189
972 1464 668
444 1628 857
444 545 1628
444 1865 857
444 545 1865
257 1810 1839
257 1345 1839
1216 1172 1232
1216 23 1172
1216 1232 81
524 1121 1688
524 481 1241
524 408 1688
1803 1688 1603
1803 1986 1603
314 795 1816
314 1791 1816
314 1792 1603
314 1600 1792
314 1414 1600
314 1414 533
314 1174 533
861 1288 408
1173 954 784
1173 408 1148
1173 954 1148
865 1328 81
865 1937 81
865 1937 1174
865 1328 1791
865 314 1791
865 314 1174
1322 1851 982
1322 1851 81
1322 1328 81
1735 1322 1328
494 1464 668
1034 272 1831
2026 1516 803
2026 1516 668
2026 272 668
72 652 1957
1933 1563 893
1583 610 567
1583 610 1909
1583 1992 567
5 893 531
1147 925 932
762 152 567
762 1992 567
1853 1340 633
1411 531 121
915 564 167
915 1425 1416
915 1425 167
796 167 633
796 564 167
1587 1471 1416
1587 1734 1471
1205 610 1471
1205 610 1712
1117 17 167
1895 261 1031
1895 293 1031
1895 293 261
159 264 1246
474 542 261
474 264 261
1299 1308 1246
698 172 296
613 1445 639
613 780 1445
175 1752 1618
175 63 1618
937 1451 1829
1005 535 1223
1005 1223 33
1005 780 33
231 296 1982
231 1298 1982
231 296 215
231 1298 215
1120 172 164
1404 1775 839
1404 1775 164
1245 294 1622
1245 698 1622
1245 698 172
1245 1120 172
1245 1120 294
835 132 1769
835 816 132
835 1238 1769
835 1238 1195
1790 791 1191
1790 791 913
1790 1398 1191
1790 1398 913
1740 65 1419
1213 835 1195
1213 835 816
1213 816 544
1213 261 1603
1213 261 544
1262 677 778
1262 677 1199
1833 328 778
43 1363 1009
43 1198 584
43 1363 1198
351 1184 584
1902 903 118
1902 903 1867
703 198 1787
703 342 198
625 420 198
682 593 1787
1486 492 86
1486 492 854
1812 507 2032
288 1314 2032
288 1240 2032
288 2029 1240
288 581 2029
1596 1209 705
1303 1290 571
1303 1596 571
1303 1596 705
1846 1835 1017
1446 1930 683
1446 517 683
1446 517 714
227 910 1518
227 1179 910
1889 1179 1930
1029 123 1835
1029 123 1179
189 1273 1609
479 54 999
479 1358 999
479 1358 54
419 999 1905
419 546 1905
419 999 727
419 546 727
908 1445 639
908 1133 639
908 1133 1445
1033 297 1445
1033 1133 1445
181 141 1788
181 361 1788
181 141 1752
1659 1033 297
1659 1033 1133
1659 1133 639
1111 1451 33
1014 270 483
1014 270 466
1014 1265 466
237 1586 1872
237 1586 483
237 1014 1872
237 1014 483
1327 1233 629
1040 1269 466
1040 102 466
1749 599 1905
1749 1269 1905
1749 1269 599
1401 599 126
1401 1269 126
1401 1269 599
715 332 1841
1061 1359 1097
1061 1016 1097
1061 1744 1016
1061 472 1744
1061 1359 472
963 472 1016
963 1742 1016
963 1742 472
307 1852 829
307 1852 727
307 1742 1016
307 1097 727
307 1016 1097
953 1247 1594
1924 1247 1149
1409 301 1594
1409 301 1271
1409 953 1594
1409 953 1271
1755 240 2011
1755 726 240
1754 104 2041
1754 1227 104
462 1501 1227
462 104 1500
462 1227 104
733 482 948
733 155 948
733 482 749
733 155 749
7 482 749
7 393 482
7 749 1379
7 393 1379
763 478 436
763 1235 478
763 868 436
763 1235 868
576 1704 983
576 457 1704
576 457 1258
576 1922 1258
576 983 1922
508 1185 440
2001 1185 112
2001 1185 1704
2001 457 112
2001 457 1704
630 218 85
1556 218 572
1556 218 85
60 358 153
60 1477 1580
60 153 1580
543 2033 1887
543 358 2033
543 60 358
543 1477 1887
543 60 1477
1093 203 899
1093 899 904
1093 1913 904
1093 203 1532
1093 1841 1532
1093 1913 1841
1467 477 904
1103 1913 1841
1103 1913 904
1103 1467 904
480 249 1799
480 299 1799
480 249 371
1062 205 1887
1128 767 1841
1128 205 767
1128 205 1887
579 1887 904
579 1573 904
579 1062 1887
579 205 767
579 1062 205
143 2020 767
143 1573 2020
143 579 767
143 579 1573
660 1318 1532
660 309 1532
660 1643 1318
660 309 1643
1825 723 371
686 196 1841
686 918 196
743 1809 898
743 659 384
743 659 1809
743 1301 384
743 554 1301
636 1368 1065
636 1429 1065
1520 1722 1912
1520 1458 1015
1520 1912 1458
1520 1966 1015
1063 1989 1985
1738 258 1559
1738 44 258
1738 1952 44
1078 1632 728
1078 1952 728
1806 188 758
1091 1806 188
1091 949 1394
1091 1806 1394
1355 1459 589
1355 349 1459
1355 158 589
717 1693 1582
717 349 1582
717 1693 399
1541 131 789
1541 1684 789
1115 949 1215
1941 1370 1215
1941 1771 1370
1883 1941 1771
1883 1080 1215
1883 1941 1215
1282 158 789
1282 158 1459
1282 406 1459
1360 1705 782
1360 1705 1693
1360 782 1582
1360 1693 1582
1681 1739 247
1681 124 1739
801 1460 295
801 1874 295
801 1874 1460
1019 1291 37
1019 1874 37
1019 1291 30
1019 1473 30
1019 1874 1473
844 1739 1824
844 1808 1824
844 766 1808
1069 1808 587
1069 1588 587
1142 1739 1460
315 122 3
315 624 1739
315 1888 3
315 1888 1739
290 1136 669
1402 520 300
1402 520 1469
604 290 1136
604 1286 1469
1815 810 92
1815 1776 92
1815 602 912
1815 1950 912
1942 1797 1950
1942 1797 1283
1942 1815 1950
1942 1815 1776
1077 460 1674
1077 1321 1674
1077 614 1697
1836 1321 1974
1836 1321 1371
157 1263 1065
992 1823 1263
992 157 1263
1175 1985 1065
1175 157 1065
1175 992 362
1175 992 157
984 520 1950
984 520 300
984 300 1101
1234 1166 994
1234 67 402
1234 994 402
1234 1166 1780
1234 887 67
1234 887 1780
1428 80 1207
1428 80 617
851 136 2043
851 759 2043
851 759 1293
851 136 1890
851 832 1890
851 832 1293
1187 51 1109
1187 635 1109
1187 635 51
1759 957 284
1759 1794 957
1759 284 1979
1884 1189 668
1884 972 668
663 1345 31
663 257 1345
663 257 1810
663 31 1792
663 1810 1792
765 545 81
765 1216 81
765 1216 23
765 545 1628
765 23 1628
1382 524 1121
869 524 408
869 524 1389
869 1173 408
869 1389 784
869 1173 784
1782 524 481
1782 1241 1125
1782 481 1241
1782 524 1389
548 1986 1121
548 1803 1986
548 1121 1688
548 1803 1688
239 1614 982
239 1614 259
239 1148 259
1249 861 1288
1249 1322 982
1249 1322 1288
1758 314 795
1758 1735 314
1758 1328 795
1758 1735 1328
1421 1735 314
1421 1288 1603
1421 314 1603
1421 1735 1322
792 1516 1464
792 494 1464
792 1516 668
792 494 668
1494 1034 1831
877 860 1190
877 860 169
877 238 169
877 238 803
877 2026 803
468 72 1957
1691 1138 652
1691 1995 691
1629 1426 652
521 1629 1426
1107 1933 1563
1988 1909 152
1988 1583 1909
646 925 893
646 5 893
1457 925 893
1457 1147 893
1457 1147 925
1137 1090 352
1709 1090 352
1386 1853 633
1386 1853 997
1367 1853 1340
1367 1853 997
1367 1340 121
1367 1411 121
1367 1411 997
1658 5 531
1658 1411 531
858 646 925
858 646 5
858 925 932
858 1411 997
858 1734 932
858 1587 1734
858 1587 997
40 1587 997
1575 915 564
1575 1587 564
1575 915 1416
1575 1587 1416
1531 17 1471
1531 1205 1471
923 1425 167
923 1117 167
923 1425 1471
923 1117 1471
876 17 1471
876 1117 1471
876 1117 17
1736 159 542
1736 817 542
1736 1308 1246
1736 159 1246
1736 817 1788
1736 1299 1788
1736 1299 1308
1542 474 264
1542 159 542
1542 474 542
1899 1618 1788
1899 1299 1788
1954 1622 1982
1954 698 1622
1954 296 1982
1954 698 296
1943 613 780
1943 535 639
1943 613 639
583 175 1752
583 181 1752
583 181 361
1096 294 839
1096 1404 839
1156 99 1867
1156 1740 99
773 905 1740
773 1312 1195
773 1213 1195
773 1156 1740
773 1156 1867
144 1011 1867
144 1112 1435
144 1112 821
144 593 1603
1528 1833 1703
1535 1833 1703
1711 43 584
283 43 1009
283 144 1009
661 1000 2010
661 525 1000
574 1363 1198
574 525 1000
574 144 1000
1008 351 584
1750 1112 1435
1750 351 1435
1275 903 118
1275 903 1867
1275 1011 1867
1081 65 118
1081 1902 118
1081 99 1867
1081 1902 1867
1068 20 342
1463 342 198
1463 625 198
1682 682 1787
1682 682 914
1689 682 914
1689 823 1076
1689 823 2010
1689 2010 46
1689 914 46
1503 1669 46
1503 149 46
1503 149 709
1595 86 463
1595 1486 86
1252 854 463
1252 1486 854
1252 1595 463
1252 1595 1486
221 2029 507
221 1812 507
221 1812 2029
1527 1812 2032
1527 1812 2029
1158 288 581
1606 1209 571
1606 1596 571
1606 1596 1209
1362 1303 705
1362 1773 705
1362 1290 1773
245 1994 1930
678 1392 571
678 1044 1392
1723 1446 1930
1723 910 1099
1723 1179 1930
1723 1179 910
1729 1098 714
1729 1446 714
1729 1723 1098
1729 1723 1446
522 643 1407
522 189 1609
1452 123 1179
1452 643 123
1452 227 1179
1439 1994 1930
1439 1889 1930
1439 1889 1179
1439 1029 1179
1948 910 1518
1052 198 151
29 1273 46
29 149 46
952 420 198
952 149 420
687 1659 361
1553 960 1872
1553 1014 1872
1553 1265 466
1553 102 466
1553 102 960
1830 1327 1233
1830 332 1921
1830 1921 629
1830 1327 629
674 1269 1508
674 1040 1269
674 1508 629
819 674 629
819 674 1040
382 1456 1799
382 1233 1799
1751 715 1233
1751 715 332
1751 1830 1233
1751 1830 332
2044 1742 829
2044 307 829
2044 307 1742
1083 953 1247
1083 953 1271
1083 834 693
1083 301 1271
1083 232 693
1083 301 232
1032 2041 1594
1696 301 1594
1696 1032 1594
1696 1032 2027
1071 726 2011
1071 1755 2011
1071 1755 726
91 1227 232
895 1501 1500
895 462 1500
895 462 1501
956 26 440
956 508 440
956 26 112
956 1185 112
956 508 1185
1519 85 1196
1519 630 85
470 630 218
470 218 1580
470 153 1580
470 1519 630
470 153 1196
470 1519 1196
88 572 78
88 1556 572
88 85 78
88 1556 85
2031 477 904
179 1103 1467
179 1467 477
179 196 1841
179 1103 1841
179 2031 477
179 918 196
179 2031 918
206 480 371
206 480 299
206 299 1855
206 1841 371
206 1855 1841
1309 1906 1887
1309 1128 1887
1309 1906 267
1309 1841 267
1309 1128 1841
1931 1825 723
1931 723 772
1931 1708 772
1878 562 1841
1650 28 1841
788 685 904
788 686 685
788 918 904
788 686 918
50 554 1427
50 743 554
1491 636 1429
1862 1036 1368
1862 1036 1722
965 1036 1722
965 1520 1966
965 1520 1722
965 1966 1368
965 1036 1368
745 1063 1985
745 505 602
458 1638 1065
458 1989 1065
1870 1834 1985
1870 1175 1985
1870 1834 505
73 1834 1985
73 1834 505
73 745 1985
73 745 505
1229 1738 1952
1229 1952 728
1229 1458 1559
1229 728 1458
177 1952 1632
177 1078 1632
177 1078 1952
140 1806 1394
140 1806 758
140 1684 1394
140 1684 758
1003 1355 158
1003 1355 349
1003 158 1394
1003 1705 1394
1770 223 131
1770 1541 131
1770 223 758
1770 1684 758
1770 1541 1684
1557 1080 1215
1557 1115 1215
1864 1883 1080
670 1282 789
1949 1681 124
345 1180 741
1620 1180 247
1620 1681 247
1620 345 1180
1620 345 1681
710 1588 1739
710 844 1739
710 1069 1588
710 844 766
710 766 1808
710 1069 1808
1100 124 1739
1100 1142 1739
565 56 1649
565 1142 56
565 807 1649
565 807 1460
565 1142 1460
626 315 122
626 315 624
626 122 805
626 624 805
1512 692 67
1512 453 1756
1037 887 1469
775 1286 1469
775 453 1469
775 1512 453
775 1512 692
1686 1037 67
1748 1237 1469
1748 1402 1469
1748 1237 300
1748 1402 300
794 1237 1136
794 604 1136
794 1237 1469
794 604 1469
82 604 1286
82 604 290
1990 1371 1674
1990 1815 1674
1990 1815 602
1990 1786 1904
1990 1904 1022
1990 505 602
1990 1870 1022
1990 1870 505
411 1815 1674
411 1815 810
119 1776 92
119 1119 92
119 1119 1776
308 1119 1776
308 1942 1283
308 1942 1776
367 460 1349
367 1077 460
367 1349 614
367 1077 614
603 1077 1697
603 890 1697
603 890 1974
95 1786 1904
95 1904 1022
95 1990 1371
1387 992 1823
1387 1823 484
1387 1836 1371
1387 992 1371
1387 1836 1974
1387 890 1974
1387 890 484
374 388 1797
374 1797 1101
592 1408 1950
592 984 1950
592 1408 1101
592 984 1101
1807 1428 1207
1807 1428 617
1807 1260 1207
1807 1260 617
475 1794 1189
475 1759 1979
475 1759 1794
979 524 1241
979 1382 524
979 1241 259
979 1382 1121
979 389 259
979 1121 389
1882 1782 1125
1882 1782 1389
1882 1148 1125
1882 1389 1148
333 239 982
333 239 861
333 1249 982
333 1249 861
1772 861 408
1772 239 861
1772 408 1148
1772 239 1148
252 1322 1288
252 1421 1288
252 1421 1322
1945 1831 1957
1945 1494 1831
1945 1811 1957
1947 877 1190
1947 877 2026
833 2026 272
833 1679 272
729 1947 1190
729 1947 2026
1843 1494 1034
12 1811 1957
12 468 1957
653 1995 691
653 1995 394
935 1875 398
935 394 398
699 1875 398
699 1804 398
1747 1138 652
1226 1563 398
1226 521 398
1226 1107 1563
1226 521 1426
1134 1777 1894
1134 1267 1777
1134 652 1894
779 1107 1933
779 1426 652
779 1226 1426
779 1226 1107
42 1988 152
787 1583 1992
787 1988 1583
787 42 1988
787 42 152
787 762 152
787 762 1992
1440 1777 352
1901 1267 1933
1901 1267 1777
1901 1440 1777
447 1933 893
447 1901 1933
1938 858 5
1373 40 997
1373 1386 997
1373 1386 633
1085 796 564
1393 1531 17
1393 1531 1205
1393 17 1712
1393 1205 1712
676 159 264
676 1542 264
676 1542 159
560 1899 1618
560 1618 1246
560 1299 1246
173 1005 780
173 1943 780
173 1005 535
173 1943 535
1431 583 175
1431 1111 1451
1431 535 639
1431 583 361
1431 1659 639
1431 1659 361
842 1120 294
842 1096 294
842 1120 164
842 1096 164
1114 1404 164
1114 1096 164
1114 1096 1404
213 1335 1419
655 1740 1419
655 905 1740
655 213 1419
655 213 905
1813 773 905
1813 213 905
142 773 1867
142 773 1213
142 144 1867
6 144 1011
1798 1262 778
1798 1833 778
1798 1528 1833
1403 1833 328
1403 1535 328
1403 1535 1833
360 1813 773
850 773 1312
850 1703 1312
850 1535 1703
850 1535 328
1143 1711 43
176 283 43
176 1143 821
176 1143 43
176 144 821
176 283 144
1366 1363 1009
335 1008 1112
184 1750 1112
184 335 1112
184 335 1008
1210 1011 1184
1210 1275 1011
1210 1184 118
1210 1275 118
366 1081 65
366 1081 99
366 1740 65
366 1740 99
608 1669 914
608 83 1669
608 1682 914
87 703 342
87 1068 342
87 83 1669
87 825 1669
1857 1463 709
1857 1463 625
627 1000 2010
1785 823 593
1785 144 1000
1785 144 593
1785 627 1000
1960 1817 593
1960 823 593
1960 823 1076
870 682 593
934 1503 709
370 20 342
370 1503 20
370 934 1503
370 934 709
370 1463 709
370 1463 342
271 1068 20
271 1503 20
271 1503 1068
1999 2029 1240
1999 1527 2029
1999 1240 2032
1999 1527 2032
1250 581 1314
1250 1158 581
1250 288 1314
1250 1158 288
1248 1303 1290
1248 1362 1290
1248 1362 1303
1292 245 1846
1292 245 1930
1102 1209 1522
1102 1209 571
1499 678 1044
1499 694 1522
1499 694 1044
1732 678 764
1732 1499 1522
1732 1499 678
2048 1522 1017
2048 694 1522
1576 1044 1392
1576 694 1044
1576 2048 694
197 1723 1098
197 1723 1099
454 1452 227
1617 522 1609
1617 522 643
1617 397 1609
1617 123 397
1617 643 123
1623 522 189
1623 1948 1518
1581 1452 643
1581 643 1407
1581 298 1407
1996 1439 1994
1996 1439 1029
1996 1029 1835
1996 245 1994
1996 1846 1835
1996 245 1846
1498 189 1273
1498 964 151
719 1642 1273
1272 1642 1052
1593 1642 1273
105 1272 1642
1472 1659 297
1472 687 297
1472 687 1659
199 361 54
199 687 361
199 54 412
199 412 1905
199 297 1905
199 687 297
1450 1014 1265
1450 1553 1265
1450 1553 1014
606 1040 102
606 819 1040
606 819 629
606 960 629
606 102 960
702 1456 1841
702 715 1841
1169 715 1233
1169 382 1233
1169 702 715
1169 702 382
416 1924 1247
416 1083 1247
416 1924 1149
416 834 1149
416 1083 834
94 301 232
94 2027 301
1939 2027 301
1939 1696 301
1939 1696 2027
1482 918 904
1482 2031 904
1482 2031 918
69 1931 1708
69 1931 1825
69 1708 371
69 1825 371
1329 28 1841
1329 1878 1841
1507 1127 1841
897 686 1841
618 686 685
618 66 686
1585 50 1427
1585 1228 688
1220 1585 688
1220 1585 50
746 1063 1989
746 1621 1063
641 1063 602
641 745 602
641 745 1063
1122 1429 1638
1879 458 1970
1193 602 912
1193 1063 602
1193 1621 1063
771 1870 1022
987 1175 362
987 1870 1175
987 771 1870
987 771 1022
987 95 1022
987 992 362
987 992 1371
987 95 1371
1418 1738 1559
1418 1229 1559
1418 1229 1738
597 717 349
597 1003 349
597 717 399
597 1705 399
597 1003 1705
1635 1080 1348
1635 1557 1080
1635 1348 758
1635 1557 1115
1635 1115 949
1635 1091 949
1635 188 758
1635 1091 188
642 1883 1771
642 1864 1883
642 1771 1348
642 1864 1348
1242 1080 1348
1242 1864 1348
1242 1864 1080
1544 131 789
1544 670 789
1544 223 131
1544 670 223
1574 223 2
1574 670 223
1574 670 1282
1574 406 2
1574 1282 406
90 1949 1681
90 345 1681
90 345 741
90 1434 741
90 1434 124
90 1949 124
1315 1434 124
1315 1100 124
357 1100 1434
357 1100 1142
357 1434 56
357 1142 56
120 453 1469
120 1037 1469
120 1686 453
120 1686 1037
211 887 67
211 1037 67
211 1037 887
1171 692 669
1171 775 692
1171 290 669
1171 82 290
1171 775 1286
1171 82 1286
1569 453 1756
168 810 1145
168 411 810
168 1145 1674
168 411 1674
2038 308 1119
2038 1119 92
2038 1283 1101
2038 308 1283
2038 810 92
2038 1101 1050
2038 810 1050
409 1077 1321
409 603 1077
404 1990 1786
404 95 1786
404 95 1990
278 1797 1950
278 1070 1950
1716 388 1797
1716 278 1797
1716 278 1070
1716 388 1950
1716 1070 1950
612 374 388
612 1408 1950
612 388 1950
25 1408 1101
25 374 1101
25 612 1408
25 612 374
1 1884 1189
1 475 1189
1 475 1979
849 1945 1494
539 833 2026
539 833 1679
539 729 2026
539 729 1679
1177 849 1811
1177 849 1494
518 729 1190
518 1843 1190
518 1843 1034
1877 12 468
1877 12 1811
1877 1177 398
1877 1177 1811
570 1804 72
1356 671 1995
1356 671 699
415 1691 1138
415 1747 1138
951 1629 652
951 1747 652
1369 1134 1267
1369 1134 652
1369 779 652
285 1137 352
285 1440 352
285 1901 1440
2030 1734 932
52 447 1734
1280 447 1901
1280 447 1709
452 858 1411
452 1938 858
452 1658 1411
452 1658 5
452 1938 5
330 40 796
330 1373 40
395 40 796
395 1085 796
395 1085 564
395 1587 564
395 40 1587
514 1899 1299
514 560 1299
514 560 1899
493 1431 175
493 63 1352
493 175 63
346 1431 664
346 1352 1603
1678 1431 1451
1678 346 1431
1795 1431 535
1795 1431 1111
1795 535 1223
1795 1223 33
1795 1111 33
928 1213 1603
928 142 1213
928 144 1603
928 142 144
547 144 1435
547 6 144
547 351 1435
187 1011 1184
187 6 1011
187 351 1184
187 547 351
187 547 6
114 1528 1703
114 1798 1528
1976 1813 213
1976 360 1813
1976 360 1335
437 360 773
437 850 773
437 1335 328
437 360 1335
1900 1112 821
1900 1143 821
1900 1008 1112
1900 1143 1711
1900 1711 584
1310 574 525
1310 1821 574
909 1366 1363
1873 1750 351
1873 184 1750
1873 1008 351
1873 184 1008
1973 1682 1787
930 703 1787
1124 825 1669
1124 1503 1669
1124 1503 1068
1124 87 1068
1124 87 825
313 625 420
313 1857 625
313 1857 709
313 149 709
313 149 420
1188 823 2010
1188 1785 823
1753 1689 1076
1753 1689 1817
516 1689 682
516 870 682
516 870 1689
1244 870 593
681 1292 1846
681 1292 1930
681 1027 1930
681 253 1027
681 1186 446
681 1186 253
986 1732 1522
986 1732 764
1485 253 1027
1485 1186 253
1485 1846 1017
1485 2048 1017
1447 197 1098
1447 1098 714
561 227 1518
561 454 227
1670 454 1452
1670 1581 298
1670 1581 1452
931 910 1099
931 1948 910
931 1623 1948
931 1623 637
867 197 1099
867 1623 637
1701 1623 522
1701 298 1407
1701 522 1407
1701 1623 1518
1701 561 1518
1701 561 454
1701 1670 298
1701 1670 454
1662 1498 1273
1662 1498 650
22 1498 650
22 1498 964
22 964 151
127 1272 1052
127 1052 198
127 952 198
127 952 675
127 1272 675
708 1272 675
708 105 1272
708 952 675
708 952 149
344 105 1642
431 382 1456
431 702 1456
431 702 382
200 1032 2041
200 94 2041
200 1032 2027
200 94 2027
1326 91 1227
1326 91 232
1326 94 232
798 1878 562
798 1297 1878
798 632 562
798 632 1297
1543 1329 1878
1543 1297 1878
1543 632 1297
286 1650 1841
286 1507 1841
1123 1897 686
1591 616 686
1591 1897 686
1702 616 686
1702 897 686
1131 1127 1841
1131 897 1841
356 618 685
356 685 904
356 217 904
491 217 1164
491 1123 1897
491 1591 1897
491 217 904
1962 66 686
1962 686 1164
1962 217 1164
1962 356 66
1962 356 217
216 1585 1228
216 898 1427
216 1585 1427
1302 50 743
1302 1220 50
1302 1220 688
1302 1228 688
1302 216 1228
1302 743 898
1302 216 898
161 1568 912
161 1538 1568
292 1491 1429
292 1122 1429
586 311 1970
586 1879 1970
586 1908 1879
586 1908 1638
586 1144 311
1497 458 1638
1497 1879 458
1497 1908 1638
1497 1908 1879
1631 1193 1621
940 1100 1434
940 1315 1434
1524 1569 1756
372 409 1321
372 409 603
372 1321 1974
372 603 1974
435 1884 972
435 1 1884
435 972 1464
435 1464 1979
435 1 1979
1330 1945 1811
1330 849 1811
1975 1843 1494
1975 1177 1494
1975 1843 1190
1975 860 1190
1975 860 398
1975 1177 398
1073 729 1679
1073 518 729
1073 1034 272
1073 1679 272
595 468 72
595 1877 468
595 938 398
595 1877 398
1035 1804 398
1035 570 1804
1625 699 1804
1625 671 699
1105 699 1875
1105 1356 699
376 1691 691
376 415 1691
376 394 398
376 521 398
376 415 521
376 653 691
376 653 394
871 951 1747
871 951 1629
871 521 1629
871 415 521
568 1369 779
568 779 1933
365 476 1933
365 1369 476
365 1267 1933
365 1369 1267
528 285 1137
528 285 1901
528 577 1901
256 1137 1090
1334 2030 1734
1264 447 893
1264 2030 932
1264 1147 893
1264 1147 932
1579 52 1734
1579 1734 352
1579 1709 352
38 447 1709
38 52 447
38 1579 1709
38 1579 52
1560 1901 1090
1560 1280 1901
1560 1709 1090
1560 1280 1709
1656 1373 633
1656 330 1373
1656 796 633
1656 330 796
1462 664 1352
1462 493 1352
1462 1431 664
1462 493 1431
569 664 1352
569 346 1352
569 346 664
855 937 1451
855 1678 1451
945 114 1798
945 1262 1199
945 1798 1262
781 213 1335
781 1976 1335
781 1976 213
1490 850 328
1490 437 328
355 1008 584
355 1900 584
355 1900 1008
532 1310 2010
532 661 2010
532 661 525
1550 1198 2010
1550 1310 2010
1550 1310 1821
907 574 1363
907 909 1363
907 574 144
907 144 1009
907 1366 1009
907 909 1366
1436 608 83
1436 930 83
1436 930 1787
1436 1973 1787
1436 608 1682
1436 1973 1682
1339 87 83
1339 930 83
1778 1188 2010
1778 1188 1785
1778 627 2010
760 1960 1076
760 1753 1076
1168 1960 1817
1168 1753 1817
1168 760 1960
1168 760 1753
1700 870 1689
1700 1244 870
1700 1689 1817
1700 1817 593
1700 1244 593
438 1186 446
438 681 1846
438 681 446
438 1485 1846
438 1485 1186
1765 986 764
1765 678 764
1765 1102 1522
1765 986 1522
1765 678 571
1765 1102 571
336 1392 1027
336 1485 1027
1455 1576 2048
1455 1485 2048
1455 336 1485
1455 1576 1392
1455 336 1392
1861 517 683
859 867 1099
859 867 637
859 931 1099
859 931 637
1677 867 197
1677 1623 189
1677 867 1623
1051 22 151
1051 22 650
1668 708 105
1668 708 1558
770 29 149
770 1558 29
770 708 149
770 708 1558
1300 1593 1642
1300 344 1642
1300 1593 1273
1049 94 2041
1049 2012 2041
1049 2012 94
761 2012 94
761 1754 2041
761 2012 2041
1139 1326 94
1139 761 1754
1139 761 94
1139 1754 1227
1139 1326 1227
1433 632 944
1433 165 562
1433 944 165
163 1543 1329
163 632 944
163 1543 632
975 1650 28
975 286 1650
975 163 286
1079 686 1164
1079 1123 686
1079 491 1164
1079 491 1123
279 1702 616
279 491 904
279 1591 616
279 491 1591
279 772 904
279 944 772
279 163 944
684 1507 1127
684 1131 1127
684 163 1507
684 279 163
1313 618 66
1313 356 66
1313 356 618
1038 1862 1722
1038 1722 912
1038 1537 912
1805 1537 912
383 1491 636
383 1538 1064
383 636 1368
383 1064 1368
1561 383 1320
1561 1320 912
1610 746 1989
1610 615 1989
926 292 1122
926 1144 311
926 1320 1491
926 292 1491
926 311 912
926 1320 912
900 926 1122
900 1122 1638
900 586 1638
1160 1315 1100
1160 940 1100
1160 940 1315
202 1686 453
202 1465 453
202 1465 1524
202 1524 1756
202 1512 1756
202 1512 67
202 1686 67
195 1569 453
195 1465 453
195 1524 1569
195 1465 1524
815 849 1945
815 1330 1945
815 1330 849
757 518 1034
192 595 72
192 595 938
192 183 938
192 570 72
467 938 398
886 1625 671
886 72 652
886 1804 72
886 1625 1804
886 1691 652
886 1691 1995
886 671 1995
1911 1356 1995
1911 1105 1356
1699 415 1747
1699 871 1747
1699 871 415
1006 1369 476
1006 568 1369
1006 476 1933
1006 568 1933
1653 528 1137
1653 528 577
1653 256 1137
1653 256 577
1820 1901 1090
1820 256 1090
1820 256 1901
2036 577 1901
2036 256 1901
2036 256 577
1683 1264 1334
1683 1334 1734
1203 1334 2030
1203 1264 1334
1074 1678 346
1074 346 1603
1074 1905 1603
1074 1829 1905
1074 937 1829
1074 855 937
1354 114 1703
1354 945 114
1354 1703 1199
1354 945 1199
1453 437 850
1453 1490 850
1453 1490 437
1673 1310 525
1673 532 525
1673 532 1310
827 574 1198
827 1550 1198
1819 1339 87
1819 1339 930
1819 87 703
1819 930 703
896 1785 627
896 1778 627
896 1778 1785
262 1498 189
262 1498 151
262 683 151
1714 1447 189
1714 262 189
1714 1447 714
1714 517 714
1714 1861 517
959 1447 197
959 1677 197
959 1447 189
959 1677 189
1276 719 1273
1276 719 1642
1276 1642 1052
1276 1052 151
1276 1547 151
919 1276 1273
919 1276 1547
251 1662 650
251 1051 151
251 1051 650
1597 344 105
1597 1300 344
1597 1300 1273
225 632 562
225 1433 562
225 1433 632
591 286 1507
591 163 1507
591 163 286
1641 163 1329
1641 975 163
1641 1329 28
1641 975 28
966 1131 897
966 1702 897
966 279 1702
966 684 1131
966 684 279
1727 1064 1368
1727 1910 1064
1727 1862 1368
1727 1038 1862
1951 1910 1537
1951 1727 1910
282 1538 1064
962 1805 1064
962 1910 1537
962 1805 1537
1728 1320 1491
1728 383 1491
1728 383 1320
243 161 1538
243 161 912
243 1561 912
1929 383 1538
1929 1561 383
1929 243 1538
1929 243 1561
68 289 615
68 458 1970
34 458 1989
34 615 1989
34 68 458
34 68 289
894 1610 615
894 311 1970
894 68 1970
894 68 615
894 1610 746
552 586 1144
552 900 586
552 926 1144
552 900 926
302 1073 518
302 757 518
302 1073 1034
302 757 1034
1925 192 570
1925 192 183
1925 467 570
1876 467 570
1876 467 398
1219 1911 1105
1219 935 394
1219 1995 394
1219 1911 1995
1219 935 1875
1219 1105 1875
696 1264 447
696 1683 1264
696 447 1734
696 1683 1734
368 1264 2030
368 1203 2030
368 1203 1264
1378 855 1678
1378 1074 1678
1378 1074 855
1959 1550 1821
1959 827 1550
1959 1821 574
1959 827 574
1376 1861 683
1376 262 683
1793 1714 1861
1793 1714 262
1793 1376 1861
1793 1376 262
1721 1662 1273
1721 919 1273
1332 1668 105
1332 1597 105
1332 1558 29
1332 1668 1558
1332 29 1273
1332 1597 1273
1502 1727 1038
1502 1951 1727
1502 1038 1537
1502 1951 1537
901 1805 1064
901 282 1064
1984 1538 1568
1984 282 1538
1984 901 282
1984 1568 912
1984 1805 912
1984 901 1805
1530 1910 1064
387 289 615
387 34 615
1443 746 1621
1443 894 746
1443 1631 1621
1443 1193 912
1443 1631 1193
1443 311 912
1443 894 311
1410 1925 183
1410 1925 467
1410 183 938
1410 467 938
882 1035 570
882 1876 570
882 1035 398
882 1876 398
1745 919 1547
1745 1721 919
1476 251 1662
1476 1721 1662
501 1547 151
501 251 151
501 1476 251
501 1476 1721
1072 962 1910
1072 1530 1910
1072 962 1064
1072 1530 1064
39 34 289
39 387 289
39 387 34
1304 1745 1721
1304 501 1721
1304 1745 1547
1304 501 1547
