 -3.19708025e-01 9.13303381e-02
 -4.23294400e-01 1.69321290e-01
 -5.11798044e-01 2.28599591e-01
 -4.89874962e-01 2.10750847e-01
 -3.30211676e-01 9.90934301e-02
 -3.52744559e-01 1.15813377e-01
 -4.03985704e-01 1.57639433e-01
 -5.71042471e-01 3.44342134e-01
 2.65852648e-01 -4.57520925e-01
 1.56293997e-01 3.25650152e-01
 2.55434355e-01 -5.19561840e-01
 -3.23076621e-01 9.36104039e-02
 5.08111037e-01 -7.31459453e-01
 4.29596949e-01 1.00797880e-01
 4.49554235e-01 3.00047442e-01
 5.36380576e-02 -7.35573342e-01
 -3.32655698e-01 1.00765023e-01
 -4.19978005e-01 1.67032150e-01
 2.82470228e-01 -6.81135747e-01
 -3.46236146e-01 1.10796873e-01
 4.73783187e-01 -8.61713836e-02
 -3.42195730e-01 1.07671674e-01
 -3.16156407e-01 8.87086166e-02
 4.38284246e-01 -6.36112907e-02
 -4.66754512e-01 1.95069603e-01
 -3.99121162e-01 1.53057195e-01
 -4.01644331e-01 1.56402779e-01
 -3.83053008e-01 1.40203429e-01
 -3.44056217e-01 1.09243195e-01
 -4.96180045e-01 2.15622637e-01
 -3.17276933e-01 8.90152669e-02
 -3.19225887e-01 9.08822112e-02
 -3.68967600e-01 1.28612916e-01
 -4.43717026e-01 1.81352320e-01
 -5.70107727e-01 3.31533863e-01
 -9.00000000e-01 -4.15356167e-02
 -4.97902831e-01 2.16953571e-01
 -3.28715789e-01 9.75225954e-02
 -4.43638341e-01 1.81312524e-01
 -3.31419874e-01 9.99047866e-02
 3.23090648e-01 7.73827041e-01
 -3.33674353e-01 1.01606884e-01
 -3.51614106e-01 1.14966620e-01
 -4.29523987e-01 1.72972037e-01
 3.91232859e-01 -8.37490863e-01
 -3.38590373e-01 1.06634824e-01
 5.00825524e-01 1.95067631e-02
 1.68137694e-01 -4.02792508e-01
 -2.58803811e-01 6.96879232e-01
 -3.95872856e-01 1.50186689e-01
 -4.81322923e-01 2.04673851e-01
 -3.28744578e-01 9.75443114e-02
 -3.03711707e-01 -6.09459185e-01
 -3.71578896e-01 1.30873353e-01
 -4.60972635e-01 1.90887057e-01
 -5.02811149e-01 2.20912757e-01
 -1.89057099e-01 -5.57172576e-01
 -3.17510273e-01 8.91782332e-02
 4.56761618e-01 3.81871422e-01
 -3.92564714e-01 1.47082713e-01
 4.40409478e-01 -5.00033921e-01
 -5.50595648e-01 2.75763420e-01
 -3.67701498e-01 1.27565407e-01
 6.91856110e-01 5.08634299e-02
 -3.55692668e-01 1.18305964e-01
 -3.85357945e-01 1.42079410e-01
 -4.77327376e-01 2.01925691e-01
 -4.43535001e-01 1.81256486e-01
 -3.81777641e-01 1.39166644e-01
 -4.91145198e-01 2.11701235e-01
 -2.18100129e-01 -5.24355776e-01
 -3.23834453e-01 9.41698545e-02
 -4.48299940e-01 1.83747108e-01
 2.84976976e-02 -3.90603344e-01
 7.90622694e-01 3.00677349e-01
 -1.33152079e-01 -7.40162180e-01
 3.36480318e-01 2.31209778e-02
 -3.94843997e-01 1.49220426e-01
 -4.78812552e-01 2.02969224e-01
 -4.88628286e-01 2.09958758e-01
 -3.14678535e-01 8.80135775e-02
 -4.72856467e-01 1.99021305e-01
 -3.46863821e-01 1.11264247e-01
 -5.00220648e-01 2.18807888e-01
 -3.94385242e-01 1.48762726e-01
 -3.35256151e-01 1.02941490e-01
 -3.46917869e-01 1.11257777e-01
 -3.94799762e-01 1.49171811e-01
 -2.97240820e-02 -2.98685022e-01
 -5.06581171e-01 2.24009796e-01
 -4.11735056e-01 1.62293863e-01
 -4.62744806e-01 1.92059851e-01
 -7.60321899e-01 3.27616742e-02
 -4.12382228e-01 1.62761435e-01
 -4.50910065e-01 1.85239521e-01
 2.19247265e-01 -5.16172521e-01
 7.15439535e-01 -8.60356721e-02
 1.54671764e-01 6.81454725e-01
 -3.55484525e-01 1.18009020e-01
 7.69613667e-01 -3.15052615e-01
 -5.65233597e-01 3.07541926e-01
 -3.78512586e-01 1.36449201e-01
 1.32717046e-01 5.57102658e-01
 -4.08990455e-01 1.61110923e-01
 -3.43867720e-01 1.09051108e-01
 -3.22744728e-01 -7.75789629e-02
 6.93908707e-01 5.12765163e-02
 -4.80723191e-01 2.04218957e-01
 -4.14489094e-01 -3.07865955e-01
 7.58594871e-01 -1.70701542e-01
 2.25080820e-01 7.26387506e-01
 -3.98314774e-01 1.53266089e-01
 4.15868538e-01 1.75903320e-01
 -3.57700412e-01 1.19990150e-01
 1.90023917e-01 -5.15024515e-01
 -2.14776654e-01 7.79838156e-01
 -5.65960921e-01 3.09994396e-01
 -3.53278015e-01 1.16249402e-01
 -4.63120225e-01 1.92466987e-01
 -4.75629704e-01 2.00907678e-01
 -3.30732184e-01 9.95084377e-02
 -5.12480966e-01 2.29215688e-01
 -3.38456516e-01 1.05651399e-01
 -5.04479190e-01 2.22382595e-01
 5.03226072e-01 8.05860869e-02
 -3.75881878e-01 1.34133534e-01
 -3.44656085e-01 1.09448377e-01
 -6.10670166e-02 -5.72936967e-01
 1.69902437e-01 -7.37851594e-01
 -3.00262537e-02 -7.36970422e-01
 -4.24063103e-01 1.69630484e-01
 -3.60031103e-01 1.21651868e-01
 1.88630293e-01 4.60070072e-01
 8.71463479e-02 6.41182850e-01
 6.54313243e-01 5.71729965e-02
 -4.92146648e-01 2.12482001e-01
 7.99032746e-01 1.53779975e-01
 5.31318277e-01 3.68395101e-01
 -5.03853514e-01 -6.91763519e-01
 -4.24851886e-01 1.70030888e-01
 -3.66805388e-01 1.27097943e-01
 -3.54928705e-01 1.17107579e-01
 -3.90631880e-01 1.45713497e-01
 -3.54838715e-01 1.17034634e-01
 7.61981821e-01 1.42180790e-01
 -3.73748509e-01 1.32666217e-01
 2.68169292e-01 5.08502673e-01
 -4.19138621e-01 1.66569895e-01
 -3.44142251e-01 1.09309305e-01
 -2.36009249e-01 -5.06581207e-02
 -3.41961267e-01 1.07051454e-01
 -3.33676226e-01 1.01611754e-01
 -3.93877149e-01 1.48226353e-01
 -3.15501080e-01 8.82215956e-02
 -4.04466876e-01 1.58016000e-01
 3.07998405e-01 6.82653348e-01
 -4.52685956e-01 1.85484510e-01
 -4.22269138e-01 1.68431849e-01
 -3.65082350e-01 1.25656546e-01
 -3.73577076e-01 1.32519500e-01
 -4.37773901e-01 1.78039627e-01
 -5.69347846e-01 3.31630623e-01
 -3.82730657e-01 1.39945345e-01
 -3.61736362e-01 1.23072347e-01
 -3.81972589e-01 1.39325714e-01
 -1.84112575e-01 -4.28519452e-01
 -3.32186181e-01 1.00483565e-01
 -4.61678574e-01 1.91547701e-01
 -3.20809308e-01 9.21771654e-02
 -3.15463785e-01 8.80777735e-02
 -2.43362479e-01 -4.74508954e-01
 -3.62350888e-01 1.23504380e-01
 -3.69632621e-01 1.29207438e-01
 -5.14736557e-01 2.31252843e-01
 -3.67486972e-01 1.27469642e-01
 -3.51764954e-01 1.15029995e-01
 -4.31611387e-01 1.74289488e-01
 -5.16863942e-01 2.33245200e-01
 -3.88090317e-01 1.43199548e-01
 3.69704600e-01 -7.23601098e-01
 -3.66984426e-01 1.27239759e-01
 -5.51629984e-01 2.77549753e-01
 -3.23967651e-01 9.43247701e-02
 -3.52403526e-01 1.15577414e-01
 4.72801528e-01 -6.40537322e-01
 6.42610840e-01 -7.21849279e-01
 -3.52747299e-01 1.15816227e-01
 -4.25112723e-01 1.70210393e-01
 -3.41160733e-01 1.07179899e-01
 -8.88775252e-02 -5.39362822e-01
 -5.54722734e-01 2.83499853e-01
 -3.23884458e-01 9.42345637e-02
 6.11720576e-01 -5.90514285e-01
 3.05235731e-01 -5.09201513e-01
 -4.75056960e-01 2.00453673e-01
 -3.88065147e-01 1.43174377e-01
 -3.41085286e-01 1.06958634e-01
 -3.44974657e-01 1.09689011e-01
 -3.70887743e-01 1.30285937e-01
 -4.12499554e-01 1.62852544e-01
 -5.29436049e-01 2.47235675e-01
 -4.75322743e-01 2.00629955e-01
 -3.88937283e-01 1.44735887e-01
 6.30065272e-01 -7.43884082e-02
 -3.91337228e-01 1.46221389e-01
 -3.80881693e-01 1.38419893e-01
 3.44048476e-01 2.43368240e-01
 3.96524567e-01 -4.10479109e-01
 -3.81436941e-01 1.38878221e-01
 4.41937248e-01 -6.55306066e-01
 -4.76368185e-01 2.01415589e-01
 -3.67676254e-01 -2.78199971e-01
 -3.56562512e-01 1.19051947e-01
 -5.66802742e-01 3.12461407e-01
 -3.63145866e-01 1.24148751e-01
 -3.96252849e-01 1.50495552e-01
 -3.84946527e-01 1.41760310e-01
 -3.94544900e-01 1.48883920e-01
 1.64900827e-01 8.54483093e-01
 6.41999266e-01 -1.03330758e-01
 -3.34593823e-01 1.02189271e-01
 3.65621583e-01 -5.63889623e-01
 -4.23333533e-01 1.69341519e-01
 3.43013050e-01 1.15313689e-01
 -3.82198566e-01 1.39506923e-01
 -7.46146075e-02 -1.66171662e-01
 -3.40018421e-01 1.06682254e-01
 6.58950950e-01 5.01869600e-01
 7.36776691e-01 -3.93952352e-01
 -2.64124312e-01 -3.75238680e-01
 -3.62604618e-01 1.23736076e-01
 -4.11624126e-01 1.62138416e-01
 6.29822207e-01 -2.48033699e-01
 7.09581650e-01 2.43395335e-01
 -4.85953758e-01 2.07709636e-01
 -3.96994404e-01 1.51038573e-01
 -3.76775277e-01 1.34987579e-01
 -3.20530117e-01 9.19689639e-02
 -3.11671579e-01 8.50950852e-02
 -4.08373302e-01 1.60722649e-01
 -6.66454057e-01 -4.13497856e-01
 -2.97982775e-01 7.59104242e-02
 -4.38202296e-01 1.78282460e-01
 5.87129765e-01 5.92490713e-01
 -3.38134265e-01 1.05258982e-01
 -1.87023644e-02 4.69637193e-01
 -5.08806189e-01 2.25996621e-01
 6.58638425e-01 4.05316681e-01
 -3.81308697e-01 1.38781648e-01
 -3.17408685e-01 8.93683421e-02
 -3.42517040e-01 1.07866606e-01
 -3.12866760e-01 8.59297591e-02
 -3.37537880e-01 1.04766283e-01
 -2.15587511e-01 -1.61730972e-01
 -8.71447909e-01 -1.21069976e-01
 -3.28265165e-01 9.71851788e-02
 -3.17048846e-01 8.90265180e-02
 -4.29661639e-01 1.73046369e-01
 -3.11643329e-01 8.54432660e-02
 6.13862035e-01 -7.68171282e-01
 -3.63805909e-01 1.24503321e-01
 -3.41583643e-01 1.07372833e-01
 2.50167374e-01 8.37085438e-01
 -3.64907801e-01 1.25471533e-01
 5.31419794e-01 -7.51570806e-01
 -4.17503830e-01 1.65595019e-01
 -3.92115333e-01 1.46673991e-01
 4.12517529e-01 7.86425962e-01
 6.16951263e-01 -4.93914068e-01
 -3.77406800e-01 1.35495706e-01
 -3.46241827e-01 1.10805248e-01
 -3.21755665e-01 9.25497475e-02
 2.73331816e-02 -4.55911983e-01
 -3.82229028e-01 -1.24783697e-01
 5.06820240e-01 4.89886122e-01
 -3.66445475e-01 -3.72174350e-01
 5.71772468e-01 5.95719108e-01
 -4.65386288e-01 1.94221247e-01
 -3.84041831e-01 1.41037543e-01
 2.25677714e-01 -6.90606919e-01
 7.45779549e-01 -3.78702245e-01
 -4.36897388e-01 1.77517451e-01
 -3.51496220e-01 1.14813256e-01
 -3.19273490e-01 9.10225012e-02
 -3.27987991e-01 9.69410583e-02
 -3.83305116e-01 1.40416238e-01
 -5.14832087e-01 2.31345920e-01
 -3.34291320e-01 1.01936029e-01
 -4.43565713e-01 1.81273568e-01
 -4.72816477e-01 1.98993776e-01
 1.98373599e-01 5.94649992e-01
 -4.40399521e-01 1.79516988e-01
 -3.64154709e-01 1.25052475e-01
 -3.61928490e-01 1.23309556e-01
 -4.98204253e-01 2.17193119e-01
 -3.62398212e-01 1.23536457e-01
 -3.70252171e-01 1.29741462e-01
 -3.39708066e-01 1.06710072e-01
 -3.80825793e-01 1.38374697e-01
 -4.70091664e-01 1.97177746e-01
 -4.14001699e-01 1.63635513e-01
 -3.21921635e-01 9.27481433e-02
 -5.58872964e-01 2.91702820e-01
 -3.99220527e-01 1.51612592e-01
 7.68389091e-01 -9.56847063e-03
 6.86167761e-01 3.78076165e-01
 -3.72534085e-01 1.31673699e-01
 -4.63595077e-01 1.92711698e-01
 -3.89338935e-01 1.44947037e-01
 5.44781645e-01 4.87690181e-02
 -4.41556722e-01 1.80183637e-01
 1.91706573e-01 1.41188495e-01
 -3.45449876e-01 1.10140876e-01
 -3.13494614e-01 8.63848512e-02
 -5.11873657e-01 2.28668673e-01
 5.05399999e-01 1.83253137e-01
 2.79870751e-02 6.40575841e-01
 -4.01603001e-01 1.56047127e-01
 9.56174115e-02 -4.21323273e-01
 -3.71896514e-01 -1.02157638e-01
 4.08962250e-01 6.22468364e-02
 6.70412831e-01 -3.13358266e-01
 -3.17532568e-01 8.94038094e-02
 -4.57835650e-01 1.88267292e-01
 2.73550191e-02 3.71611546e-01
 7.72368546e-02 -7.23387078e-01
 3.54737032e-01 5.17218823e-01
 -3.57130181e-01 1.19536685e-01
 4.97430880e-01 -6.52270028e-01
 -3.31248896e-01 9.98546332e-02
 1.70824970e-01 -6.86191626e-01
 -3.79228430e-01 1.37034642e-01
 -3.12458727e-01 8.57067211e-02
 7.52713319e-01 2.19447212e-01
 -3.52346449e-01 1.15504412e-01
 -3.36911841e-01 1.04423125e-01
 5.08070793e-01 1.71757504e-01
 5.48876042e-01 -3.81965952e-01
 -9.72381454e-02 -5.46570230e-01
 -5.11790439e-01 -4.99356197e-01
 1.18916697e-01 -6.47694076e-01
 -3.45979357e-01 1.10524741e-01
 -4.06343391e-01 1.59398546e-01
 -3.43587804e-01 1.08851222e-01
 -5.07075719e-01 2.24376490e-01
 -3.68174835e-01 1.27948883e-01
 4.45160279e-01 -6.09281248e-01
 -3.60087323e-01 1.21702552e-01
 -4.21661213e-01 1.68026217e-01
 -9.12590882e-02 8.09082978e-01
 -3.52465397e-01 1.15629398e-01
 -3.27867635e-01 9.68049149e-02
 5.19599768e-02 8.56595837e-01
 5.96512345e-01 7.33632865e-01
 -3.52073367e-01 1.15371577e-01
 -3.85403089e-01 1.42117531e-01
 -5.02721808e-01 2.20887874e-01
 -3.92718266e-01 1.47230447e-01
 -4.85679568e-01 2.07502031e-01
 -3.56929686e-01 1.19357390e-01
 -3.66992039e-01 1.27245466e-01
 -4.52069438e-01 1.85402323e-01
 2.06431547e-01 -7.01629174e-01
 5.49606766e-01 -1.26579830e-01
 -3.27151351e-01 9.64726561e-02
 -3.55563426e-01 1.18151338e-01
 -4.57240009e-01 1.87948628e-01
 -3.29181295e-01 9.80607352e-02
 -1.45853050e-01 7.61992855e-01
 -3.45982884e-01 1.10529568e-01
 -3.81439377e-01 1.38879414e-01
 -4.55112124e-01 1.86862926e-01
 5.88668875e-01 -4.86854321e-01
 -4.66502057e-01 1.94902866e-01
 -3.60905428e-01 1.22480103e-01
 -3.25384097e-01 9.56196666e-02
 -1.47640186e-01 -7.03638136e-01
 6.08351746e-01 -2.27565979e-01
 -5.63323360e-01 -6.78476427e-01
 -5.31098943e-01 2.48911056e-01
 2.06298322e-01 -7.92710552e-01
 -3.80055793e-01 1.37735199e-01
 -4.39164743e-01 1.78820634e-01
 -3.99202900e-01 1.51587026e-01
 6.51020085e-01 7.12919986e-01
 4.64048691e-01 -3.65221206e-01
 -4.43628351e-01 1.81307678e-01
 -4.65808822e-01 1.94504714e-01
 -3.05265993e-01 8.12566491e-02
 1.78536872e-01 8.18491635e-01
 2.48309645e-02 -5.42176598e-01
 5.01447442e-01 -1.87246440e-01
 -4.03593889e-01 1.57420208e-01
 -3.24572652e-01 9.53537874e-02
 -3.31427834e-01 9.99114308e-02
 3.34270681e-01 7.07511557e-02
 -3.38891185e-01 1.06666682e-01
 -3.24419180e-01 9.53732426e-02
 -4.21217571e-01 1.67724269e-01
 5.78233937e-01 -5.36366859e-01
 7.65684147e-01 1.84810987e-01
 -4.78671164e-01 2.02815805e-01
 5.59398692e-01 -5.64969143e-01
 -4.50894253e-01 1.85247408e-01
 -3.38416999e-01 1.06325283e-01
 -4.22658955e-01 1.68909524e-01
 -4.79677363e-01 2.03548369e-01
 -3.11505578e-01 8.49677499e-02
 -4.55194252e-01 1.86904593e-01
 -4.18228433e-01 1.65918385e-01
 -4.61711923e-01 1.91570139e-01
 -3.71261944e-01 1.30598421e-01
 4.54067286e-01 4.16471634e-01
 1.53872836e-01 -7.23826327e-01
 -3.25808821e-01 9.57860699e-02
 -4.16076346e-01 1.64757349e-01
 2.46365540e-01 -5.83238666e-01
 8.26466147e-01 -3.46296776e-01
 -3.72015830e-01 1.31237447e-01
 -3.45238887e-01 1.09977493e-01
 8.17014990e-01 1.94179544e-01
 -2.89535185e-01 7.65591804e-01
 -3.04993768e-01 8.08962799e-02
 -2.77371935e-01 6.37578616e-01
 -1.71255912e-01 -6.34525443e-02
 -5.37970548e-01 2.57537893e-01
 -1.20468619e-01 -7.63382987e-01
 -4.08758837e-01 1.60968634e-01
 -5.68007958e-01 3.16791548e-01
 1.44498852e-01 7.72322539e-01
 -3.80126537e-01 1.37790958e-01
 6.07696958e-01 -5.97083215e-01
 6.48080156e-01 -4.06917942e-01
 1.82495301e-01 2.97107936e-01
 -3.19744381e-01 9.13560947e-02
 -4.04736827e-01 1.58140942e-01
 -3.57007877e-01 1.19420849e-01
 -3.37618889e-01 1.04855700e-01
 -5.24463363e-01 -6.32249775e-01
 -3.99478977e-01 1.52956576e-01
 1.89524503e-01 7.10230275e-01
 2.53373038e-01 -8.23075352e-01
 -5.69759062e-01 3.28568863e-01
 -3.15833660e-01 8.84512690e-02
 -4.24751427e-01 -4.82159683e-01
 -3.37622625e-01 1.04854182e-01
 -3.28900341e-01 9.78082528e-02
 -5.10577665e-01 2.27501352e-01
 -5.58597806e-01 3.96332937e-01
 2.22911219e-01 1.11689297e-01
 -8.98480277e-01 2.60200585e-01
 -3.30472937e-01 9.92110537e-02
 -4.75501383e-01 2.00819187e-01
 -3.39906952e-01 1.06680820e-01
 -3.06219410e-01 8.12096689e-02
 2.39642382e-01 2.90158081e-01
 -3.99983898e-01 1.55332594e-01
 -4.43325446e-01 1.81133850e-01
 -4.02288319e-01 1.56578657e-01
 -4.60618296e-01 1.90722598e-01
 2.92136590e-02 4.93417010e-01
 -4.10439925e-01 1.61555959e-01
 -3.35274804e-01 1.03114710e-01
 6.24751298e-01 -1.49489506e-01
 -4.19532358e-01 -6.43610058e-01
 -3.77621206e-01 1.35668950e-01
 -3.24010653e-01 9.43728115e-02
 -3.23344645e-01 9.38064379e-02
 5.23984331e-01 -6.44364204e-01
 -3.94069514e-01 1.48426034e-01
 -5.14543187e-01 2.31081619e-01
 -3.73262854e-01 1.32251635e-01
 -5.32156237e-01 2.50290329e-01
 -3.64697577e-01 1.25379273e-01
 -3.19685125e-01 9.13141709e-02
 -3.27126582e-01 9.64302399e-02
 -3.87985479e-01 1.44095442e-01
 -4.05282494e-01 1.58526977e-01
 -3.71603726e-01 1.30892654e-01
 -3.80965757e-01 1.38495210e-01
 -3.09856645e-01 8.39387547e-02
 -4.04293126e-01 1.57909065e-01
 -3.77062139e-01 1.35217719e-01
 -4.53524715e-01 1.85903298e-01
 2.81815523e-01 -6.76479722e-01
 -5.07378257e-01 2.24583384e-01
 -3.22297490e-02 6.89569311e-01
 -5.58257513e-01 3.97918344e-01
 -4.85210509e-01 2.07176239e-01
 -1.68758068e-01 7.65305340e-01
 -3.84589235e-01 1.41479188e-01
 -3.34957828e-01 1.02660138e-01
 -3.67537695e-01 1.27513542e-01
 -3.20121419e-01 9.15640643e-02
 -5.57583575e-01 4.04497069e-01
 5.75076301e-01 5.74786218e-01
 -4.02200252e-01 1.56820622e-01
 3.99243515e-01 4.33458780e-01
 -5.69524237e-01 3.31652157e-01
 1.08941642e-02 -5.20919500e-01
 -3.42665767e-01 1.07983474e-01
 -4.77837277e-01 2.02279632e-01
 -1.04390754e-01 -6.71348494e-01
 -6.26112724e-02 -6.24751961e-01
 -4.48079655e-01 1.83676867e-01
 5.53929353e-02 -9.00000000e-01
 -3.34636539e-01 1.02224164e-01
 -3.99221402e-01 1.53764956e-01
 4.29425917e-01 -5.40230853e-01
 -4.01526867e-01 1.56320577e-01
 -4.78829726e-01 2.02969958e-01
 -3.00279984e-01 7.70516668e-02
 -7.16330131e-01 5.99173135e-01
 -3.66077681e-01 1.26425032e-01
 5.58560624e-01 -3.13174594e-01
 -3.48412069e-01 1.12371130e-01
 -3.41574207e-01 1.06912333e-01
 -3.21972189e-01 9.27853668e-02
 8.05339718e-01 -2.60932971e-02
 -4.70148872e-01 1.97390159e-01
 -3.26509844e-01 9.61683038e-02
 -3.39385339e-01 1.06713390e-01
 -5.56694888e-01 -6.13246819e-01
 -3.09230671e-01 8.33387979e-02
 -3.50415477e-01 1.13967266e-01
 -5.11702920e-02 6.96843376e-01
 7.21655775e-01 -1.66078075e-01
 -3.28088643e-01 9.70433226e-02
 2.05677681e-01 -6.38441793e-01
 7.36526696e-01 -3.11542800e-01
 -3.30690386e-01 9.94767270e-02
 -3.50435800e-01 1.13984955e-01
 -3.14201690e-01 8.70896566e-02
 -1.99327805e-01 -5.26992061e-01
 -3.69403247e-01 1.29015324e-01
 -4.01511282e-01 1.55911169e-01
 -3.59963724e-01 1.21543595e-01
 5.80124960e-01 3.65473488e-01
 -3.21480421e-01 9.24471100e-02
 5.93008170e-01 3.51604696e-02
 6.27955763e-01 -4.88133695e-01
 -3.64531820e-01 1.25312149e-01
 -3.92630000e-01 1.47154655e-01
 -3.59813110e-01 1.21366767e-01
 -3.15662163e-01 8.83655185e-02
 -3.72064916e-01 1.31278890e-01
 -3.52636639e-01 1.15724467e-01
 -3.08921119e-01 8.31172850e-02
 -6.01899384e-01 -1.87953439e-01
 2.37773982e-01 4.97002275e-01
 6.92434967e-01 -7.34292817e-02
 -4.41146135e-01 1.79952026e-01
 4.23822634e-01 3.88673480e-01
 -3.95570564e-01 1.49897004e-01
 -3.02757601e-01 7.92895887e-02
 4.95222535e-01 1.54401136e-01
 4.72680592e-01 -4.98116581e-01
 3.64961534e-01 6.71675498e-01
 -1.47214157e-01 -5.30204717e-01
 -3.66087168e-01 1.26427399e-01
 -3.39994830e-01 1.06703485e-01
 -3.82199646e-01 1.39505998e-01
 5.94876101e-01 -6.34719984e-01
 -3.31729897e-01 1.00114588e-01
 -5.02583874e-01 2.20775102e-01
 7.78897625e-01 -1.73992267e-02
 -3.33939833e-01 1.01601091e-01
 -3.27037967e-01 9.63608730e-02
 -3.68161627e-01 1.27938425e-01
 -3.24007976e-01 9.43536944e-02
 -3.36045678e-01 1.03550228e-01
 -3.94917328e-01 1.49286002e-01
 1.04267183e-01 7.50238135e-01
 -3.51041124e-01 1.14451100e-01
 7.04076157e-01 1.63776640e-01
 -4.00048514e-01 1.55404848e-01
 -3.28101220e-01 9.70510983e-02
 4.41210407e-01 -5.34929159e-02
 -3.90841729e-01 1.46061629e-01
 4.42258466e-01 -4.73876965e-01
 -3.34059268e-01 1.01788014e-01
 7.65420117e-01 -3.23110683e-01
 -3.67034033e-01 1.27273075e-01
 -3.52053752e-01 1.15361227e-01
 -3.89923412e-01 1.45126433e-01
 -4.41650194e-01 1.80229476e-01
 -5.23929694e-01 2.41344214e-01
 -5.14562536e-01 2.31100145e-01
 -4.22231646e-01 1.68429303e-01
 5.97816017e-01 -2.38184461e-02
 -3.83319960e-01 1.40428781e-01
 -4.67743156e-01 1.95712911e-01
 -3.49019952e-01 1.12829668e-01
 -2.68186235e-02 -5.51003188e-01
 -3.23402849e-01 9.39341584e-02
 -3.84226327e-01 -5.73174009e-01
 -4.21639964e-01 1.68009979e-01
 3.70346015e-01 7.39620946e-01
 -3.75607834e-01 1.33784290e-01
 -5.19551416e-01 2.37198530e-01
 -3.97502483e-01 1.51378799e-01
 -4.46284353e-01 1.82826873e-01
 -4.55253643e-01 1.86912239e-01
 -4.71636201e-01 1.98292836e-01
 6.58444929e-01 -2.29157331e-01
 -3.78546370e-01 1.36478771e-01
 3.47419197e-01 1.07418589e-01
 -3.47899058e-01 1.12034812e-01
 6.76117301e-01 3.11060636e-02
 -3.33200493e-01 1.01158949e-01
 5.33029915e-01 -5.81058773e-02
 -4.66515795e-01 1.94924187e-01
 -3.69783673e-01 1.29338120e-01
 -4.57408058e-01 1.88028525e-01
 -4.44072296e-01 1.81565434e-01
 -3.84200777e-01 1.41162164e-01
 -4.87731285e-01 2.09036687e-01
 -3.85417597e-01 1.42125697e-01
 5.71289094e-01 7.23238148e-01
 -3.08431708e-01 8.28753871e-02
 -3.09625587e-01 -1.87624262e-01
 7.10724978e-01 2.89893134e-01
 -4.06400600e-01 1.59498371e-01
 -5.12676952e-01 2.29426565e-01
 -3.45487417e-01 1.10136319e-01
 -5.12502807e-01 2.29239015e-01
 -3.50171899e-01 1.13778027e-01
 -4.18604851e-01 1.66173130e-01
 -3.79310613e-01 1.37130495e-01
 -3.94321520e-01 1.48693465e-01
 -4.17450269e-01 1.65525216e-01
 -3.82272646e-01 1.39571476e-01
 -3.31077408e-01 9.97522359e-02
 7.49409416e-01 2.79269891e-01
 -4.82123485e-01 2.05223710e-01
 -4.40069004e-01 1.79324626e-01
 -3.40749238e-01 1.06930676e-01
 -3.08392168e-01 8.28470301e-02
 -3.69905758e-01 1.29450542e-01
 -5.57973425e-01 4.01818829e-01
 -4.46765957e-01 1.83005537e-01
 -4.27369510e-01 1.71635989e-01
 -3.39565378e-01 1.06634494e-01
 -5.58149705e-01 4.00505234e-01
 7.04399102e-01 -1.47978112e-01
 -3.29858774e-01 9.88169650e-02
 -3.15598151e-01 8.83031887e-02
 5.22437873e-01 -4.25746198e-01
 6.73422272e-01 -1.00120196e-01
 -3.42232045e-01 1.07702175e-01
 -3.66612429e-01 -6.11726452e-01
 -3.25913704e-01 9.56225203e-02
 -3.25092709e-01 9.54040336e-02
 -3.58901765e-01 1.20796227e-01
 -3.55936606e-01 1.18517596e-01
 6.42906758e-01 -6.83940326e-01
 2.29138175e-01 -6.36066565e-01
 -3.16560543e-01 8.89239675e-02
 -3.96890417e-01 1.50935149e-01
 -3.89660299e-01 1.45066495e-01
 -3.50395123e-01 1.13952008e-01
 -3.74741515e-01 1.33183840e-01
 -3.17232132e-01 8.89816690e-02
 -3.68033534e-01 1.27841458e-01
 6.51345180e-01 -2.10438639e-01
 2.31644971e-01 -8.38636148e-01
 6.35946495e-01 -1.07218649e-01
 -3.20026243e-01 9.14676730e-02
 -4.73818384e-01 1.99601166e-01
 -4.23564809e-01 1.69360482e-01
 -3.24356005e-01 9.46443567e-02
 6.12903795e-01 6.93277912e-01
 2.32928956e-01 2.20394622e-01
 -3.78967467e-01 1.36821131e-01
 -3.44480067e-01 1.09376378e-01
 -3.64995230e-01 1.25577170e-01
 -3.58202502e-01 1.20404888e-01
 -3.36202965e-01 1.03824196e-01
 7.37023185e-01 2.31500965e-01
 3.44885254e-01 2.99422532e-02
 -3.37738694e-01 1.04900766e-01
 -3.48414578e-01 1.12361790e-01
 -3.41886758e-01 1.06985583e-01
 -3.83519091e-01 1.40595311e-01
 -3.85696000e-01 1.42358461e-01
 -3.87525416e-01 1.42557689e-01
 -3.70722538e-01 1.30147390e-01
 -3.96200418e-01 1.50446722e-01
 3.45030769e-02 7.41630371e-01
 -6.41585685e-01 -5.06302254e-01
 -3.25294007e-01 9.54961265e-02
 -4.73944348e-01 1.99684090e-01
 -4.16911165e-01 1.65162816e-01
 -3.36405600e-01 1.04106867e-01
 5.04329861e-01 4.49732654e-02
 -3.28920762e-01 9.78255409e-02
 -4.18006532e-01 1.65758219e-01
 -3.62387011e-01 1.23593013e-01
 -3.24502999e-01 9.50287690e-02
 4.12962654e-01 7.39614214e-02
 5.92612336e-01 6.22474363e-01
 -3.80065500e-01 1.37738898e-01
 -3.47283787e-01 1.11480801e-01
 -5.61898367e-01 2.98845795e-01
 -3.35822235e-01 1.03446421e-01
 5.35756506e-01 -1.77957798e-01
 -5.25588122e-01 2.42844643e-01
 -3.44476330e-01 1.09372622e-01
 -3.46062633e-01 1.10679725e-01
 -5.22371725e-01 2.39992235e-01
 6.28305825e-01 7.39650141e-01
 6.29950025e-02 -6.66597831e-01
 7.44020009e-01 -1.65873257e-01
 -3.41398177e-01 1.06933999e-01
 -3.79663094e-01 1.37404924e-01
 5.00257330e-01 -5.83160736e-02
 -4.21600344e-01 1.67984744e-01
 -5.40156771e-01 2.60361544e-01
 -3.43296032e-01 1.08564040e-01
 -5.36087523e-01 2.55237576e-01
 -1.43896430e-01 -7.65989441e-01
 -8.34697887e-02 4.19042687e-01
 -3.81705300e-01 1.39109847e-01
 4.27169662e-01 3.34718029e-01
 -2.31605425e-01 -4.93343166e-01
 -4.07692571e-01 1.60173517e-01
 -3.72224596e-01 1.31425452e-01
 -4.32082895e-01 1.74570564e-01
 -3.21255572e-01 9.23891952e-02
 3.15644782e-01 7.35469896e-01
 -5.69841380e-01 3.31677844e-01
 6.70981388e-01 3.50426493e-01
 -4.04300170e-01 1.57914040e-01
 4.76929766e-01 -1.03837521e-01
 -3.18599486e-01 9.03791208e-02
 2.70272134e-02 -4.16568556e-01
 7.62981430e-01 -1.43159848e-01
 1.97090530e-01 1.95145678e-01
 -1.71771050e-01 -1.44511806e-01
 -3.03911438e-01 8.05832302e-02
 -5.07351400e-01 2.24562460e-01
 -3.27727117e-02 4.51949236e-01
 -3.96437326e-01 1.50521065e-01
 7.12157521e-01 2.98810486e-01
 -4.47535520e-01 1.83365270e-01
 -4.44407956e-01 1.81758212e-01
 5.79419342e-01 -3.84008312e-01
 1.26115860e-01 -8.23888372e-01
 -4.04140744e-01 1.57730093e-01
 -2.95290283e-01 7.42124282e-02
 -1.06389311e-02 -4.71266905e-01
 7.99569374e-01 2.34364233e-02
 6.15291765e-01 1.12239907e-01
 -5.33376012e-01 2.51722360e-01
 -4.81115250e-01 2.04499635e-01
 -4.49322633e-01 -5.44345281e-01
 -3.21926685e-01 9.27509586e-02
 -4.24497310e-01 1.69919738e-01
 -4.92573469e-01 2.12798869e-01
 -3.49433348e-01 1.13183695e-01
 -4.12174607e-01 1.62697379e-01
 -3.33742423e-01 1.01577547e-01
 -4.04880683e-01 1.58248788e-01
 -3.36165449e-01 1.03794321e-01
 -3.16149406e-01 8.87038355e-02
 -5.22027648e-01 2.39617157e-01
 -3.90626504e-01 1.45675831e-01
 5.27615200e-01 -5.67134499e-01
 6.18125718e-01 -7.54682567e-01
 -3.44062286e-01 1.09234596e-01
 -4.50305796e-01 1.84903187e-01
 -3.81941392e-01 1.39305179e-01
 -3.55287994e-01 1.17547033e-01
 9.97602540e-02 7.94034786e-01
 -4.73097911e-01 1.99182400e-01
 7.25019289e-01 7.48327074e-02
 -3.60226679e-01 1.21867058e-01
 -3.57923645e-01 1.20183334e-01
 -3.26972754e-01 9.63242673e-02
 -3.69607049e-01 1.29182572e-01
 -3.56643494e-01 1.19117210e-01
 -4.20928075e-01 1.67528063e-01
 3.21709732e-01 -8.51364943e-01
 -3.10629532e-01 8.44897886e-02
 -7.97983634e-02 -4.45737216e-01
 -5.29961280e-01 2.47785693e-01
 -3.33736708e-01 1.01576848e-01
 -3.87115760e-01 1.43707504e-01
 -4.24051224e-01 1.69602057e-01
 -3.34930953e-01 1.02701898e-01
 -3.60296315e-01 1.21916640e-01
 -3.20130905e-01 9.15704654e-02
 5.29106654e-01 7.03766929e-01
 -4.71380779e-01 1.98126092e-01
 -3.13305865e-01 8.63210306e-02
 -3.31256659e-01 9.98624373e-02
 -4.93871019e-01 2.13799239e-01
 -3.82469183e-01 1.39726289e-01
 -1.87481379e-01 -6.16717814e-01
 -8.61329808e-01 4.93073127e-01
 -4.98662500e-01 2.17596119e-01
 8.07638975e-01 3.28169289e-01
 -3.20205769e-01 9.16490175e-02
 2.38394278e-01 -7.19485658e-01
 -5.13048260e-01 2.29723843e-01
 -2.76822694e-01 -7.87490194e-02
 -5.00891154e-01 2.19348214e-01
 2.19414213e-01 9.48399583e-02
 -6.37281835e-01 -1.79141078e-01
 -4.61899200e-01 1.91456333e-01
 7.93660977e-01 1.50631977e-02
 -1.00764379e-01 -1.28709352e-01
 -3.74424427e-01 1.33041117e-01
 -3.93291498e-01 1.47749191e-01
 -3.22760844e-01 9.33015384e-02
 -3.59578576e-01 1.21210225e-01
 -3.64309685e-01 1.25185606e-01
 -3.15200663e-01 8.80240207e-02
 -3.78796078e-01 1.36685039e-01
 -5.41061578e-01 2.61612364e-01
 -3.51806081e-01 1.15063421e-01
 -6.05218543e-01 -6.18339574e-01
 -3.49744602e-01 1.13436828e-01
 5.68985745e-01 4.94397486e-01
 -3.46578688e-01 1.11067689e-01
 1.06224136e-01 -7.68976291e-01
 -3.50766229e-01 1.14251557e-01
 5.89352089e-01 6.65345918e-01
 -3.72823709e-01 1.31889564e-01
 7.88386427e-02 6.13920006e-01
 -5.22863349e-01 -4.07841203e-01
 -4.92936334e-01 2.13102519e-01
 -3.21538223e-01 9.24653273e-02
 -4.16871468e-01 1.65144742e-01
 -3.59322386e-01 1.21040341e-01
 -1.75215227e-01 -5.19642181e-01
 2.89709531e-01 2.39705412e-01
 -1.99206975e-01 -6.09037890e-01
 -3.61242127e-01 1.22802806e-01
 1.43116960e-01 -5.97969362e-01
 3.84873082e-01 7.28955159e-01
 -3.61860404e-01 1.23228954e-01
 -2.99322979e-01 7.66374231e-02
 -5.21764148e-01 2.39354264e-01
 -6.37252371e-02 4.27979797e-01
 -4.80714049e-01 2.04213590e-01
 -4.44374693e-01 -2.90736697e-01
 1.21352169e-01 5.46655549e-01
 -3.22722506e-01 9.32721389e-02
 -3.57080881e-01 1.19478718e-01
 -4.92375281e-01 2.12662132e-01
 -4.05651105e-01 1.58924145e-01
 -8.64318209e-01 -1.80489284e-01
 -3.35000840e-01 1.02786327e-01
 -3.68545983e-01 1.28253397e-01
 -3.18983061e-01 9.07141185e-02
 -3.15855443e-01 8.84462695e-02
 -3.30162682e-01 9.89259876e-02
 -3.40881113e-01 1.06918392e-01
 -3.21117680e-01 9.23377754e-02
 -3.12627980e-01 8.57638559e-02
 -3.58394402e-01 7.63201249e-01
 -4.12814076e-01 -4.16644121e-01
 2.88327898e-02 6.98487364e-01
 -3.13750739e-01 8.67103146e-02
 -3.15001642e-01 -1.52883449e-01
 -3.40902021e-01 1.06972745e-01
 -4.04707901e-01 1.58174686e-01
 -3.10546350e-01 8.44311977e-02
 -3.48712505e-01 1.12600884e-01
 -3.25874389e-01 9.58052131e-02
 -8.26567908e-01 7.76248459e-02
 -4.32332553e-01 1.74730496e-01
 6.09510006e-01 6.54430571e-02
 -3.73582823e-01 1.32523583e-01
 -3.32555659e-01 1.00669147e-01
 -3.21146721e-01 9.23105157e-02
 3.04769756e-01 2.57740208e-01
 3.23179680e-01 -6.89031316e-01
 -5.33504367e-01 2.51864980e-01
 -5.10431089e-01 2.27371030e-01
 -3.24063524e-01 9.44128712e-02
 -5.70393783e-01 3.35084186e-01
 -5.26478337e-01 2.43771717e-01
 -6.39495067e-02 3.96263128e-01
 -3.24354783e-01 9.46423579e-02
 -4.76811987e-01 2.01727023e-01
 -5.65779786e-01 3.09610246e-01
 -2.36315792e-01 7.34081676e-01
 -4.53911380e-01 1.86061953e-01
 -4.68170249e-01 -5.69373866e-01
 -5.55270268e-01 4.30865043e-01
 -3.29690857e-01 9.87040362e-02
 -4.44445078e-01 1.81787784e-01
 -4.10454875e-01 1.61551087e-01
 -3.50070812e-01 1.13695503e-01
 -3.83832041e-01 1.40855729e-01
 -3.96276127e-01 1.50514994e-01
 -3.88950123e-01 1.44748323e-01
 -4.40967103e-01 1.79846717e-01
 -4.36775351e-01 1.77445821e-01
 -3.19210217e-01 9.08726338e-02
 -3.53920072e-01 1.16631904e-01
 -3.87159895e-01 1.43771560e-01
 -3.56235595e-01 1.18732189e-01
 6.54492482e-01 7.78268378e-02
 -3.51071382e-01 1.14474133e-01
 -3.70065132e-01 1.29580709e-01
 -3.51074801e-01 1.14477312e-01
 -3.40470993e-01 1.06751195e-01
 2.22915963e-01 1.61541903e-01
 -1.91030649e-01 3.93231449e-01
 -3.60728508e-01 1.22302069e-01
 -3.48052271e-01 1.12158769e-01
 -3.32169360e-01 1.00465998e-01
 1.03384754e-01 7.00911524e-01
 1.16262799e-01 7.13472547e-01
 -3.87673884e-01 1.43382851e-01
 -3.42924921e-01 1.08280921e-01
 -1.82368686e-01 8.12088200e-01
 3.68503518e-01 -5.42478383e-01
 8.06213477e-01 -4.45288758e-01
 -3.32415310e-01 1.00580633e-01
 6.15751723e-01 -2.63599429e-01
 -3.29774996e-01 9.86467593e-02
 -4.41064975e-01 1.79909123e-01
 -3.95050677e-01 1.49427787e-01
 -3.54922776e-01 1.17102189e-01
 6.12787347e-01 -3.86749356e-01
 -3.47075271e-01 1.11372967e-01
 -3.40739478e-01 1.06867760e-01
 -3.29436365e-01 9.82735392e-02
 6.22230366e-01 1.37959648e-01
 -3.46099192e-01 1.10708638e-01
 -3.24563849e-01 9.53475182e-02
 6.24927327e-01 -5.27952282e-02
 -3.68668021e-01 1.28357274e-01
 -3.23947206e-01 9.43119803e-02
 2.01496561e-01 -7.12363564e-01
 -5.03619857e-01 2.21628510e-01
 -5.39057381e-01 2.58934902e-01
 3.90027616e-01 -6.80827369e-01
 5.57796714e-02 -4.37529622e-01
 -3.82086621e-01 1.39422026e-01
 -3.57714281e-01 1.20000002e-01
 -3.99251403e-01 1.51614298e-01
 -2.96898057e-01 7.51095702e-02
 -4.05546169e-01 1.58991129e-01
 -4.25900761e-01 1.70692466e-01
 -4.01711850e-01 1.56452886e-01
 -3.26053271e-01 9.57708079e-02
 -3.44309455e-01 1.09379252e-01
 -4.15230969e-01 1.64363882e-01
 -3.11110288e-01 8.47906963e-02
 -5.86611394e-02 -3.52205973e-01
 -3.99118308e-01 1.53678610e-01
 -3.19401417e-01 9.10766505e-02
 -3.33318558e-01 1.01356769e-01
 -3.41060143e-01 1.07071325e-01
 -3.78155869e-01 1.36160019e-01
 8.01295856e-01 -2.23428430e-01
 -4.36394108e-01 1.77218066e-01
 -3.73154885e-01 1.32174752e-01
 -3.41925991e-01 1.07466295e-01
 -4.33719366e-01 1.75569913e-01
 -3.83778556e-01 1.40813245e-01
 -5.16493084e-01 2.32899930e-01
 -3.82011541e-01 1.39360405e-01
 -5.54712762e-01 4.42339192e-01
 7.25087082e-02 5.35304535e-01
 -3.93532342e-01 1.47964276e-01
 -3.19812831e-01 9.13903023e-02
 4.61846348e-01 -3.69123547e-01
 -5.34615692e-01 -3.03458150e-01
 -3.83036257e-01 1.40190650e-01
 3.78965846e-01 4.96296344e-01
 1.83641994e-01 -6.95966919e-01
 1.47262353e-02 -5.95168123e-01
 -3.09532060e-01 8.37262000e-02
 -4.02286560e-01 1.56576053e-01
 -5.60040508e-01 3.90002260e-01
 -3.12212649e-01 8.56988774e-02
 -4.01223420e-01 1.55674970e-01
 -4.67829045e-01 1.95769763e-01
 5.35256201e-01 -2.86716544e-01
 -3.36160418e-01 1.03790782e-01
 -4.52035898e-01 1.85387674e-01
 2.21508008e-01 7.40076663e-01
 -3.03918394e-01 8.05895887e-02
 -3.58216432e-01 1.20416613e-01
 -5.40412708e-01 2.60720928e-01
 -4.51908433e-01 1.85452057e-01
 -1.89139870e-01 7.59484597e-01
 -4.78574807e-01 2.02754595e-01
 3.32006913e-01 2.49921236e-01
 -4.07888180e-01 7.51111229e-01
 -3.30968589e-01 9.95641556e-02
 -4.79618985e-01 2.03535706e-01
 -3.71936198e-01 1.31170802e-01
 -3.50371990e-01 1.13932681e-01
 -3.74488968e-01 -5.69467322e-01
 -3.58619519e-01 1.20627066e-01
 -4.21700035e-01 1.68049485e-01
 -1.22825729e-01 -1.62684407e-01
 -3.69553408e-01 1.29137291e-01
 -3.27056112e-01 9.63739453e-02
 -2.99695358e-01 7.67334689e-02
 -3.52083024e-01 1.15378898e-01
 -3.51291193e-01 1.14650131e-01
 -5.16229875e-01 2.33793723e-01
 -3.52931658e-01 1.15967220e-01
 -1.85984082e-01 -6.81952169e-01
 -1.78131306e-01 -5.31571823e-01
 -3.77666485e-01 1.35731400e-01
 -4.33286785e-01 1.75302929e-01
 -3.73191197e-01 1.32205609e-01
 -3.38075430e-01 1.06316286e-01
 -4.20534324e-01 1.67265286e-01
 -4.97360820e-01 2.16559360e-01
 5.74250444e-01 6.77628905e-01
 2.78519092e-01 -5.02227552e-01
 -4.50450338e-01 1.84991159e-01
 -3.20228599e-01 -1.26006620e-01
 9.00000000e-01 4.04529469e-01
 -5.71040165e-01 3.40150805e-01
 -3.62998185e-01 1.24070837e-01
 -3.37368702e-01 1.04596004e-01
 -6.07605555e-01 -2.13013389e-01
 -3.38441587e-01 1.05637418e-01
 -3.40632646e-01 -1.66081752e-01
 -3.63272123e-01 1.24595491e-01
 -4.12817261e-01 1.63085152e-01
 -3.70130271e-01 1.29637314e-01
 -3.21840887e-01 9.26121204e-02
 -3.24095561e-01 9.44343728e-02
 -4.34109855e-01 1.75817812e-01
 -4.76116024e-01 2.01243385e-01
 -4.35199430e-01 1.76509458e-01
 -3.18949797e-01 9.06697154e-02
 -3.78762006e-01 1.36653325e-01
 -2.68714731e-01 -1.34400817e-01
 -4.18399509e-01 1.66025591e-01
 -2.15445212e-02 -4.57622341e-01
 -3.36362234e-01 1.04029218e-01
 6.36891048e-01 7.64745025e-01
 -4.00424677e-01 1.51978454e-01
 -7.78835568e-02 -2.19436227e-01
 2.39005330e-01 4.49286962e-01
 -4.12295739e-01 1.62804677e-01
 -4.58180886e-01 1.88461809e-01
 -3.42223822e-01 1.07694617e-01
 -3.44649212e-01 1.09442439e-01
 -4.05284361e-01 1.58682668e-01
 1.00544559e-01 7.54662431e-01
 5.42738812e-01 5.60839347e-02
 -5.07197641e-01 -4.20043664e-01
 -3.27100555e-02 -3.87422734e-01
 -3.55764880e-01 -4.58091043e-01
 -5.54772605e-01 4.38402783e-01
 -4.28476127e-01 1.72296054e-01
 -3.73378835e-01 1.32358554e-01
 -3.91039946e-01 1.46196904e-01
 -4.46679663e-01 1.82957349e-01
 -4.36304519e-01 1.77159266e-01
 -4.52603277e-01 1.85440508e-01
 7.44391331e-01 1.60579245e-01
 -4.47828753e-01 -6.38683788e-01
 -3.46475384e-01 1.10983736e-01
 -5.22522335e-01 2.40144597e-01
 -4.65459400e-01 1.94280166e-01
 -4.07584505e-01 1.60155265e-01
 -4.36263885e-01 1.77138847e-01
 -3.21876321e-01 9.27171085e-02
 -3.68505755e-01 1.28218271e-01
 6.51535622e-01 4.06268328e-01
 -3.49487987e-01 1.13229693e-01
 -4.56607244e-01 1.87618604e-01
 -4.31754167e-01 1.74374998e-01
 -3.84683741e-01 1.41540158e-01
 -4.26732226e-01 1.71222037e-01
 -3.55551343e-01 1.18143847e-01
 1.65500574e-01 5.00130809e-01
 -4.16047716e-01 1.64728061e-01
 2.80537397e-01 -7.51631669e-01
 -3.31469312e-01 9.99587308e-02
 -1.60917528e-01 -6.94493024e-01
 7.53529553e-01 1.36067975e-01
 4.72513818e-01 2.68872952e-02
 -4.06090795e-01 1.59070572e-01
 -3.28286329e-01 9.72016997e-02
 -4.25652042e-01 1.70538675e-01
 5.45692958e-01 -7.84694368e-02
 -3.88795601e-01 1.44650551e-01
 2.29002661e-01 -8.16354009e-01
 -5.33955737e-01 2.52389728e-01
 -3.61788763e-01 1.23167236e-01
 -3.73450246e-01 1.32422685e-01
 -3.41352733e-01 1.06924878e-01
 -3.40926263e-01 1.06851428e-01
 -5.03720268e-01 2.21734573e-01
 -4.64021916e-01 1.92910497e-01
 -3.36097503e-01 1.03695974e-01
 -3.88343811e-01 1.44341410e-01
 -4.79077541e-01 2.03153519e-01
 -3.24597085e-01 9.51834680e-02
 -1.55547636e-01 -3.98953764e-01
 -3.26756581e-01 9.63010021e-02
 -4.17970173e-01 1.65732856e-01
 -4.82140786e-01 2.05260243e-01
 -1.57373457e-01 7.33551658e-01
 -3.69121579e-01 1.28777110e-01
 -3.52344774e-01 1.15499706e-01
 -6.76478228e-01 -2.12602335e-02
 -3.61776391e-01 1.23155252e-01
 -4.26067888e-01 1.70798756e-01
 -5.56162203e-01 4.15169276e-01
 -3.32494401e-01 1.00639085e-01
 -3.76135815e-01 1.34477059e-01
 -4.63435886e-01 1.92597456e-01
 -3.61891636e-01 1.23252547e-01
 -3.09169631e-01 8.34675944e-02
 -4.40785011e-01 1.79737008e-01
 -3.84671428e-01 1.41530899e-01
 -3.46533422e-01 1.11032260e-01
 -3.10180354e-01 8.41871930e-02
 -5.52131644e-01 2.78478067e-01
 -3.83484531e-01 1.40565143e-01
 -3.91932029e-01 1.46515052e-01
 2.82718677e-01 5.63791666e-01
 2.16157925e-01 -6.41501686e-01
 -3.83553174e-01 1.40623597e-01
 -3.06857781e-02 7.80160355e-01
 -3.70059972e-01 1.29581434e-01
 -3.27760339e-01 9.67441114e-02
 6.02263310e-01 -1.32823380e-01
 -4.72125240e-01 1.98523630e-01
 -3.28011711e-01 9.69598787e-02
 -3.25794168e-01 9.55871325e-02
 -4.12062904e-01 1.62591313e-01
 5.59615404e-01 -1.79299406e-01
 2.84840499e-01 -4.61679354e-01
 -5.02635114e-01 2.20818723e-01
 -3.51832313e-01 1.15102210e-01
 -4.41487540e-01 1.80143594e-01
 -4.61369536e-01 1.91076348e-01
 -5.55188311e-01 2.84426274e-01
 -3.29656093e-01 9.85780629e-02
 -3.11334604e-01 8.51515276e-02
 -4.16303289e-01 1.64965887e-01
 6.83086284e-01 -3.21473177e-01
 -4.95087166e-01 2.14794942e-01
 -5.54169169e-01 4.73362180e-01
 -3.99384408e-01 1.52825572e-01
 -3.18200767e-01 8.95724704e-02
 2.03148283e-01 5.40868809e-01
 -3.55430308e-01 1.17871453e-01
 4.76700425e-02 -6.95963521e-01
 -3.34189879e-01 1.01858695e-01
 -9.22051659e-02 7.49282944e-01
 -5.03669518e-01 2.21676902e-01
 3.01228323e-01 4.33667867e-01
 -3.18920669e-01 9.06553179e-02
 3.78444580e-02 -6.99225292e-01
 -3.84751692e-01 1.41596424e-01
 5.35073780e-01 -6.63481703e-01
 -4.77703536e-01 2.02186352e-01
 8.29874048e-01 3.44823058e-01
 -3.49380794e-01 1.13140617e-01
 -3.79940382e-01 1.37637766e-01
 -3.00759416e-01 7.77407151e-02
 -4.73138365e-01 1.99204129e-01
 -3.16515010e-01 8.88912745e-02
 -3.11187938e-01 8.48118690e-02
 -3.13769583e-01 8.67260495e-02
 -4.52398409e-01 1.85396960e-01
 6.02908958e-01 3.56092023e-01
 -3.22483941e-01 9.31613281e-02
 1.68253113e-01 -6.64271789e-01
 -3.38420768e-01 1.05370384e-01
 -5.07791865e-01 2.25010186e-01
 5.32840481e-01 6.16870174e-01
 7.43539228e-01 -1.56992584e-01
 3.29687740e-01 -7.57272481e-01
 -3.52995012e-01 1.16043910e-01
 -3.99332586e-01 1.53946874e-01
 -3.37594266e-01 1.04829185e-01
 -4.82106365e-01 2.05230540e-01
 -3.49812799e-01 1.13491617e-01
 -3.19663316e-01 9.12684342e-02
 -3.21121790e-01 9.23396568e-02
 -3.60632571e-01 1.22272678e-01
 -2.85576968e-01 -4.78766628e-01
 -4.45606506e-01 1.82443756e-01
 -1.57956574e-01 -2.15204801e-01
 -3.58992591e-01 1.20828518e-01
 -3.94113834e-01 1.48498000e-01
 5.89125143e-01 -7.21790208e-01
 -3.50886437e-01 1.14355495e-01
 -3.58520576e-01 1.20544066e-01
 -3.17828043e-01 8.94733145e-02
 7.78281485e-01 -8.31288277e-02
 -2.13624934e-01 -3.42597350e-01
 -3.29173852e-01 9.80528965e-02
 5.35724823e-01 6.33100343e-01
 -3.32869395e-01 1.00911358e-01
 4.67100953e-01 7.19614586e-01
 -4.88159944e-01 2.09744275e-01
 -4.19972241e-01 1.67029549e-01
 -3.35981504e-01 1.03655845e-01
 -3.53020080e-01 1.16060738e-01
 -4.78698191e-01 2.02835782e-01
 -4.79212879e-01 2.03294167e-01
 -3.55004270e-01 1.17169888e-01
 -3.73747869e-01 1.32664823e-01
 -4.28009979e-01 1.72007493e-01
 -3.16258863e-01 8.88002362e-02
 3.07918269e-01 -8.11337298e-01
 6.69866472e-01 4.48094160e-01
 -3.24619752e-01 9.52354296e-02
 -3.96131503e-01 1.50373168e-01
 -3.18583114e-01 9.03376228e-02
 7.75563299e-01 -9.03441470e-02
 -3.69322425e-01 1.28945138e-01
 3.53367944e-01 4.38454453e-02
 7.76722184e-01 -4.33779363e-01
 -3.26605378e-01 9.62237158e-02
 -4.11749988e-01 1.62362095e-01
 -3.96235021e-01 1.50478585e-01
 -4.30318564e-01 1.73458376e-01
 -2.35948002e-02 -6.64918478e-01
 -2.62263789e-01 -3.58570194e-01
 -3.16284517e-01 8.88183674e-02
 -3.79347729e-01 1.37160547e-01
 -4.77477222e-01 2.02028920e-01
 -4.04908990e-01 1.58325835e-01
 -3.34763834e-01 1.02430361e-01
 -4.71226174e-01 1.98027194e-01
 -3.59172409e-01 1.20956611e-01
 -7.59758492e-02 -3.74784213e-01
 -3.34398461e-01 1.02031548e-01
 -3.09708099e-01 8.38511446e-02
 -4.27008616e-01 1.71408286e-01
 3.50607864e-01 4.84012383e-01
 -3.48967000e-01 1.12791934e-01
 -3.62171861e-01 1.23454709e-01
 -3.65611327e-01 1.26045887e-01
 -4.15388093e-01 1.64465069e-01
 -3.35697231e-01 1.03300420e-01
 -3.12789337e-01 8.58784975e-02
 -3.34182418e-01 1.01849199e-01
 -4.90719561e-01 2.11362212e-01
 -3.35126844e-01 1.02877339e-01
 -1.27443210e-01 -3.41528681e-01
 -8.11188845e-01 -4.50367066e-03
 -4.82354962e-01 2.05268571e-01
 -1.01008575e-01 -5.83044164e-01
 -4.82320881e-01 2.05290402e-01
 -4.00149475e-01 1.55530668e-01
 -4.05669378e-01 1.58899282e-01
 -4.86785597e-01 2.08373779e-01
 -7.14009257e-03 -4.27762133e-01
 -3.57913570e-01 1.20172691e-01
 -4.53118059e-01 1.85683438e-01
 -3.29250509e-01 9.81691657e-02
 -3.77670279e-01 1.35717990e-01
 2.01378486e-01 1.26176738e-01
 -3.27495195e-01 9.66318284e-02
 3.62544010e-01 -6.20246051e-01
 -3.75637693e-01 1.33700551e-01
 2.86950218e-01 7.37206524e-01
 -4.14918204e-01 1.64156469e-01
 -3.44536874e-01 1.09390082e-01
 -3.43119982e-01 1.08545445e-01
 3.15743768e-01 6.42639139e-01
 -3.53091375e-01 1.16094575e-01
 -3.43081235e-01 1.08360622e-01
 -5.48189094e-01 2.72056432e-01
 4.48679062e-01 -6.24427966e-02
 1.68513835e-01 -7.54552371e-01
 -3.28453853e-01 9.73347656e-02
 3.02749926e-01 4.87690971e-02
 -4.22643221e-01 1.68719592e-01
 -4.64100443e-01 1.93080408e-01
 -3.26649253e-01 -6.33211404e-01
 8.66501451e-02 6.39753436e-01
 -4.72980123e-01 1.99107415e-01
 -3.21170132e-01 -2.88159523e-01
 -3.12863579e-01 8.59272997e-02
 2.43326122e-01 -4.61927723e-01
 -3.35669341e-01 1.03277169e-01
 -4.97806664e-01 2.16878610e-01
 -3.37909917e-01 1.05080121e-01
 -4.92512470e-01 2.12766487e-01
 1.53863846e-01 -6.64883976e-01
 3.00831337e-01 1.11151082e-01
 -1.36766679e-01 -8.65234483e-02
 -3.82467373e-01 1.39725535e-01
 -3.62678156e-01 1.23804113e-01
 -3.65853723e-01 1.26270488e-01
 -3.43565240e-01 1.08836004e-01
 -3.95432367e-01 1.49755209e-01
 -3.96347497e-01 1.50482877e-01
 -3.35730082e-01 1.03326101e-01
 -3.42725747e-01 1.08068223e-01
 7.01176575e-01 -1.04004286e-01
 1.67595621e-01 2.84466041e-01
 -5.71051456e-01 3.42863239e-01
 -3.65703504e-01 1.26148695e-01
 -3.91969308e-01 1.46545784e-01
 -3.50561538e-01 1.14084645e-01
 4.21075242e-02 -5.59653678e-01
 -3.58576889e-01 1.20577682e-01
 -3.85387531e-01 1.42103762e-01
 -3.34125673e-01 1.01771247e-01
 -5.03921664e-01 2.21903066e-01
 2.13044234e-01 -5.03248627e-01
 7.52641401e-01 -4.65537778e-01
 -3.89854317e-01 1.45069364e-01
 -4.19354234e-01 1.66732076e-01
 -4.39050095e-01 1.78763636e-01
 -4.54978690e-01 1.86809872e-01
 -3.13060176e-01 8.62061100e-02
 3.98702781e-01 3.12098788e-01
 2.87183861e-01 6.33635563e-01
 -2.99712903e-01 7.67457801e-02
 -4.11813645e-01 1.62345609e-01
 -3.79333879e-01 1.37148902e-01
 -3.13072688e-01 8.62146997e-02
 -3.82683336e-01 1.39902230e-01
 -3.22759436e-01 9.33013740e-02
 6.10114381e-01 -6.60405364e-01
 -3.43830909e-01 1.09050685e-01
 -5.70935234e-01 3.48545864e-01
 -3.29069876e-01 9.79484095e-02
 -3.56865362e-01 1.19312317e-01
 -2.21417450e-02 -5.89546556e-01
 6.05819904e-02 -5.10739749e-01
 -7.41105534e-01 5.46006396e-01
 -3.47012679e-01 1.11331472e-01
 -3.30777260e-01 9.95408969e-02
 -5.61923499e-01 3.81406259e-01
 -5.48675501e-01 2.72441069e-01
 2.62420807e-01 6.73485736e-01
 5.95690023e-01 -4.15040868e-01
 -3.17024238e-01 8.91466757e-02
 -4.11404275e-01 -3.51953892e-01
 -5.30861861e-01 2.48669810e-01
 -4.27112179e-01 1.71481993e-01
 -4.57446231e-01 1.88055676e-01
 -5.27418724e-01 2.44921873e-01
 2.96520266e-01 5.10203128e-02
 -3.67749715e-01 1.27600719e-01
 -5.75007025e-01 6.69344743e-01
 -3.57706593e-01 1.19993364e-01
 -4.22035514e-01 1.68293995e-01
 -3.24623818e-01 9.51281699e-02
 5.88680391e-01 -6.55362204e-01
 -3.71628671e-01 1.30909270e-01
 -3.73421461e-01 1.32393994e-01
 -4.20954429e-01 1.67542340e-01
 1.11581228e-01 -5.98567507e-01
 -3.35706765e-01 1.03310067e-01
 -3.50990040e-01 1.14437559e-01
 4.23236660e-01 7.15539547e-01
 6.98659427e-01 -4.12435417e-01
 -3.51114590e-01 1.14509845e-01
 -3.30840432e-01 9.95541526e-02
 -4.34666808e-01 1.76153288e-01
 -3.27346527e-01 9.65141555e-02
 -4.28222114e-01 1.72149425e-01
 -4.51234208e-01 1.85446724e-01
 -5.43380425e-01 2.64883142e-01
 -3.31181763e-01 9.97457492e-02
 5.00364769e-01 -4.20514414e-01
 3.97533389e-01 -5.58749531e-01
 -3.41570780e-01 1.07360000e-01
 -5.37026972e-01 2.56291245e-01
 -3.68463730e-01 1.28186259e-01
 -4.03501079e-01 1.57222254e-01
 3.63322896e-01 -8.01672748e-01
 2.07582312e-01 8.17546308e-01
 -3.09419559e-01 8.36427330e-02
 -4.00277283e-01 1.51838028e-01
 2.34411423e-01 3.58899345e-01
 3.29145126e-01 6.45888072e-02
 -3.31064830e-01 9.97297302e-02
 -4.54032258e-01 1.86252325e-01
 -3.90829431e-01 -2.46313623e-01
 -3.10457691e-01 8.43732789e-02
 6.85009132e-01 2.15556542e-01
 -4.90066635e-01 2.10859389e-01
 -3.36898328e-01 1.04404955e-01
 -3.32868483e-01 1.00910796e-01
 -4.24851693e-01 1.70023686e-01
 2.22981826e-01 6.70053926e-01
 4.59526198e-01 -5.05129792e-01
 2.05275249e-01 -4.69117304e-01
 -3.60782868e-01 1.22355274e-01
 -3.02970380e-01 7.99474722e-02
 1.45324915e-01 6.59923775e-01
 -3.75706830e-01 1.33856891e-01
 -4.70659158e-01 1.97647387e-01
 -3.57235646e-01 1.19619856e-01
 -3.61563282e-01 1.22981252e-01
 6.00945959e-01 -4.80160572e-01
 -6.42985382e-01 -5.83288884e-01
 -3.39549610e-01 1.06693997e-01
 -4.67027478e-01 1.95248184e-01
 -4.14297729e-01 1.63838310e-01
 -3.23970120e-01 9.43297927e-02
 -3.30590898e-01 9.93032152e-02
 -4.29062912e-01 1.72690548e-01
 -2.67755205e-02 7.68592528e-01
 -3.14597540e-01 8.73896092e-02
 4.88342518e-01 7.42181549e-01
 -3.32117994e-01 1.00320507e-01
 -5.71016417e-01 3.37663592e-01
 -4.29922812e-01 1.73206227e-01
 -3.55880106e-01 1.18475863e-01
 5.22997267e-01 -6.75672247e-01
 -3.12890662e-01 8.59467785e-02
 5.64174322e-01 1.37432692e-01
 6.99029750e-01 1.14853820e-02
 -2.13258881e-01 -8.14782852e-01
 -3.32334784e-01 1.00503865e-01
 -3.26386565e-01 9.60216842e-02
 -3.95884290e-01 1.50213139e-01
 -4.88071296e-01 2.09538204e-01
 -4.40115717e-01 1.79350567e-01
 -5.61713283e-01 3.81123082e-01
 -3.67094994e-01 1.27316562e-01
 -5.25738975e-01 2.42852683e-01
 -3.82163364e-01 1.39479928e-01
 -5.03399336e-01 2.21419497e-01
 -3.52583671e-01 1.15681093e-01
 -3.47883535e-01 1.12021627e-01
 4.59361851e-01 -4.32164690e-01
 -3.08197510e-01 -2.82607661e-01
 -3.38355730e-01 1.05420556e-01
 -3.27950875e-01 9.69107255e-02
 -2.21687753e-01 -5.40147922e-01
 1.99289686e-02 -7.01583606e-01
 -4.44544359e-01 1.81845297e-01
 -4.17465242e-01 1.65568153e-01
 -3.70076430e-01 1.29588312e-01
 -3.41570666e-01 1.06909888e-01
 -3.41208783e-01 1.07155192e-01
 2.68097839e-01 -7.57842312e-01
 3.37151991e-01 1.17867063e-02
 -3.77708676e-01 1.35765822e-01
 -3.68979447e-01 1.28659688e-01
 -3.39680426e-01 1.06607859e-01
 -3.57078971e-01 1.19477265e-01
 -3.63049852e-01 1.24116816e-01
 -3.36833168e-01 1.04391393e-01
 -3.80213778e-01 1.37862435e-01
 -3.29690972e-01 9.86109162e-02
 -4.32738355e-01 1.74965401e-01
 -4.22595481e-01 1.68867273e-01
 -4.99504664e-01 2.18266406e-01
 1.49106717e-01 -6.67439430e-01
 -3.67997826e-01 1.27813337e-01
 -3.45739111e-01 1.10338214e-01
 -3.20024627e-01 9.15550626e-02
 -4.75262851e-01 2.00592979e-01
 -5.52364690e-01 -1.53497201e-01
 -3.88190578e-01 1.44236661e-01
 7.84058686e-01 -2.10988428e-01
 -4.71072661e-01 1.98017400e-01
 -3.05897189e-02 6.07302087e-01
 -3.32547770e-01 1.00606388e-01
 -3.70481457e-01 1.29943402e-01
 -4.95379307e-01 2.15027204e-01
 -1.46631215e-01 -6.22614437e-02
 5.95310374e-01 6.24355154e-01
 -3.42574980e-01 1.07950405e-01
 -3.92440701e-01 1.46966079e-01
 -5.20381822e-01 2.37966277e-01
 -5.36832565e-01 2.56042612e-01
 -4.10095394e-02 -7.03058429e-01
 1.24342446e-01 3.74682858e-01
 -3.87730449e-01 1.43911046e-01
 -5.57890779e-01 4.02173204e-01
 -9.13549013e-02 6.50913653e-01
 -3.36980386e-01 1.04617403e-01
 -3.35182119e-01 1.02882273e-01
 4.80715521e-02 5.27952872e-01
 5.54571999e-01 5.58652215e-01
 -4.00266897e-01 1.51826405e-01
 -3.57085523e-01 1.19487569e-01
 -4.39955052e-01 1.79263700e-01
 -1.26346494e-01 -2.48196356e-01
 -3.97082619e-02 -3.66636603e-01
 -3.22601358e-01 9.31811238e-02
 6.32565996e-01 2.36237478e-01
 -3.88527756e-01 -3.07359542e-01
 -4.42408216e-01 1.80611843e-01
 -3.41806763e-01 1.07496387e-01
 -3.36276528e-01 1.03978479e-01
 -4.10418518e-01 1.61517845e-01
 -4.11049879e-01 1.61804999e-01
 -4.35320939e-01 1.76583478e-01
 -3.46101325e-01 1.10710533e-01
 1.38309217e-01 -7.08490446e-01
 -4.86452289e-01 2.08035306e-01
 -3.78087855e-01 -4.99528768e-01
 -3.83364374e-01 1.40465857e-01
 -3.79072283e-01 1.36906910e-01
 6.02748548e-01 2.27494449e-01
 -1.23700224e-01 -1.95993296e-01
 5.49021418e-01 -5.42789075e-01
 -4.74492646e-01 2.00060094e-01
 7.38622611e-01 3.53636581e-01
 -4.06117661e-01 1.59185231e-01
 -4.88995630e-01 2.10164451e-01
 -3.20144072e-01 9.15819174e-02
 -3.08674600e-01 8.29508659e-02
 -3.40056273e-01 1.06716247e-01
 -3.94122760e-01 1.48505785e-01
 -4.33456069e-01 1.75417874e-01
 4.05841927e-01 -8.04674557e-01
 -3.36080871e-01 1.03876300e-01
 6.74526757e-01 -3.36018673e-02
 -4.75042372e-01 2.00442855e-01
 1.32983588e-01 -4.47809205e-01
 -4.80418291e-01 2.04001027e-01
 -3.34472134e-01 1.02087428e-01
 -3.57610352e-01 1.19923223e-01
 -4.40134129e-01 -5.53063505e-01
 -4.36216462e-01 1.77109853e-01
 -3.32812662e-01 1.00865421e-01
 -3.89193634e-01 1.44777369e-01
 4.80300519e-01 5.72460699e-01
 -5.53580410e-01 2.81114903e-01
 -3.57258520e-01 1.19632086e-01
 -1.72978568e-01 -3.64528755e-01
 -4.35372915e-01 1.76618140e-01
 -4.38215319e-01 1.78284107e-01
 4.53789100e-01 4.25384790e-01
 -3.01710629e-01 -6.67834795e-01
 -4.24276658e-01 1.69766121e-01
 -3.64742813e-01 1.25418524e-01
 -3.82628050e-01 1.39860502e-01
 -4.23669192e-01 1.69434348e-01
 -1.79218556e-01 -2.28072527e-01
 -3.77676511e-01 -5.08449766e-01
 -3.42844966e-01 1.08141439e-01
 -5.29083250e-01 2.46812587e-01
 -4.16931784e-01 1.65177712e-01
 -3.50750409e-01 1.14241693e-01
 4.13772554e-02 -6.39250345e-01
 6.33510582e-01 7.93941025e-01
 -3.78013274e-01 1.36034660e-01
 2.89991463e-01 -7.24610431e-01
 1.02340123e-01 3.92564446e-01
 -3.94713943e-01 1.49078648e-01
 -4.26156604e-01 1.70855854e-01
 -3.44033286e-01 1.09197113e-01
 -4.29871821e-01 1.73172128e-01
 -3.28438369e-01 9.73206528e-02
 -4.38511112e-01 1.78458316e-01
 -5.58120974e-01 4.00847198e-01
 -3.26717742e-01 9.62905353e-02
 -6.27036605e-01 -1.24186823e-01
 -3.73218327e-01 1.32225202e-01
 7.12084756e-01 -5.64529927e-02
 -3.14264266e-01 8.71961085e-02
 -4.37615994e-01 1.77946914e-01
 -4.75045253e-01 2.00446371e-01
 4.56664416e-01 -9.57043166e-02
 -5.61364751e-01 3.83691275e-01
 -1.64342064e-01 -5.75137688e-01
 -3.90620463e-01 1.45895549e-01
 -4.23275965e-01 1.69295499e-01
 -3.31919386e-01 1.00211161e-01
 -3.36767724e-01 1.04369866e-01
 7.56017287e-01 -4.51239981e-01
 -8.70684783e-01 -1.28450655e-01
 -3.28785934e-01 9.75496268e-02
 -4.00242778e-01 1.51807763e-01
 -3.39703793e-01 1.06705464e-01
 -4.20364804e-01 1.67423872e-01
 -3.33492180e-01 1.01366612e-01
 -5.16658418e-01 2.33057370e-01
 -3.95894320e-01 1.50219826e-01
 -3.76719873e-01 1.34938958e-01
 -3.32006487e-01 1.00221394e-01
 -5.22718569e-01 2.40364193e-01
 2.54309623e-01 6.88789702e-01
 2.40258841e-01 2.98510437e-01
 -3.84298725e-01 1.41240949e-01
 -4.36881559e-01 -2.96393873e-01
 -3.43406981e-01 1.08696928e-01
 -4.13525546e-01 1.63574468e-01
 -3.35208116e-01 1.02906029e-01
 -3.35952326e-01 1.03522556e-01
 -3.43787093e-01 1.09014636e-01
 -4.86206808e-01 2.07884687e-01
 3.12428410e-01 -4.98574688e-01
 -3.14789090e-01 8.75356140e-02
 6.71023100e-01 -5.74844701e-01
 7.27583844e-02 -7.75699618e-01
 -3.78913905e-01 -6.50081786e-02
 5.16103039e-01 5.29653193e-02
 -5.90607159e-02 -4.53192365e-01
 -3.35979471e-01 1.03546148e-01
 6.39039471e-01 -4.52948804e-01
 8.27630200e-01 -4.86925167e-01
 -3.39003624e-01 1.06706576e-01
 -4.44302712e-01 1.81698923e-01
 -1.67156824e-01 8.90894792e-01
 -4.00283168e-01 7.04960898e-01
 4.72362789e-01 5.60490534e-01
 -3.11878448e-01 8.55247417e-02
 -8.33439772e-01 6.59130350e-01
 2.83961778e-02 4.13462380e-01
 -3.39066352e-01 1.06704830e-01
 -3.66497270e-01 1.26728773e-01
 -1.64923278e-01 -4.85060445e-01
 -5.07971709e-01 2.25216996e-01
 -4.45376015e-01 1.82308651e-01
 -3.62099358e-01 1.23456050e-01
 -3.40632245e-01 1.06950215e-01
 1.19396039e-03 9.00000000e-01
 -3.24329946e-01 9.46235147e-02
 6.84219603e-01 -3.55182064e-03
 -4.97700281e-02 7.88607509e-01
 -3.16028231e-01 8.85915120e-02
 -3.26202517e-01 9.58964674e-02
 -9.29349407e-02 -2.65502965e-01
 -4.45521575e-01 1.82395424e-01
 -4.31713438e-01 1.74355769e-01
 6.80205435e-01 -1.79178971e-01
 5.76245752e-01 3.44635847e-01
 -4.25769279e-01 1.70627421e-01
 -5.69851602e-01 3.32673873e-01
 5.04504223e-01 -4.35525925e-01
 -4.42322547e-01 1.80561432e-01
 -5.09431082e-01 2.26480438e-01
 -4.19018943e-01 1.66487400e-01
 -3.82751521e-01 1.39960123e-01
 -3.43354297e-01 1.08610592e-01
 -3.89903931e-01 1.45293294e-01
 -2.62156789e-02 -4.56870481e-01
 -3.05574628e-01 8.11120795e-02
 -4.28791125e-01 1.72498933e-01
 4.46656787e-02 7.44117239e-01
 -3.76168464e-01 -1.35839843e-01
 -5.01270092e-01 2.19641734e-01
 -3.83199001e-01 1.40325418e-01
 -2.17251069e-01 -2.47108074e-01
 -2.72477636e-01 -4.82957238e-02
 -3.28091662e-01 9.70414500e-02
 -3.18146699e-01 9.00961668e-02
 2.19198418e-01 5.41200010e-01
 -3.31242377e-01 9.98496820e-02
 -7.34267634e-01 -1.70665501e-01
 -3.30625515e-01 9.94178833e-02
 -3.70357461e-01 1.29841186e-01
 6.08854429e-01 -7.01097303e-02
 4.29497142e-01 -8.04401482e-02
 -3.42429827e-01 1.07848673e-01
 6.11528346e-01 2.87609872e-01
 1.88174011e-02 7.78373893e-01
 -5.69641125e-01 3.31748047e-01
 -9.78261563e-02 -5.92042102e-01
 -5.14587339e-01 -5.82213147e-01
 -3.43882169e-01 1.09066079e-01
 -3.46612840e-01 1.11101280e-01
 -3.39764841e-01 1.06677270e-01
 6.07734319e-01 2.71582850e-02
 5.61213463e-01 -6.34103696e-01
 -3.50432212e-01 1.13981622e-01
 -4.61220381e-01 1.91416685e-01
 -5.55717279e-01 4.20758012e-01
 -2.25283361e-01 -1.51560077e-01
 -3.41037330e-01 1.07058083e-01
 -3.68437347e-01 1.28165619e-01
 -3.21580717e-01 9.25168094e-02
 -3.63286728e-01 1.24335576e-01
 -5.06254936e-01 2.23835622e-01
 -3.47747364e-01 1.11838912e-01
 -3.29014338e-01 9.79016925e-02
 -4.24746626e-01 1.69967647e-01
 5.39817159e-01 5.12967289e-02
 -4.75403691e-01 2.00685687e-01
 5.61609553e-01 -4.77268345e-01
 -3.09100286e-01 8.32371833e-02
 -3.48389860e-01 1.12409039e-01
 5.70931537e-01 6.65949455e-01
 -3.25745409e-01 9.55465273e-02
 -1.54605670e-01 -7.15761814e-01
 -4.21204050e-01 1.67717834e-01
 -5.92468450e-01 -1.47109699e-01
 3.50756758e-01 7.29740689e-01
 -4.13146867e-01 1.63284160e-01
 -4.53786289e-01 1.85956417e-01
 5.22181592e-01 -1.36262611e-01
 -3.25836882e-01 9.57760627e-02
 -3.49108709e-01 1.12918947e-01
 -3.39739341e-01 1.06731771e-01
 -3.83989315e-01 1.40990702e-01
 -3.57664390e-01 1.19956468e-01
 -3.99838460e-01 1.54799628e-01
 -4.20971685e-01 1.67547335e-01
 3.96601830e-01 -6.04864364e-02
 -5.31798699e-01 2.49900203e-01
 -3.81799394e-01 1.39184242e-01
 -3.28604988e-01 9.74272378e-02
 -5.76891389e-01 -1.34370152e-01
 -3.51870136e-01 1.15164297e-01
 -3.33228324e-01 1.01284585e-01
 -5.39478830e-01 2.59444538e-01
 -3.41316249e-01 1.07234462e-01
 -4.80262259e-01 2.03904798e-01
 -4.65558135e-01 1.94337070e-01
 -4.05485006e-01 1.58767696e-01
 6.69439931e-01 1.49536969e-03
 -4.72751532e-01 -6.57791195e-01
 -3.61113923e-01 1.22585679e-01
 -3.42630936e-01 1.07994855e-01
 -4.34141746e-01 1.75847760e-01
 -3.41180407e-01 1.06846825e-01
 1.79390835e-01 -4.88527621e-01
 -3.04550292e-02 -7.32619502e-01
 -4.19985898e-01 1.67062664e-01
 -4.34737550e-01 1.76199333e-01
 -4.39219869e-01 1.78854062e-01
 -3.41392082e-01 1.06920456e-01
 -1.06632699e-01 4.85228431e-01
 -4.20493519e-01 1.67238107e-01
 -3.36152505e-01 1.03840970e-01
 4.84972260e-01 1.05720135e-01
 -3.28859916e-01 9.76067015e-02
 -3.13112528e-01 8.61888650e-02
 -3.65445394e-01 1.25956262e-01
 -2.61086428e-01 -2.54146438e-02
 -4.29559568e-01 1.72993337e-01
 -5.15934659e-01 2.34311735e-01
 -3.55439286e-01 1.17879468e-01
 -5.15322331e-01 2.31808876e-01
 -3.73094242e-01 1.32124859e-01
 -5.70099043e-01 3.31478540e-01
 -3.73328520e-01 1.32314899e-01
 -3.42757530e-01 1.08100506e-01
 -5.12500619e-01 -1.25243560e-01
 -3.25863807e-01 9.56904525e-02
 -4.70841426e-01 1.97775590e-01
 -3.75604634e-01 1.33671416e-01
 -3.52540103e-01 1.15649505e-01
 -3.79477612e-01 1.37256711e-01
 -3.66891547e-01 1.27162348e-01
 -3.49367038e-01 1.13130320e-01
 -4.12134105e-01 1.62673760e-01
 -4.07823493e-01 1.60354197e-01
 -4.74760827e-01 2.00247765e-01
 2.09817678e-01 5.53446603e-01
 -3.13303185e-01 8.63184549e-02
 -3.19455007e-01 9.11531484e-02
 -1.16379677e-01 7.94660471e-01
 -2.87162039e-01 -7.86118215e-02
 -4.17881519e-01 1.65702312e-01
 1.53965956e-01 7.94878267e-01
 -2.77472866e-01 -3.14050972e-01
 -3.36104563e-01 1.03701813e-01
 -4.27512066e-01 -1.79354650e-01
 -8.37371016e-02 -6.44971393e-01
 5.21831214e-01 3.61082814e-01
 -3.59178494e-01 1.20961328e-01
 -4.24309531e-01 1.69791102e-01
 -4.27424415e-01 1.71675783e-01
 -3.11540411e-01 8.49939540e-02
 -3.35390020e-01 1.03136856e-01
 1.34026958e-01 -8.64953123e-01
 -3.61463850e-01 1.22891608e-01
 -4.62608620e-01 1.92521980e-01
 -3.27919707e-01 9.68841494e-02
 -3.50087529e-01 1.13710868e-01
 -3.18770923e-01 9.05045036e-02
 -4.77706538e-01 2.02189583e-01
 6.00140417e-01 -3.74636187e-01
 -3.09945649e-01 8.40046257e-02
 3.59579550e-01 5.52864333e-02
 1.15876814e-01 -7.01113331e-01
 -3.50051983e-01 1.13678807e-01
 -4.50831160e-01 1.85215320e-01
 -3.47575732e-01 1.11690545e-01
 -3.66569562e-01 1.26935950e-01
 1.50319221e-01 -4.56242885e-01
 -3.60667091e-01 1.22277659e-01
 -3.13445029e-01 8.64153919e-02
 -3.17059224e-01 8.88254272e-02
 -3.41562977e-01 1.07356607e-01
 -3.19479594e-01 9.11690312e-02
 -3.69205659e-01 1.28847376e-01
 1.78367152e-01 7.27489982e-01
 -4.65242801e-01 1.94049792e-01
 -3.57841776e-01 1.20114366e-01
 -3.81074078e-01 1.38595295e-01
 -2.98747197e-01 7.62681209e-02
 -8.41662853e-02 -7.31961922e-01
 -4.17005807e-01 1.65221570e-01
 -3.08899755e-01 8.30967593e-02
 -3.24255081e-01 9.45628673e-02
 -4.36613665e-01 1.77349871e-01
 -4.25109702e-01 1.70207675e-01
 -4.87928269e-01 2.09371199e-01
 -5.22065411e-01 2.39653611e-01
 -3.96663044e-01 1.50753721e-01
 -3.17040389e-01 8.89086422e-02
 -3.22869851e-01 9.34584241e-02
 -3.34589685e-01 1.02185514e-01
 -3.56269349e-01 1.18755007e-01
 5.18610887e-01 -2.52675678e-01
 -4.62536161e-01 1.92478812e-01
 -3.13396167e-01 8.63782412e-02
 -3.49218467e-01 1.13010859e-01
 -5.52571424e-01 -2.25275807e-01
 -3.47067006e-01 1.11365770e-01
 -3.28273218e-01 9.71916904e-02
 -3.50711801e-01 1.14202939e-01
 -2.92163112e-01 7.25557145e-02
 -4.53419403e-01 1.85858746e-01
 -5.21517672e-01 2.39097766e-01
 -3.81746385e-01 1.39141703e-01
 -2.49451530e-01 -2.53006575e-01
 -5.35832640e-01 2.54920235e-01
 -6.50018562e-01 -5.94025259e-01
 -3.68786714e-01 1.28457116e-01
 -3.79321265e-01 1.37135169e-01
 -3.18519084e-01 8.98439622e-02
 -4.16125689e-02 3.83212358e-01
 -3.57473530e-01 1.19813054e-01
 -4.48834457e-01 1.83968751e-01
 -3.38172564e-01 1.06068721e-01
 -4.54262229e-01 1.86431920e-01
 -5.54035351e-01 2.82048341e-01
 -3.15349444e-01 8.79989603e-02
 -3.16843249e-01 8.90773259e-02
 3.57046376e-01 5.25408971e-02
 -3.88812365e-01 1.42697346e-01
 2.50663873e-02 -7.18669408e-01
 -3.22212680e-01 9.29623798e-02
 1.16171138e-01 -6.69289655e-01
 -5.65210362e-01 3.07474409e-01
 -3.37786440e-01 1.05125927e-01
 -3.18359173e-01 9.01508013e-02
 7.62186660e-01 1.95004654e-01
 -4.00223325e-01 1.51938295e-01
 -3.63318717e-01 1.24341430e-01
 -3.12078618e-01 8.56583250e-02
 -3.72390642e-01 1.31553827e-01
 -3.30998394e-01 9.96749177e-02
 -6.81553674e-01 -4.43749020e-01
 -3.80774020e-01 1.38329532e-01
 2.65216710e-01 -4.45710648e-01
 -3.45689058e-01 1.10300900e-01
 -4.19084231e-01 1.66532727e-01
 -1.01870987e-01 6.96367499e-01
 5.61701502e-01 4.06078370e-01
 -3.41551420e-01 1.07346371e-01
 -4.34353358e-01 1.75974032e-01
 -5.54314092e-01 4.58285307e-01
 -4.27058288e-01 1.71435476e-01
 -3.15751090e-01 8.83773747e-02
 -1.07927182e-01 -2.07139485e-01
 -3.54270078e-01 1.16799826e-01
 -8.70442578e-01 -9.23098952e-02
 -1.38181713e-01 -5.45059255e-01
 -4.50288836e-01 1.84892972e-01
 -2.99618964e-01 -1.46390916e-01
 -3.76379815e-01 1.34682738e-01
 -3.52417564e-01 1.15591013e-01
 -4.98470310e-01 2.17445281e-01
 -3.24514649e-01 9.53159905e-02
 -3.24060406e-01 9.44104500e-02
 -3.23298842e-01 9.38584858e-02
 -3.82551525e-01 1.39790717e-01
 -4.42465925e-01 1.80646518e-01
 -1.61402386e-01 8.36699418e-01
 -1.22832260e-01 7.99026844e-01
 -3.10235689e-01 8.42254936e-02
 -4.27650201e-01 1.71793279e-01
 -3.19787402e-01 9.13725042e-02
 -1.43733594e-01 7.96767108e-01
 -2.33073713e-01 -3.42644665e-01
 -3.91044597e-01 1.46215291e-01
 -5.11420090e-01 2.28273689e-01
 -3.38406613e-01 1.05357737e-01
 -4.91634366e-01 2.12108694e-01
 7.24770522e-01 -5.31819914e-02
 -1.93621302e-01 -7.32066318e-01
 -6.45874241e-01 -5.39321908e-02
 -3.27855982e-01 9.67968418e-02
 -3.63817191e-01 1.24541311e-01
 -3.15031688e-01 8.77726308e-02
 -3.84388436e-01 1.41310803e-01
 -1.30046705e-01 7.50220295e-01
 -3.66148361e-01 1.26522620e-01
 -3.51947505e-01 1.15232923e-01
 -3.28137094e-01 9.71136008e-02
 -3.53939176e-01 1.16646982e-01
 4.52062143e-01 3.29383574e-01
 -4.50768038e-01 1.85179180e-01
 -3.75491518e-01 1.33562203e-01
 -3.92163734e-01 1.46730636e-01
 1.04998277e-01 -7.85068838e-01
 -4.42351077e-01 1.80579406e-01
 -3.33360328e-01 1.01366793e-01
 -4.35605144e-01 1.76751191e-01
 -3.24643497e-01 9.51577196e-02
 -4.32344523e-01 1.74738651e-01
 -3.88408394e-01 1.44388060e-01
 -4.19858126e-01 1.66952850e-01
 -6.46260282e-02 -3.40400677e-01
 6.17064113e-01 -5.50350183e-01
 -5.30899173e-02 -6.98410685e-01
 -1.02906153e-01 -5.48179110e-01
 -2.61303066e-01 -2.13349179e-01
 3.24934806e-02 -7.70548464e-01
 -3.79277215e-01 1.37094004e-01
 -4.00325951e-01 1.55659113e-01
 -5.55848853e-01 7.16264896e-01
 -4.16264507e-01 1.64942313e-01
 -3.24003200e-01 9.43499541e-02
 6.88404265e-01 -4.52424032e-01
 -1.03132189e-01 -2.45164087e-01
 -5.27357830e-01 2.44874579e-01
 -4.38458299e-01 1.78426145e-01
 -3.38343560e-01 1.05258345e-01
 -3.81747535e-01 1.39143440e-01
 6.60469496e-01 4.77629815e-01
 -3.27044507e-01 9.64653133e-02
 -3.73316781e-01 1.32304227e-01
 7.14164906e-01 -6.79554971e-01
 -7.19110525e-02 -2.81222928e-01
 -3.13988879e-01 8.69387968e-02
 -3.30444941e-01 9.91889710e-02
 -4.13117569e-01 1.63260661e-01
 2.43776916e-01 -6.93349383e-01
 -4.27887757e-01 1.71936981e-01
 -4.64431618e-01 1.93722991e-01
 -3.69669131e-01 1.29239712e-01
 -5.62799929e-01 3.73084156e-01
 -3.22811024e-01 9.33360422e-02
 -5.23547906e-01 -1.98959787e-01
 -3.21155477e-01 9.23158414e-02
 -3.40520415e-01 1.06817197e-01
 -5.05852756e-01 2.23487311e-01
 -4.64880402e-01 1.94041818e-01
 -4.35512195e-01 1.76697415e-01
 -4.30883152e-01 1.73829400e-01
 3.44419948e-01 8.25845942e-02
 -3.62416303e-01 1.23618280e-01
 -2.09222140e-02 -2.35101710e-01
 5.67545348e-01 -2.40747346e-01
 -3.22828570e-01 9.33491738e-02
 -1.23286555e-01 -5.82571421e-01
 -3.50749874e-01 1.14236896e-01
 -3.49397362e-01 1.13152959e-01
 -5.29818099e-01 2.47660487e-01
 -3.84963555e-01 1.41773008e-01
 5.64993199e-01 -2.55388640e-01
 -1.93997248e-01 -2.01266058e-02
 -2.92737848e-02 -6.94245992e-01
 -4.33619299e-01 1.75507513e-01
 -1.27583054e-02 -7.29548943e-01
 -1.14314093e-01 -3.10761085e-01
 4.71516598e-01 -6.05093185e-01
 -4.43302898e-01 1.81126349e-01
 -7.54049772e-01 7.01886512e-01
 3.80969412e-01 1.07380429e-01
 -3.47689426e-01 1.11790396e-01
 -4.54047660e-01 1.86183002e-01
 -3.22407366e-01 9.31056219e-02
 -3.56634393e-01 1.19106642e-01
 3.87172524e-01 -5.48821195e-01
 6.35886026e-01 -3.69897680e-01
 -3.20417718e-01 9.19284738e-02
 -3.08186312e-01 -9.12628450e-02
 7.54751920e-01 3.29564489e-01
 -3.62443397e-01 1.23641771e-01
 1.12935895e-01 -5.19443293e-01
 -4.37223000e-01 1.77713268e-01
 -4.49007988e-01 1.83999758e-01
 -3.08841113e-01 8.30565475e-02
 1.11048600e-01 3.23901852e-01
 -3.33674063e-01 1.01606601e-01
 -4.43833629e-01 1.81415544e-01
 -4.51085872e-01 1.85393692e-01
 5.48218544e-01 -5.96025895e-01
 -3.33740831e-01 1.01576414e-01
 -1.03834778e-01 -7.71270288e-01
 -3.38190063e-01 1.05297245e-01
 -3.24991953e-01 9.52638148e-02
 -3.38193319e-01 1.05404248e-01
 -5.29644242e-01 2.47252449e-01
 4.42627747e-01 5.90771477e-01
 -3.34446319e-01 1.02068379e-01
 4.45778502e-01 4.56229299e-01
 -3.99650704e-01 1.54710611e-01
 -2.37265198e-01 -3.07502267e-01
 1.41377266e-01 7.21386579e-01
 7.68018843e-01 1.26104595e-01
 2.02234563e-01 1.31962309e-01
 7.49541011e-01 1.38080253e-01
 -5.36984774e-01 2.56272349e-01
 5.20385379e-02 6.71514139e-01
 -4.45584424e-02 -2.31398146e-01
 -3.50225625e-01 1.13836478e-01
 -4.07213043e-01 1.59993523e-01
 -4.12220279e-01 1.62726386e-01
 -6.75846139e-02 -4.80140545e-01
 -9.45544254e-02 7.01911144e-01
 6.00855827e-01 5.12791801e-01
 -5.25324436e-01 2.42385843e-01
 2.57177465e-01 7.24267493e-01
 7.56510496e-01 -4.54641341e-01
 7.15853544e-01 -3.10669001e-01
 -3.90592189e-01 1.45869202e-01
 4.39397012e-01 5.95850475e-01
 7.23004753e-01 3.31558324e-01
 -5.58185125e-01 -5.24122350e-01
 7.27004726e-01 1.84646183e-01
 -4.20571356e-01 1.67277941e-01
 -3.21417662e-01 9.23981679e-02
 -4.12912290e-01 1.63131904e-01
 -5.79070894e-01 -5.80004698e-01
 -3.34604598e-01 1.02306267e-01
 -3.29194791e-01 9.80673159e-02
 -3.87828115e-01 1.43973507e-01
 -3.34478788e-01 1.02055970e-01
 -3.92866688e-01 1.47379305e-01
 6.25015288e-01 -1.37234738e-01
 -5.67267102e-01 -1.46235142e-01
 -3.28163078e-01 9.71093757e-02
 -4.02003356e-01 1.56729546e-01
 -4.63819028e-01 1.92767001e-01
 5.26510302e-01 9.43291775e-02
 -7.81845446e-01 -4.13795444e-02
 -4.12295441e-01 1.62807655e-01
 4.72613604e-01 1.58897710e-01
 -4.92172699e-01 2.12482859e-01
 -3.72810773e-01 1.31886516e-01
 -5.54769493e-01 4.34865064e-01
 4.04597182e-02 -4.93537721e-01
 -3.19042805e-01 9.07579503e-02
 -3.36615766e-01 1.04405510e-01
