210 976 1705
1241 976 1901
1241 210 976
1344 210 1705
922 1826 4
364 1423 1292
1303 14 720
1303 1190 720
1578 538 1705
1578 257 1705
879 1241 1901
879 1826 1241
492 1826 567
1574 1932 116
1574 1932 567
1754 922 4
2013 1652 689
2013 1656 689
808 2013 1652
808 2013 1843
1628 1480 1652
1628 1550 1652
468 364 1292
1953 364 1423
87 1656 689
861 1423 689
861 87 689
74 115 720
74 720 41
74 691 41
52 1190 720
150 1983 14
150 998 1983
736 691 41
1613 257 1350
1608 1666 1826
1608 1241 210
1608 1826 1241
695 1826 4
695 1666 1826
530 492 567
1183 879 1826
1183 492 1826
1183 879 1901
1183 530 492
1183 530 1480
1183 1652 1901
1183 1480 1652
711 922 1826
1056 1574 116
1056 1574 567
1056 1230 116
705 808 1652
672 1628 1480
1733 1953 364
843 2026 730
1092 115 1226
1092 74 115
1092 691 1226
1092 74 691
1133 115 720
1133 52 720
1133 1369 115
495 1303 1190
1695 998 1983
1695 1237 1983
521 115 1226
521 1369 115
1057 691 1226
1052 1057 691
1052 1057 1449
1964 1449 222
1964 736 691
1964 1052 691
24 1552 1194
1818 1754 4
1509 1344 210
1509 1608 210
1509 1344 1705
1315 1608 1666
171 695 4
1868 695 1666
1868 1338 695
1601 1932 567
1601 530 567
1601 530 1480
1601 672 1480
1601 672 1932
1603 1056 567
1603 1056 1230
1217 1230 116
1155 281 811
1965 1550 1652
1965 705 1652
1388 1843 1448
1388 808 1843
1388 705 808
1284 1609 1550
1284 1923 930
1284 1609 930
1576 1843 1448
1576 2013 1843
1576 1159 1448
1576 1159 778
316 1923 930
1406 1932 116
1406 672 1932
1486 468 1292
1486 577 1292
1959 1953 1423
1959 1027 1423
1257 509 1027
919 861 87
919 232 87
919 447 2026
2034 843 1861
2034 1994 1861
2034 843 730
2034 1994 730
1491 52 1190
1583 495 1303
1270 150 998
242 521 1034
242 521 1369
988 1052 1449
988 1964 1449
988 1964 1052
397 1964 222
1278 1194 1371
1278 1552 1194
1278 1155 1371
1278 1552 1441
1278 1155 1441
62 84 1371
62 1460 1371
741 521 1226
741 521 1034
1607 1613 1350
1023 1607 1613
1023 1607 1294
1047 1818 1754
1047 1754 922
1047 1975 922
1047 1975 1667
312 1562 1389
312 1562 445
916 1578 257
916 1868 1338
916 1578 538
916 1868 538
157 1613 257
581 1509 1608
581 1315 1608
581 1509 1705
581 538 1705
137 1315 1666
137 1868 538
137 1868 1666
137 581 538
137 581 1315
1936 171 695
1936 1338 53
1936 1338 695
1824 1818 4
1824 171 4
1495 1603 1648
1495 1603 1230
1645 1572 1915
1645 1572 711
962 1155 811
962 1155 208
966 1592 534
1422 341 666
1422 341 1138
590 275 1511
590 1362 1511
1059 1155 208
1353 341 1138
1353 281 811
1353 341 281
1812 2006 1832
1812 2006 1767
2004 1975 1667
2004 59 1975
1634 211 1832
1634 1812 1832
1634 1812 59
1596 621 757
833 757 1452
1633 1362 1511
1793 1157 635
872 1460 635
936 62 1460
752 1159 1448
752 1965 705
752 1388 1448
752 1388 705
752 1609 1550
752 1965 1550
156 87 1656
156 232 87
156 2013 1656
156 1576 2013
1082 1576 778
1082 156 1576
3 377 1536
2042 1689 1746
1644 955 1746
1644 955 1317
600 2026 730
600 447 2026
1375 672 1628
1375 1406 672
1375 1628 1550
1375 1284 1550
1375 1406 1284
319 621 757
319 757 1452
878 1733 2003
878 1733 1953
6 232 1317
6 919 232
6 919 447
6 600 1317
6 600 447
1249 919 2026
1249 919 861
1054 1257 1106
398 1534 1140
1162 147 1605
634 495 1190
634 1491 1190
634 1583 495
390 1303 14
390 150 14
390 109 1091
1189 109 1091
1189 390 1303
1189 390 109
1713 1189 1091
1713 1583 1303
1713 1189 1303
917 380 413
1569 1695 998
1626 1237 1983
1626 839 1983
37 1626 1237
989 839 1350
339 989 1350
884 469 839
1147 333 736
1840 1224 254
1978 1281 690
1978 1281 24
1690 24 1552
1690 1281 24
1690 1552 1441
167 24 1194
167 1978 24
167 1978 769
523 1460 635
291 822 151
840 96 506
580 93 1980
580 93 1107
1200 741 515
1200 1057 1226
1200 741 1226
170 1057 1449
170 1200 1057
170 1200 785
1416 1074 515
1416 1200 515
912 1047 1667
912 1047 1818
1428 312 445
86 916 257
86 916 1338
86 157 257
1325 157 1613
1325 306 877
1325 1023 1613
1325 306 1023
911 973 545
911 1723 545
911 1723 622
911 622 1389
1864 790 1915
1864 790 836
1864 1572 1915
1864 1572 836
1026 3 1536
1026 3 317
15 790 464
15 317 464
15 790 836
648 1346 1539
648 1645 711
648 711 922
1420 1346 1539
1963 1572 711
1963 528 1572
1963 49 528
777 1645 1915
777 648 1539
777 648 1645
419 913 888
1145 962 888
1145 962 208
1797 962 888
426 84 1371
426 1927 1371
117 1927 1371
1512 888 1371
1512 805 1371
1910 1944 1371
1022 1654 1374
1022 1288 1654
696 700 1374
11 275 1511
923 310 254
923 1909 310
923 1840 254
488 1688 41
488 774 1625
488 1530 41
488 1530 1625
734 310 1688
734 310 254
734 488 1688
734 488 774
734 1654 254
734 774 1654
1947 1833 1288
1947 1833 1935
1947 1530 1625
1947 1530 1935
592 1288 1654
592 774 1654
592 1947 1288
592 774 1625
592 1947 1625
154 341 666
533 341 281
533 154 341
533 1425 254
826 700 1374
826 1654 1374
826 154 700
826 1654 254
826 1425 254
13 1812 59
13 2004 59
391 2006 1438
391 2006 1767
929 818 779
929 818 1255
1627 818 1438
1627 818 779
1627 671 779
853 97 559
853 97 1173
853 1362 559
10 400 2003
1800 833 757
1800 1596 757
1800 1596 1993
36 872 1891
1673 872 1891
1673 1793 635
1673 872 635
1779 1957 1599
1779 1162 1599
1779 58 1709
1651 1422 275
1651 590 275
665 1159 778
224 3 377
224 385 377
224 316 1616
1996 377 40
1996 2042 40
2002 1689 77
667 1644 1317
1766 600 730
1589 857 1452
1589 319 1452
1589 857 577
1589 577 1292
1794 319 621
1844 1959 1953
1844 878 1953
1844 878 2003
920 1027 1423
920 509 1027
1796 1054 1257
539 1844 1959
539 1844 1534
539 1959 1027
539 1534 1140
539 1796 855
539 1257 1027
539 1796 1257
645 1994 1861
645 843 1861
645 843 2026
645 1249 2026
1969 1249 861
1979 920 509
1979 920 1158
1979 1257 1106
1979 1257 509
354 475 1647
1087 1957 1599
1087 354 1957
1087 354 475
617 398 1534
347 645 1994
347 645 1041
347 1994 730
347 1504 730
997 741 1034
997 741 515
997 1074 515
751 1416 1074
1737 1491 52
798 390 1091
798 1713 1091
798 1270 150
798 390 150
1806 380 413
683 1569 998
1468 1569 1695
1862 469 839
1862 1626 839
1862 37 1626
379 2030 1917
1481 1773 1379
72 989 839
1125 1147 736
1125 1964 736
1125 397 1964
111 397 222
111 822 151
1225 333 736
1225 1688 41
1225 736 41
1178 744 1341
1540 1840 596
1540 744 596
1268 1690 1441
1268 1690 1281
1268 96 506
1268 1281 506
1039 1341 1285
1039 744 1341
1039 96 1285
1039 1268 96
1039 1268 1441
1039 1540 1441
1039 1540 744
1637 671 768
1637 1627 1438
1637 1627 671
1637 1859 211
1637 2006 1438
1637 2006 1832
1637 211 1832
1376 1859 211
1376 59 1975
1376 1634 59
1376 1634 211
197 167 1194
197 167 769
197 523 1460
197 1194 1371
197 1460 1371
381 1978 690
1792 291 151
1792 96 1285
1938 840 506
1938 1281 506
1385 368 785
1385 170 785
1385 1449 222
1385 170 1449
500 111 222
500 111 822
500 1385 222
500 1385 368
1521 1871 1818
1496 1338 53
1496 1522 53
1496 86 1338
653 86 157
653 1496 86
653 1496 1522
1774 1522 53
1331 1723 622
1331 1316 622
1331 1316 877
1998 312 1389
1998 933 1389
1575 933 973
1575 462 973
1575 1824 171
1575 462 171
1525 933 973
1525 911 973
1525 933 1389
1525 911 1389
1761 1936 53
1761 1936 171
1761 462 171
1761 462 973
353 1217 1230
1396 1495 1230
1396 353 1230
1396 353 22
1886 15 317
1886 3 317
1886 1616 836
1886 15 836
1886 224 1616
1886 224 3
21 648 922
21 648 1346
21 1157 635
21 1975 635
21 1975 922
1306 21 1157
1306 21 1346
394 790 1915
394 777 1915
1655 1420 1346
1655 1306 1346
255 1673 1891
255 1673 1793
1289 1420 1638
1289 1655 1420
823 1963 711
823 711 1826
823 1963 49
823 1826 567
823 1603 567
823 1603 1648
823 49 1648
1670 217 888
1670 419 888
159 419 913
717 1145 888
717 1145 208
717 1059 208
717 404 1059
717 888 1371
717 404 1371
1312 217 888
1312 1797 888
588 1944 1371
588 117 1371
585 805 1371
585 1910 1371
136 1910 1944
1477 1032 1803
1243 696 700
1768 1422 275
1768 11 275
1768 1422 666
1768 1243 666
1768 1243 11
603 1059 1155
603 404 1059
603 1155 1371
603 404 1371
985 1909 968
1197 1224 254
1197 533 254
1197 1224 281
1197 533 281
756 826 1425
756 826 154
756 533 1425
756 533 154
1918 1812 1767
1918 13 1812
1918 55 1767
830 2004 1667
830 13 2004
977 391 1438
977 818 1438
423 55 1767
423 391 1767
1013 580 1107
2018 929 1255
1660 857 1452
1660 403 1452
1660 857 577
1820 853 1173
1600 1633 1362
1600 853 1362
1600 1800 1993
1405 1486 577
1405 1660 577
1405 1660 831
279 1486 468
279 1733 2003
279 468 364
279 1733 364
1179 1596 621
187 1253 41
187 1253 152
1783 36 993
350 36 993
350 36 872
725 1919 936
725 1110 936
725 809 1919
725 809 1110
1782 1592 1605
1782 1709 1592
1364 1162 1605
1364 1779 1162
1364 1782 1605
1364 1779 1709
1364 1782 1709
1390 1362 559
1390 97 559
1399 58 1709
340 752 1159
340 1623 1159
340 1623 77
340 1609 77
340 752 1609
363 1623 1159
363 665 1159
363 665 955
363 955 1746
363 1689 1746
363 1689 77
363 1623 77
783 1082 778
783 665 778
2046 316 930
2046 224 316
2046 224 385
2046 1609 930
327 2042 1689
327 1996 2042
327 1996 377
327 2002 1689
327 385 377
327 2002 385
964 1609 77
964 2002 77
964 2002 385
714 594 40
714 594 1644
714 1644 1746
714 2042 1746
714 2042 40
2009 1766 600
2009 600 1317
2009 667 1317
1698 594 1644
1698 667 1644
1698 2009 456
1698 2009 667
885 1026 1536
885 1584 1536
800 1584 1067
800 594 40
800 377 40
800 377 1536
800 1584 1536
1516 800 1067
1 1589 319
1 1794 319
1 1589 1292
1 1794 1292
481 1844 1534
481 10 2003
481 1844 2003
556 551 396
1877 920 1158
1877 861 1423
1877 920 1423
193 645 1249
193 1969 1249
193 645 1041
193 1041 396
193 551 396
193 1969 551
972 799 1564
972 2023 1564
972 1777 103
972 2023 103
284 1979 1158
284 556 1158
284 1699 1106
284 1979 1106
476 539 1140
476 539 855
1272 1087 475
1272 799 114
1272 799 1564
1272 728 114
680 1513 812
680 617 1534
680 617 1513
1517 476 1140
1517 398 1140
1517 617 398
1517 728 135
478 617 58
478 1517 1647
478 1517 617
348 347 1546
348 1546 103
348 921 103
1842 1848 611
425 1848 611
425 1699 1106
425 1054 1106
425 1054 611
1692 347 1041
1692 347 1546
1692 1041 396
1692 1842 1546
1328 997 1074
1328 751 1074
1328 751 1259
1311 1007 747
1311 1615 747
1311 1615 607
1311 1713 1583
1311 1007 1583
1958 1806 380
1958 1806 978
732 379 1917
1012 732 1917
1012 1806 485
321 1012 1917
269 2030 1917
1395 683 1048
1395 683 1569
1395 1468 1048
1395 1468 1569
1714 683 1048
1884 379 2030
2021 1862 469
2021 1862 37
2021 379 37
433 884 469
433 629 469
433 1020 629
433 389 413
433 1020 413
1004 339 989
1004 1380 339
1004 989 1379
1004 1380 1379
1473 1773 1379
1473 1380 1379
129 1562 1389
129 622 1389
129 1316 622
166 1481 445
166 129 1665
166 1562 445
166 129 1562
1192 989 1379
1192 72 989
1192 1481 1379
1716 884 2008
1716 884 839
1001 1225 1763
2022 111 151
2022 1792 151
2022 1792 1285
432 837 1341
1506 1909 310
1506 837 1909
1614 837 1341
1614 1178 1341
1614 1178 968
1614 1909 968
1614 837 1909
1209 1840 1224
1209 1540 1840
1209 1224 281
1209 1155 281
1209 1155 1441
1209 1540 1441
1541 1637 1859
1541 1637 768
1218 197 523
1218 381 523
673 1466 580
673 822 1980
673 580 1980
673 291 822
673 1466 291
939 1466 840
939 1466 580
939 1013 580
939 1938 840
1860 840 96
1860 1466 840
1860 1792 96
1860 1792 291
1860 1466 291
874 368 785
874 1200 785
874 1416 1200
874 1030 1416
1222 93 1107
1222 2018 1058
1694 751 1416
1694 1030 1416
1694 751 1058
1694 1222 1058
1694 1030 93
1694 1222 93
487 1918 55
487 185 55
513 487 453
513 487 1918
265 1428 312
1671 1958 380
1671 1202 1096
1510 1325 157
1510 653 157
1510 653 1522
1510 1774 1522
1201 1774 53
1604 1201 545
1604 1201 1774
1604 1325 877
451 1575 1824
1330 353 1217
1330 1284 1923
1330 1406 1284
1330 1217 116
1330 1406 116
1661 353 22
1661 1330 1923
1661 1330 353
1661 316 1923
1661 316 1616
1661 1616 836
1661 22 836
848 1495 1648
848 1396 1495
848 49 1648
848 1396 22
1545 790 464
1545 394 790
566 317 464
550 1256 238
550 2015 238
550 1783 993
550 350 993
550 350 1919
1384 1306 1157
1384 1655 1306
1384 1793 1157
1384 1655 1000
1384 255 1793
1903 1655 1000
1903 1289 1655
406 1797 962
1874 117 1927
1874 399 1927
1874 588 117
1149 913 888
1132 585 1910
1132 136 1910
1551 1651 1422
1551 1422 1138
1551 1477 1138
644 1833 1935
644 1530 1935
644 1530 41
644 1253 41
248 863 561
248 863 942
248 696 1374
248 942 1374
1856 1253 152
1856 863 152
1856 863 942
1856 644 1253
1856 942 1833
1856 644 1833
1677 1833 1288
1677 942 1833
1677 1022 1288
1677 1022 1374
1677 942 1374
737 1243 666
737 1243 700
737 154 666
737 154 700
1493 923 1909
1493 985 1909
1493 985 596
1493 1840 596
1493 923 1840
1946 1178 744
1946 744 596
1946 985 596
1946 1178 968
1946 985 968
219 818 1255
219 977 818
219 235 1255
797 423 55
2035 1013 929
2035 381 690
2035 381 768
2035 671 768
2035 671 779
2035 929 779
1988 751 1058
1981 2018 929
1981 1013 1107
1981 1013 929
1981 1222 1107
1981 1222 2018
1266 2018 1255
1266 235 1896
1266 235 1255
1266 1259 1896
1266 2018 1058
1266 1988 1058
1266 751 1259
1266 1988 751
1239 1660 831
1239 400 2003
1239 279 2003
1239 279 831
230 1660 403
230 847 812
230 680 812
322 1820 853
322 833 1452
322 833 721
610 403 1173
610 1820 1173
610 403 1452
610 322 1452
610 322 1820
646 1405 1486
646 1405 831
646 279 1486
646 279 831
1457 1179 621
246 863 561
1555 1243 696
1555 248 561
1555 248 696
1907 1243 11
1907 395 11
1907 1555 1243
1907 1555 561
1907 246 561
1907 246 395
106 395 1120
106 1633 1511
106 11 1511
106 395 11
1086 36 1891
1086 1783 36
1086 550 1783
1086 550 2015
1219 1289 1638
1219 2015 238
1219 1086 1289
1219 1086 2015
1219 1545 1638
1219 1256 238
1219 1545 1256
713 1919 936
713 350 1919
713 936 1460
713 872 1460
713 350 872
1724 590 1362
1724 1390 1362
1724 1651 590
706 847 97
706 847 812
706 1513 812
706 1764 1513
9 783 1082
9 156 232
9 1082 156
1141 783 665
1141 955 1317
1141 665 955
553 2046 385
553 964 385
553 2046 1609
553 964 1609
889 2023 1564
180 921 103
180 921 1885
180 2023 103
1084 1766 730
461 800 594
461 1516 800
461 1698 594
866 1487 1067
866 1516 1067
1892 113 824
1892 64 824
1892 64 434
1892 1504 434
1892 1504 730
1892 1084 730
1240 556 396
1240 1692 396
1240 1842 1848
1240 1692 1842
503 556 551
503 1877 861
503 556 1158
503 1877 1158
503 1969 861
503 1969 551
1533 972 1777
1533 972 799
1474 1796 1054
1474 1465 1054
558 1465 1054
558 1465 135
558 1054 611
558 135 611
987 1517 135
987 1517 476
1028 475 1647
1028 1272 475
1570 728 114
1570 728 135
1570 135 611
1336 617 58
1336 617 1513
1336 1764 1513
1129 354 1647
1129 478 1647
76 1779 58
76 478 58
76 1779 1957
76 1129 478
76 354 1957
76 1129 354
110 347 1504
110 348 347
110 348 921
110 1504 434
110 1885 434
110 921 1885
1527 1842 1546
1527 1777 103
1527 1546 103
1498 1240 1848
1498 1240 556
1498 284 1699
1498 284 556
873 1328 1259
873 1328 997
873 1787 997
1770 798 1713
1770 1475 1713
1770 798 1270
496 1270 998
496 1770 1270
496 1770 1475
927 1311 607
927 1475 1713
927 1311 1713
716 1296 389
716 1481 445
716 1296 445
846 1428 917
846 1428 445
846 1296 445
1021 1296 389
1021 846 917
1021 846 1296
190 732 379
190 2021 379
190 1012 485
190 1012 732
190 2021 469
190 629 469
190 1020 485
190 1020 629
181 1806 978
181 1012 1806
181 321 1012
526 1259 1896
526 873 1259
526 873 98
179 1007 747
2005 1468 1048
2005 1560 1048
1685 423 2040
1685 797 337
1685 797 423
568 321 1917
568 269 1917
373 1615 607
373 1560 1615
1113 1884 379
19 1020 413
19 1020 485
19 1806 413
19 1806 485
45 884 2008
45 433 2008
45 433 884
1602 1665 1773
970 129 1316
970 129 1665
970 183 1665
212 1023 1294
212 915 1294
212 915 1759
212 306 1023
212 183 306
48 183 1665
48 1602 1665
48 212 183
48 212 1759
651 449 1481
651 1192 1481
651 1192 72
651 449 2008
651 1716 2008
1302 1481 1773
1302 166 1481
1302 1665 1773
1302 166 1665
467 1001 111
467 2022 1393
467 2022 111
682 1001 111
682 1147 333
682 1225 333
682 1001 1225
682 111 397
682 1125 397
682 1125 1147
1055 2022 1285
1055 2022 1393
1055 1341 1285
1055 432 1341
198 1055 432
198 1055 1393
198 467 1393
198 467 1001
649 310 1688
649 1506 310
649 1225 1688
649 1225 1763
1085 198 432
1085 1001 1763
1085 198 1001
806 1085 1763
1130 523 635
1568 381 523
1568 1541 523
1568 381 768
1568 1541 768
738 381 1978
738 1218 381
738 1978 769
738 197 769
738 1218 197
1676 939 1938
1676 1281 690
1676 1938 1281
1676 939 1013
1181 93 1980
1181 1030 93
1181 874 1030
405 500 368
405 874 368
405 1181 874
405 1181 1980
405 822 1980
405 500 822
838 337 637
578 487 185
1760 513 453
1760 1521 1096
1760 453 1096
452 912 1667
452 830 1667
1335 265 1428
1335 917 380
1335 1428 917
1679 1201 545
1679 973 545
1679 1761 973
1679 1761 53
1679 1201 53
1413 1723 545
1413 1604 545
1413 1604 877
1413 1331 877
1413 1331 1723
32 1604 1325
32 1604 1774
32 1510 1325
32 1510 1774
323 1824 1818
323 451 1824
323 1871 1818
323 451 1871
2028 451 1575
2028 1998 933
2028 1575 933
2028 451 1871
1664 49 528
1664 848 49
1664 1572 836
1664 528 1572
1664 22 836
1664 848 22
1850 1545 394
1850 394 777
1850 1420 1638
1850 1545 1638
1850 1420 1539
1850 777 1539
378 566 464
378 566 1256
378 1545 464
378 1545 1256
1400 1026 317
1400 566 317
1400 885 1026
575 550 1256
575 550 1919
575 809 1721
575 809 1919
1206 1384 1000
1206 1384 255
1206 255 1891
1878 159 913
1878 1838 913
740 1353 1138
740 784 1353
750 740 784
750 1778 1138
750 740 1138
335 159 419
335 1658 159
693 1658 159
1006 1167 1199
1006 1353 811
1006 1199 1353
536 1312 217
536 1952 1312
616 1952 1312
153 628 1359
270 1874 588
270 1874 399
1788 1149 913
120 356 888
120 880 888
820 585 805
820 1132 585
820 1512 805
820 1132 136
678 1477 1803
192 1032 1803
192 678 1803
192 678 1156
192 532 1032
192 1156 532
1853 1262 1778
1853 272 1579
1816 1778 1138
1816 1477 1138
1547 1551 1477
1547 1032 966
1547 1477 1032
1547 966 534
1547 1651 534
1547 1551 1651
1502 423 391
1502 977 391
1502 219 977
1502 423 2040
1502 235 2040
1502 219 235
207 797 337
207 838 337
207 185 55
207 797 55
207 578 185
1789 230 403
1789 230 847
1789 847 97
1789 97 1173
1789 403 1173
268 230 680
268 10 400
268 481 10
268 481 1534
268 680 1534
1204 1239 1660
1204 230 1660
1204 268 230
875 1600 853
875 322 853
875 322 721
875 833 721
875 1800 833
875 1600 1800
1956 106 1633
1956 106 1120
1451 1457 1112
1451 187 41
1451 187 1112
1451 1794 621
1451 1457 621
886 246 863
886 395 1120
886 246 395
1940 1086 1289
1940 1903 1000
1940 1903 1289
1940 1206 1000
1940 1086 1891
1940 1206 1891
709 809 1721
709 1719 16
1484 1719 84
1484 62 84
1484 709 1719
1484 936 62
1484 1110 936
1484 809 1110
1484 709 809
938 1162 147
938 663 1162
1672 1087 1599
1672 1272 1564
1672 1272 1087
1672 889 1564
329 1399 943
329 1399 1709
329 1592 534
329 1709 1592
273 1390 943
273 1724 1390
273 329 943
273 1724 1651
273 1651 534
273 329 534
712 1390 943
712 1399 943
712 1390 97
712 706 97
1323 1141 783
1323 9 232
1323 9 783
1323 232 1317
1323 1141 1317
1854 889 2023
1854 180 1885
1854 180 2023
1700 1698 456
1700 461 1698
1700 113 824
450 461 1516
450 1700 824
450 1700 461
974 1892 113
974 1892 1084
974 1700 456
974 1700 113
974 2009 456
974 2009 1766
974 1084 1766
595 1796 855
595 1474 1796
1612 1028 1647
1612 1517 1647
1612 1517 728
1612 1272 728
1612 1028 1272
100 1842 611
100 1527 1842
100 1570 114
100 1570 611
100 799 114
100 1527 1777
100 1533 1777
100 1533 799
61 425 1848
61 1498 1848
61 425 1699
61 1498 1699
1619 873 98
1619 873 1787
1424 619 99
1424 619 1737
1424 1007 1583
1424 179 1007
1424 179 1515
1424 1737 1491
1424 634 1491
1424 634 1583
57 619 1737
57 1133 1369
57 1133 52
57 1737 52
57 242 1034
57 242 1369
995 496 1475
995 927 607
995 927 1475
995 1714 607
995 1714 683
995 683 998
995 496 998
1439 716 389
1439 449 1481
1439 716 1481
1177 389 413
1177 1021 389
1177 917 413
1177 1021 917
498 181 978
498 838 637
498 838 978
498 181 321
498 568 637
498 568 321
75 526 98
75 1619 99
75 1619 98
1920 1424 1515
1920 1769 99
1920 1424 99
392 1615 747
392 179 747
392 1560 1615
47 2005 1468
47 1884 2030
47 1884 1468
414 1685 2040
414 235 1896
414 235 2040
442 568 269
442 568 274
442 742 274
1151 1714 607
1151 373 607
1151 373 1560
1151 1560 1048
1151 1714 1048
598 1113 1237
598 1113 1884
598 1695 1237
598 1468 1695
598 1884 1468
233 379 37
233 1113 379
233 37 1237
233 1113 1237
490 1473 1773
490 1602 1773
490 1380 339
490 1473 1380
1757 183 306
1757 970 183
1757 306 877
1757 1316 877
1757 970 1316
71 1607 1294
71 915 1294
71 1607 1350
1354 915 1759
1706 651 72
1706 651 1716
1706 72 839
1706 1716 839
605 649 1763
605 649 1506
845 432 837
1801 1506 837
1801 605 1506
1801 806 1763
1801 605 1763
1880 1541 523
1880 1130 523
1784 2035 1013
1784 1676 1013
1784 2035 690
1784 1676 690
1170 1671 1958
1170 487 453
1170 578 487
1170 453 1096
1170 1671 1096
417 1958 978
417 838 978
417 1170 1958
417 1170 578
417 207 838
417 207 578
429 1760 513
429 452 513
429 452 912
429 1760 1521
429 912 1818
429 1521 1818
253 830 13
253 452 830
253 1918 13
253 513 1918
253 452 513
1791 1295 265
1791 1998 312
1791 265 312
796 1335 265
796 1295 265
796 1295 1202
796 1671 1202
796 1671 380
796 1335 380
802 1400 885
802 1400 566
555 784 1353
262 784 1889
262 750 784
262 750 858
262 159 858
262 693 159
1356 693 1658
1828 1006 811
1501 153 628
1501 1006 1167
1501 66 628
780 332 1049
780 1828 1006
780 66 1049
780 1501 1006
780 1501 66
948 406 1797
26 160 1359
26 628 1359
26 948 406
26 948 160
694 332 1049
694 305 1049
694 305 332
1611 631 1044
1611 616 631
1611 677 1044
867 1752 1312
867 616 1312
867 616 631
471 588 1944
471 270 1944
471 270 588
234 278 888
1556 951 256
1741 1324 888
1507 1734 951
1986 954 1221
83 1853 272
83 1853 1778
83 750 858
83 750 1778
1174 1156 532
935 678 1477
2019 678 1156
1334 1262 1778
1334 1816 1778
1334 1816 1477
1300 268 400
1300 1204 268
1300 1239 400
1300 1204 1239
1250 1457 1179
1250 1457 1112
1945 863 152
1945 187 152
1492 1945 1073
1492 187 1112
1492 1945 187
924 1956 1633
924 1600 1993
924 1600 1633
924 1345 1993
325 924 1956
325 924 1345
647 1345 891
647 1250 1179
647 1250 142
647 1179 1596
647 1596 1993
647 1345 1993
1967 886 863
1967 1945 863
1967 886 1120
564 709 1721
2047 706 1764
2047 712 706
2047 1336 58
2047 1336 1764
2047 1399 58
2047 712 1399
145 280 889
369 280 1719
369 399 1927
369 426 1927
369 270 399
369 426 84
369 1719 84
1911 1672 889
1911 280 889
1911 280 663
1911 1672 1599
1911 1162 1599
1911 663 1162
1203 866 1516
1203 450 1516
1203 450 824
1203 302 866
643 302 427
643 1203 302
643 1885 434
643 64 434
643 64 824
643 1203 824
2017 302 427
1351 866 1487
1351 302 866
1351 2017 16
1351 2017 302
1577 1465 135
1577 987 135
1577 1474 1465
1577 595 1474
1997 1619 1787
1997 57 619
1997 619 99
1997 1619 99
1972 1439 389
1972 1439 449
1972 433 389
1972 433 2008
1972 449 2008
748 526 133
748 75 526
748 89 133
748 1769 679
748 89 679
864 392 1560
864 2005 1560
864 742 679
864 742 2005
864 1769 679
864 1920 1769
563 742 2005
991 742 679
991 89 679
991 89 1991
991 701 1991
1361 1685 337
1361 568 274
1361 337 637
1361 568 637
1948 89 133
609 48 1602
609 490 1602
609 48 1759
1663 71 1350
1663 71 915
1663 1354 915
1663 339 1350
1663 1354 339
1710 845 837
1710 1801 837
1710 1801 806
1567 806 1085
1567 1085 432
1567 845 432
1567 1710 806
1567 1710 845
527 1541 1859
527 1376 1859
1088 1791 1295
1088 1202 1096
1088 1295 1202
1088 1521 1096
1088 1521 1871
1088 2028 1871
1088 2028 1998
1088 1791 1998
239 575 1721
239 564 1721
908 555 784
1657 555 1353
1290 23 1753
688 335 1658
688 1356 1658
869 1501 153
1236 536 217
1327 688 1356
1327 335 419
1327 688 335
1906 262 1889
1906 262 693
437 784 1889
1943 780 332
1943 962 811
1943 332 962
1063 160 1858
1063 1752 1858
1103 66 628
1103 26 628
1103 1883 305
1103 305 1049
1103 66 1049
1809 332 962
297 305 332
297 1809 332
297 1809 1883
1795 1611 677
770 153 1359
770 146 153
1062 1752 631
1062 146 153
1062 770 1752
1062 770 146
1062 869 153
813 1752 631
813 867 1752
604 356 888
604 234 888
890 1556 951
890 1734 951
890 1838 913
890 1734 858
593 1032 966
1621 1512 888
1621 626 888
1928 1324 888
1928 626 888
162 880 888
162 1741 888
1974 1741 1324
548 966 1592
548 147 1605
548 1592 1605
975 532 1032
975 593 1032
149 1712 909
1839 1454 1734
1839 954 1221
455 825 1986
662 945 909
1280 935 678
1280 2019 678
1280 935 1279
1643 2019 1156
1831 1334 1262
1231 1345 891
1231 325 1345
1893 1956 1120
1893 325 1120
1893 325 1956
1866 1967 1120
1866 1945 1073
1866 1967 1945
1624 1854 1885
1624 1854 889
1624 145 889
1624 643 1885
1624 643 427
418 145 280
418 280 1719
418 2017 427
1987 280 663
1987 369 280
1987 938 663
2039 564 709
2039 709 16
2039 1351 16
2039 564 1487
2039 1351 1487
1847 1577 987
1847 1577 595
1847 595 855
1847 476 855
1847 987 476
214 1997 57
214 997 1034
214 57 1034
214 1787 997
214 1997 1787
1687 748 1769
1687 748 75
1687 1769 99
1687 75 99
573 864 392
573 179 1515
573 392 179
573 1920 1515
573 864 1920
1814 47 2005
1814 563 2005
1814 47 2030
1814 269 2030
128 442 742
128 563 742
128 442 269
128 563 269
499 742 274
499 991 742
499 991 701
499 1361 274
499 1361 701
1566 701 1991
1566 1361 701
1566 414 1685
1566 1361 1685
220 1948 133
220 526 1896
220 526 133
220 414 1896
220 1948 414
226 1354 1759
226 609 1759
226 609 490
226 490 339
226 1354 339
1725 1880 1541
1725 527 1541
1725 1880 1130
130 527 1376
130 1376 1975
130 1725 1130
130 1725 527
130 1975 635
130 1130 635
1094 802 566
1094 239 802
1094 239 575
1094 566 1256
1094 575 1256
1071 564 1487
1071 239 564
1071 885 1584
1071 802 885
1071 239 802
1071 1584 1067
1071 1487 1067
1937 1199 1353
1937 1657 1353
237 1501 1167
237 869 1501
1728 1670 217
288 1828 811
288 1943 811
1119 780 1828
1119 1943 780
1119 288 1828
1119 288 1943
1897 948 160
1897 1063 160
1897 948 1797
1246 1103 1883
1246 406 962
1246 1883 962
1246 26 406
1246 1103 26
794 1883 962
794 1809 962
794 1809 1883
121 1883 305
121 297 305
121 297 1883
384 1611 616
384 616 1952
384 1795 1952
762 1752 1858
762 770 1752
1271 1062 869
1271 631 1044
1271 1062 631
1271 677 1044
1271 1538 677
944 867 631
944 813 631
944 813 867
1707 890 913
1707 890 1556
1707 1462 1556
1707 1788 913
1040 890 858
1040 890 1838
1040 159 858
1040 1878 159
1040 1878 1838
440 1556 256
440 975 256
440 975 593
393 593 966
393 548 966
78 234 278
78 604 234
894 820 1512
894 1621 1512
225 1974 1324
225 1928 1324
1590 1621 626
1590 1928 626
300 120 356
1549 1033 410
726 803 858
1682 149 909
1682 1507 951
1414 1682 1507
1419 1839 1734
1977 1986 954
1977 825 272
795 1174 532
1182 455 1986
1182 1986 1221
512 272 1579
512 825 272
512 455 1075
512 455 825
313 1280 2019
313 1643 2019
313 1853 1579
313 1280 1279
313 512 1579
313 512 1643
947 1853 1262
947 1831 1262
947 313 1853
947 1831 1279
947 313 1279
259 1831 1334
259 935 1477
259 1334 1477
259 935 1279
259 1831 1279
430 1231 891
430 647 891
430 647 142
430 1231 1492
430 1250 142
430 1250 1112
430 1492 1112
1718 1492 1073
1718 1231 1492
1718 1866 1073
1718 325 1120
1718 1866 1120
519 1624 427
519 1624 145
519 418 427
519 418 145
1930 1719 16
1930 418 1719
1930 2017 16
1930 418 2017
1305 938 147
1305 1987 938
1305 548 147
1305 244 820
1305 1987 369
1305 820 136
1305 136 1944
1305 270 1944
1305 369 270
961 563 269
961 1814 269
961 1814 563
1161 89 1991
1161 1948 89
540 1948 414
540 1566 414
540 1161 1948
540 1566 1991
540 1161 1991
1378 1657 555
1558 1290 1753
1558 638 1753
107 237 1586
107 30 1678
1301 50 1670
1301 1728 1670
1037 1544 38
1298 1906 1889
343 30 1678
343 104 412
343 1037 412
343 1236 536
1459 1795 677
1459 1795 1952
459 1897 1797
459 1312 1797
459 1752 1312
1489 1795 1611
1489 384 1611
1489 384 1795
176 770 1359
176 762 1359
176 762 770
983 160 1858
983 762 1858
983 160 1359
983 762 1359
1890 237 869
1890 1271 869
108 1707 1788
108 1707 1462
1139 1462 1556
1139 440 1556
1139 108 1462
1029 393 593
789 1447 278
360 78 1635
360 1447 278
360 78 278
1537 78 604
851 1549 410
1283 505 410
1283 300 120
1283 300 410
586 1033 410
586 505 410
1630 120 880
982 1283 505
893 957 954
893 1839 954
893 1839 1454
979 957 954
979 83 858
560 149 256
560 1682 149
560 951 256
560 1682 951
1150 1419 1817
1523 1419 1817
1523 1419 1839
1464 825 1986
1464 1977 1986
1464 1977 825
2010 83 272
2010 1977 272
2010 1977 954
2010 979 954
1750 795 1174
1750 795 1322
1750 1554 1174
1750 1554 1322
1735 455 1075
1735 1554 1075
328 662 909
328 1712 909
328 1482 1712
438 1482 1322
438 795 532
438 795 1322
438 1482 1712
438 1176 1712
438 454 1176
438 975 532
438 454 975
910 1735 455
910 1735 1554
1914 1182 455
163 1182 260
163 1182 1221
1076 1839 1221
1076 163 1221
1076 163 849
1804 512 1643
1804 1174 1156
1804 1643 1156
1916 1231 325
1916 1718 325
1916 1718 1231
1244 908 555
1992 1378 555
1992 1378 1440
123 1378 1657
1050 1558 1290
1050 1558 638
1933 107 1586
1933 107 30
660 107 1678
660 343 536
660 343 1678
206 1459 1952
206 536 1952
206 660 536
1154 1937 1199
1154 293 1937
1154 293 990
1213 1124 1829
1691 1728 217
1691 1031 217
46 1037 412
46 1037 38
250 571 907
1731 437 1889
1731 1298 1889
1731 250 437
141 882 907
657 343 104
657 1989 613
657 343 613
1875 343 1037
1875 1301 50
1875 1544 50
1875 1037 1544
172 1538 677
172 1459 677
172 206 1538
172 206 1459
1775 459 1897
1238 108 1788
650 1788 1149
308 360 1447
1830 308 360
2016 604 356
2016 1537 356
2016 1537 604
243 1017 309
243 1017 1349
980 1537 78
980 78 1635
980 236 1635
980 357 54
980 357 324
980 65 324
1164 162 1741
1164 1730 1741
511 225 1974
511 1590 1621
511 225 1928
511 1590 1928
511 894 1621
511 894 820
810 851 1549
1193 357 324
1193 357 54
1193 300 356
1193 54 356
1434 1966 1265
1434 810 1265
1434 810 851
1434 851 410
1434 300 410
731 409 120
731 1630 120
301 1630 880
1024 1305 548
286 1283 120
517 979 957
517 726 1822
517 726 858
517 979 858
331 1851 803
331 803 858
331 1734 858
331 1454 1734
266 1851 803
266 726 1822
266 726 803
668 149 1712
668 1176 1712
668 975 256
668 149 256
143 1419 1734
143 1150 1419
143 1150 1414
143 1507 1734
143 1414 1507
422 1523 662
422 1523 1839
422 163 260
422 163 849
422 1076 1839
422 1076 849
702 1150 1414
702 1150 1817
702 1523 1817
729 662 945
729 1523 662
1835 979 83
1835 2010 83
1835 2010 979
1470 328 662
1470 422 260
1470 422 662
501 1554 1174
501 1804 1174
501 1554 1075
501 512 1075
501 1804 512
1758 1051 908
1758 1244 908
932 1992 1051
932 1758 1051
932 1758 1244
932 1244 555
932 1992 555
1267 1378 1440
1267 123 1378
829 237 1586
829 761 237
1505 1167 1199
1505 952 1199
618 1711 990
351 107 237
351 1890 237
351 1890 1271
351 1271 1538
351 206 1538
999 1290 23
252 1051 908
252 1992 1051
252 1050 1290
435 1213 1124
1036 293 535
1036 436 535
860 436 535
1799 1124 1829
1799 1999 1124
294 1383 227
215 46 412
132 733 1668
781 1184 1309
439 676 571
931 1245 463
931 1245 1742
1580 676 950
1580 931 1742
1580 676 571
158 250 907
1836 141 1906
1836 141 882
1008 1298 1906
1008 141 1906
654 343 1236
654 1875 343
654 1236 217
654 1031 217
1703 1301 1728
1703 1875 1301
1703 1691 1728
1703 1691 1031
1703 654 1031
1703 654 1875
615 1114 1962
615 1989 613
601 1282 1553
164 1282 104
164 601 1282
223 435 1124
1841 1999 1124
1841 1383 1124
1841 294 1383
1117 1463 914
69 1117 1463
1852 1897 1063
1852 1775 1897
1852 1775 459
1852 1063 1752
1852 459 1752
1585 1139 108
1585 1238 108
1585 1238 1139
1469 1697 1149
1123 1139 440
1003 963 440
1003 963 1680
1003 440 593
1003 1029 593
1003 674 1680
359 963 440
359 1123 440
1360 963 1680
1686 1447 1697
1686 1227 1447
2 789 1447
2 1227 1447
2 1686 1227
2 1686 1697
2 1697 1149
2 1149 888
2 278 888
2 789 278
965 1830 308
791 360 1635
791 1830 360
473 54 356
473 980 54
73 1447 1697
1045 243 393
1045 949 393
1045 949 1549
953 236 1349
953 236 1635
953 249 1635
1726 249 565
1726 791 1830
1726 249 1635
1726 791 1635
1348 980 65
1348 65 925
1348 925 1349
51 311 244
51 801 162
614 511 1974
892 511 1741
1025 244 820
1025 511 820
1674 810 1349
1674 810 243
597 810 1549
597 1045 1549
597 1045 243
1588 1193 324
1588 1193 1966
1446 925 1349
1446 901 1349
1446 65 925
1446 901 65
868 65 324
868 901 65
868 1588 324
868 1966 1265
868 1588 1966
1756 1193 1966
1756 1834 1966
1756 1193 300
1756 1834 300
1807 1834 1966
1807 1434 1966
1807 1834 300
1807 1434 300
1748 731 409
1337 126 1888
1337 1126 548
992 1908 1776
290 409 1776
290 56 1776
1543 56 1776
95 101 1888
640 949 393
640 393 548
640 1337 1888
640 1337 548
642 1908 1776
642 409 120
642 409 1776
282 517 1822
282 517 1851
282 266 1822
282 266 1851
1097 1597 957
1097 1597 1851
1097 517 957
1097 517 1851
408 331 1851
408 1597 1851
408 893 1454
408 331 1454
408 893 957
408 1597 957
507 454 1176
507 454 975
850 702 1414
850 702 1523
1165 945 909
1165 729 945
1165 1682 909
1165 1414 1682
1165 850 1414
1165 729 1523
1165 850 1523
767 1470 260
767 1182 260
767 1914 1182
865 328 1482
865 1470 328
817 902 123
817 1937 1657
817 123 1657
817 902 535
817 293 1937
817 293 535
723 902 535
723 902 221
723 1518 1669
723 860 535
723 860 1669
1825 1267 1440
27 1825 902
27 1825 1267
1205 1505 1167
1205 1505 952
2011 1102 1810
2011 1154 990
2011 618 990
2011 1102 761
346 1799 1999
346 1841 1999
1332 1799 1829
1332 1799 618
1332 618 1711
201 660 107
201 351 107
201 206 660
201 351 206
2048 1873 1090
2048 252 1873
2045 1050 638
2045 252 1050
2045 638 908
2045 252 908
342 1825 1440
1121 252 1992
1121 1992 1440
1121 342 1440
231 1184 1309
231 444 1309
1014 1036 293
1499 1014 1036
479 1128 569
776 860 1669
652 1213 2027
522 294 227
522 227 1586
522 829 1586
401 1247 1327
401 285 1247
401 1544 50
401 1326 1544
401 285 1326
1879 1282 1553
1879 215 1553
1879 1282 104
1606 285 1247
63 1544 38
173 1131 547
531 437 784
531 365 784
118 531 344
1811 365 2036
1811 531 365
1811 531 344
1701 1857 571
1701 931 463
1701 1580 571
1701 1580 931
1172 250 571
1172 1857 571
29 23 1753
139 457 1078
139 781 457
1453 569 1309
1453 781 1309
228 781 457
228 781 1184
228 493 1184
320 1275 547
320 1580 950
320 1131 950
320 1131 547
1781 1245 1742
1531 1731 250
1531 158 250
1531 1731 1298
664 1836 1906
664 375 1079
664 1906 693
1248 1836 882
1248 664 375
383 1008 141
383 141 907
383 158 907
1618 615 1989
1618 615 1114
1618 164 1114
1503 657 104
1503 164 104
1503 1618 164
1503 657 1989
1503 1618 1989
771 525 601
771 164 601
771 1276 525
1610 1383 227
175 227 1586
175 1933 1586
175 1610 227
606 1383 1124
606 223 1124
606 1117 914
852 1463 1962
852 69 1463
852 173 105
852 173 69
127 343 613
127 343 30
1593 719 613
1593 127 613
1308 1593 719
1308 127 928
1308 1593 127
1198 719 613
1198 615 613
1198 258 914
1443 1837 1064
1392 743 264
1629 743 650
1433 832 264
1433 1954 264
204 766 832
1520 1360 969
1520 674 969
1520 1003 1029
1520 1003 674
698 1238 1139
698 1123 1139
1005 359 1788
1005 1238 1788
1005 698 1238
1307 1360 1680
1307 1360 969
1307 674 1680
1307 674 969
90 308 411
90 965 308
981 1537 356
981 473 356
981 980 1537
981 473 980
630 73 407
669 73 984
25 1469 1697
1727 953 249
1727 953 1349
1727 1017 1349
205 1017 565
205 1726 565
1582 980 236
1582 1348 980
1582 236 1349
1582 1348 1349
497 51 244
862 1164 1730
862 1160 1730
862 497 1164
862 1160 244
1368 1164 162
1368 51 162
1175 1974 1741
1175 614 1974
1175 511 1741
1175 614 511
1961 892 511
1681 1160 1730
1681 1025 1730
1681 1160 244
1681 1025 244
1662 39 880
1662 162 880
1662 801 162
8 39 311
8 51 311
8 51 801
8 1662 801
8 1662 39
1488 301 880
1488 39 880
1561 243 1349
1561 1674 1349
1561 1674 243
428 810 243
428 597 243
428 597 810
1823 868 1265
1823 868 901
1823 901 1349
1823 810 1349
1823 810 1265
1636 290 409
546 1337 1908
546 1337 126
546 642 1908
502 992 1776
745 1337 1908
745 992 1908
841 91 311
841 311 244
841 1305 244
841 1024 1305
1598 1968 1630
1894 642 612
587 241 101
587 1251 241
587 101 1888
587 1251 1888
602 640 949
602 1591 612
602 642 612
1587 668 1176
1587 507 1176
1587 668 975
1587 507 975
1641 1914 455
986 1641 455
986 767 1470
986 767 1914
986 1641 1914
186 1482 1322
186 865 1482
905 723 221
905 723 1518
541 1267 123
541 27 1267
541 902 123
541 27 902
1081 2011 1810
1976 761 237
1976 2011 761
1976 237 1167
1976 1205 1167
1976 1205 952
1976 952 1199
1976 1154 1199
1976 2011 1154
1118 1841 294
1118 346 294
1118 346 1841
1196 1213 1829
1196 1332 1829
1196 1213 2027
81 2048 252
81 999 1290
81 252 1290
81 2048 655
708 2048 655
708 493 655
708 493 1184
708 2048 1090
708 1304 1090
708 231 1184
708 1121 1319
708 1304 1121
1872 342 1825
1765 252 1873
1765 1121 252
1765 1304 1121
1765 1873 1090
1765 1304 1090
1755 293 990
1755 1014 293
1882 860 436
1882 1499 860
1882 1036 436
1882 1499 1036
687 1499 860
687 776 860
687 776 758
296 1499 1014
296 1332 1711
296 1196 1332
735 569 1309
735 479 569
1532 735 479
1252 675 569
1252 675 652
1252 435 1213
1252 652 1213
959 773 569
959 675 569
1035 1195 829
1099 1195 294
1099 1195 829
1233 1327 419
1233 1670 419
1233 50 1670
1233 401 50
1500 215 412
1500 1879 215
1500 104 412
1500 1879 104
1127 1313 1168
1127 215 1553
1127 852 1962
1127 852 105
1329 1127 1168
956 1606 1247
956 1329 1606
956 1895 1131
956 1127 105
956 1329 1127
956 1247 1327
956 1131 950
956 1356 693
956 1327 1356
956 1079 950
956 664 693
956 664 1079
1352 215 46
1352 1127 215
1352 1127 1313
1557 63 1168
1557 63 38
1867 1245 463
1867 1061 463
245 1275 547
245 173 547
1436 1811 2036
1398 1701 1802
1398 1701 1857
420 250 437
420 1172 250
420 531 437
1134 118 1802
1134 1398 1802
1134 1172 1857
1134 1398 1857
189 132 1668
189 792 1753
189 29 1753
189 733 1668
189 29 733
1357 792 365
1357 908 784
1357 365 784
1357 638 908
1357 638 1753
1357 792 1753
203 139 781
203 1252 435
203 1252 569
1068 228 457
1720 228 856
1720 228 493
572 320 1580
2029 815 1245
2029 1781 1245
2029 815 856
2029 228 856
2029 228 298
1813 1079 950
1813 1186 1079
1813 676 950
338 1264 439
338 439 571
338 882 907
338 571 907
267 1186 1079
267 1485 1264
267 1186 439
267 1264 439
764 664 1836
764 1248 1836
764 1248 664
620 383 1008
620 1008 1298
620 1531 1298
620 1531 158
620 383 158
1273 771 1276
1273 164 1114
1273 771 164
1749 175 1610
474 1308 928
42 1610 1383
42 606 1383
1821 606 223
1821 223 435
1821 203 435
1821 139 1078
1821 203 139
727 69 1117
727 606 1117
727 457 1078
727 69 457
727 1821 1078
727 1821 606
946 258 719
946 1198 719
946 1198 258
421 1463 914
421 1198 914
421 1463 1962
421 615 1962
421 1198 615
775 1837 1064
692 599 685
1016 1443 1064
1016 1443 2025
739 1443 685
739 1443 1837
739 692 685
739 692 1837
431 599 685
431 1443 685
431 1951 2025
431 1951 599
1729 650 1788
1729 1629 650
318 204 766
1798 766 832
1798 1433 832
1798 318 766
1798 1433 1954
1187 743 650
1187 743 264
1142 1520 1029
1234 1951 599
746 448 155
484 359 1123
484 1005 359
484 698 1123
484 1005 698
1450 1053 1392
1450 1954 264
1450 1392 264
1450 1954 1941
1450 1360 1941
842 1629 743
842 1392 743
842 1053 1392
161 205 1017
554 73 984
554 630 984
554 630 73
489 73 1447
489 669 1447
489 669 73
1478 669 984
1478 458 984
1478 669 1447
1478 458 411
1696 765 599
1136 249 565
1136 1727 249
1136 1017 565
1136 1727 1017
1215 458 411
1215 161 205
1739 497 1164
1739 497 51
1739 1368 1164
1739 1368 51
1722 497 244
1722 862 244
1722 862 497
1343 1961 892
1343 1730 1741
1343 892 1741
1693 1025 511
1693 1961 511
1693 1343 1961
1693 1025 1730
1693 1343 1730
1430 1488 39
1242 1365 1636
1242 1636 409
1715 1636 290
1715 1365 1636
33 502 754
33 1337 754
33 745 1337
1394 303 1126
1394 1715 290
1394 1715 1365
1342 290 56
1342 1394 290
1342 1394 303
941 1543 1776
941 303 1126
941 502 1776
941 502 754
941 1337 1126
941 1337 754
576 759 301
35 759 301
926 1968 1630
1529 1894 642
125 241 101
125 95 101
1166 1108 82
1166 949 1549
1925 642 120
191 1293 241
1214 1293 241
1214 1251 241
1214 1251 1888
1214 640 1888
31 1554 1322
31 910 1554
31 910 455
31 986 455
31 865 1470
31 986 1470
334 1081 2011
1805 29 23
1805 29 655
1805 81 655
1922 708 1319
1922 708 231
1235 1755 990
871 1287 1499
1565 296 1014
1565 296 1711
1565 1235 1711
854 296 1196
854 1196 2027
854 773 2027
854 773 569
854 1128 569
1659 675 652
366 829 761
366 1035 829
196 522 294
196 1099 294
196 522 829
196 1099 829
589 401 1327
589 1233 1327
589 1233 401
574 1127 1553
1870 1329 1326
1785 1329 1326
1785 1326 1544
1785 63 1544
1926 1313 1168
1926 1557 1168
697 1557 38
697 46 38
697 1352 46
165 132 733
102 165 1581
1232 956 105
1232 956 1895
514 173 105
514 1595 173
542 1232 105
542 514 105
542 514 1595
625 173 1131
625 1595 173
625 1895 1131
625 1232 1895
625 542 1232
656 1811 344
656 1436 344
656 1436 1811
271 1701 1802
271 1061 463
271 1701 463
1373 271 1802
1373 271 1490
1373 118 344
5 165 1490
1143 420 1172
1143 1134 118
1143 1134 1172
299 792 132
299 189 132
299 189 792
1105 1532 735
1105 444 1309
1105 735 1309
352 758 1128
352 479 1128
1093 1453 781
1093 203 781
1093 1453 569
1093 203 569
755 228 298
755 1068 228
755 304 298
1931 572 304
1931 320 1275
1931 572 320
1865 1580 1742
1865 572 1580
1865 1781 1742
1865 572 1781
1869 304 298
1869 2029 298
1339 572 1781
1339 2029 1781
1339 572 304
1339 1869 304
1339 1869 2029
1745 1186 439
1745 1813 1186
1745 439 676
1745 1813 676
787 1485 375
787 1248 882
787 1248 375
787 338 1264
787 1485 1264
1472 375 1079
1472 1485 375
1472 267 1079
1472 267 1485
1228 1276 525
1228 1273 1276
1228 1273 1114
1228 1114 1962
1228 1127 1962
549 474 30
549 474 928
549 127 30
549 127 928
1900 1749 1370
1900 1749 175
658 1429 1610
658 1749 1370
658 1749 1610
1046 42 1610
1046 1429 1610
1046 1429 1683
1216 606 914
1216 42 606
1912 775 1072
1912 775 1837
1427 692 1837
1427 1469 1149
1427 1736 1149
2012 1443 2025
2012 431 2025
2012 431 1443
1318 318 994
1318 318 204
1318 724 204
1431 1798 318
1431 1954 1941
1431 1798 1954
1208 724 1072
1208 775 1072
1208 775 1064
472 402 138
472 448 544
472 448 138
7 1360 1941
7 1520 1360
7 1431 1941
1258 1208 1863
1790 650 1149
816 204 832
816 832 264
816 1187 264
315 724 1072
315 1912 1072
681 68 155
681 746 393
681 746 155
382 681 68
1009 448 155
1009 448 544
1702 1234 1116
1702 1234 1951
1702 1153 1116
1702 1153 1951
1467 1153 88
1939 746 448
1528 881 1144
1519 458 984
18 1528 1144
202 1144 407
202 881 1144
1408 308 1447
1408 1478 1447
670 308 411
670 1478 411
670 1408 308
670 1408 1478
1291 1153 1116
1291 1696 599
1291 1234 1116
1291 1234 599
562 1939 448
562 1939 393
562 243 393
562 243 309
1435 1215 411
1435 1215 205
1435 90 411
1435 90 965
1435 965 1830
1435 1726 1830
1435 205 1726
1402 1215 161
34 39 311
34 1430 39
34 91 311
34 35 91
34 35 301
34 1488 301
34 1430 1488
1649 1242 1365
659 745 992
659 33 745
659 502 992
659 33 502
295 1342 303
295 941 1543
295 941 303
295 1543 56
295 1342 56
1762 576 91
1762 722 1630
1211 35 91
1211 35 759
1211 576 91
1211 576 759
2007 1598 1968
2007 900 1598
591 900 1024
591 1126 548
591 1024 548
67 1598 1630
67 900 1598
67 900 1024
1111 926 1340
1646 731 1630
1646 926 1630
1152 1529 1894
1286 95 1888
1286 1529 95
1286 126 1888
1461 1894 612
1461 125 612
1461 125 1894
2001 125 241
2001 191 1591
2001 191 241
2001 1591 612
2001 125 612
1347 1166 1549
1347 1166 1108
704 982 1283
834 1925 642
1207 1263 120
1207 1925 120
1207 704 1263
967 1207 1925
177 602 1591
177 602 2043
1185 1214 640
1985 602 642
1985 960 602
699 31 865
699 186 1322
699 31 1322
1437 905 221
1437 1922 240
261 1642 240
261 1455 240
261 905 1518
261 1455 905
1471 2011 618
1471 334 2011
1542 999 23
1542 1805 23
753 81 999
753 1805 81
753 1542 999
753 1542 1805
184 1872 342
184 1437 1922
1653 1642 240
1653 1922 240
1653 1922 231
1772 1711 990
1772 1235 990
1772 1235 1711
584 1287 1499
584 326 1499
1732 854 1128
1732 854 326
1732 584 1287
1732 584 326
1573 687 1499
1573 871 1499
1982 871 1287
1982 1732 1128
1982 1732 1287
1740 1235 1755
1740 1565 1235
1740 1755 1014
1740 1565 1014
1855 296 1499
1855 854 296
1855 326 1499
1855 854 326
641 583 959
793 959 675
793 1659 675
793 583 959
793 641 2027
793 641 583
1010 652 2027
1010 1659 652
876 366 761
876 1102 1810
876 1102 761
287 601 1553
287 574 1553
1744 525 601
1744 287 601
1744 287 574
1397 1870 1326
1397 285 1326
1397 1606 285
424 1329 1606
424 1870 1329
424 1397 1606
424 1397 1870
633 63 1168
633 1785 63
895 1329 1168
895 1785 1329
895 633 1168
895 633 1785
632 1926 1313
632 1926 1557
632 697 1557
1476 29 655
1476 102 655
1476 102 165
1476 29 733
1476 165 733
1426 102 1581
1426 815 1245
1426 102 815
639 1867 1061
639 94 1061
639 1867 1245
1650 542 1595
1650 625 1595
1650 625 542
2024 245 1275
2024 821 245
336 245 173
898 165 1490
898 271 1490
415 118 1802
415 1373 1802
415 1373 118
1098 165 132
1098 5 165
1098 792 132
1098 792 365
307 1143 118
307 1143 420
307 118 531
307 420 531
557 755 304
557 755 1068
557 1931 304
903 1720 493
903 859 1720
1971 1720 856
1971 859 1720
1971 815 856
1971 859 815
1403 338 882
1403 787 882
1403 787 338
1188 1900 175
715 1900 1370
715 658 1370
715 658 1429
1535 1216 1137
772 1046 42
772 1216 42
772 1046 1683
772 474 1683
772 1216 1137
1902 1427 1469
1902 1427 692
1902 1469 122
1902 692 122
1089 1912 1837
1089 1427 1837
1089 315 1912
1089 1427 1736
1089 315 1736
194 971 1729
194 1729 1788
194 359 963
194 971 963
1620 971 963
1409 1934 318
1409 1934 119
828 1318 994
828 1258 1208
828 1318 724
828 1208 724
543 1208 1064
543 1208 1863
543 402 1863
510 402 1524
510 472 402
491 1016 1064
491 1951 2025
491 1016 2025
1321 7 1431
814 402 1524
814 402 1863
388 1142 1404
1191 724 204
1191 1790 204
1191 1790 1149
1191 1736 1149
1191 315 1736
1191 315 724
1095 816 1187
1095 1187 650
1095 1790 650
1095 1790 204
1095 816 204
188 388 2032
188 1142 1029
188 388 1142
1358 382 1212
1358 382 681
1358 1212 393
1358 681 393
904 68 155
904 1009 155
904 68 544
904 1009 544
17 746 393
17 1939 393
17 1939 746
174 1514 309
174 1458 1514
174 1017 309
174 1458 1017
1171 1514 309
1171 1528 1514
1171 1942 1528
289 1528 1514
289 18 1528
289 1458 1514
934 1519 1955
934 18 1144
1780 25 1697
1780 73 1697
1780 73 407
1780 202 407
520 1002 122
520 692 122
520 765 599
520 692 599
636 386 122
636 1002 122
1738 25 1469
1738 1469 122
1738 386 122
1684 1738 386
1684 1738 1269
1684 1548 1269
60 289 18
60 1458 1017
60 289 1458
79 1519 1955
79 1402 1955
79 1519 458
79 1215 458
79 1402 1215
996 1748 409
996 1649 1748
996 1242 409
996 1649 1242
1377 576 301
1377 301 1630
1377 722 1630
1377 1762 576
1377 1762 722
1960 841 91
1960 1762 91
1960 1762 1630
1960 67 1630
1960 841 1024
1960 67 1024
582 926 1968
1675 926 1340
1675 591 926
1675 591 1126
486 2007 1968
486 2007 900
1747 1111 926
1747 1646 926
504 1152 95
504 1152 1894
504 125 95
504 125 1894
441 1529 95
441 1152 95
441 1152 1529
552 1286 126
552 1286 1529
552 546 126
552 546 642
552 1529 642
1104 586 1033
1104 358 586
1015 982 505
1015 704 982
1717 1015 704
1929 704 1283
1929 704 1263
1929 286 1283
1929 286 120
1929 1263 120
355 1949 949
1060 967 1207
195 1166 949
195 1949 949
1483 277 1293
168 602 640
168 602 2043
1904 834 642
1904 1985 642
1229 1985 960
1229 1904 834
1229 1904 1985
1421 186 865
1421 699 865
1421 699 186
1494 1455 905
1494 1437 905
1494 1455 240
1494 1437 240
2041 261 1642
2041 352 1642
2041 1518 1669
2041 261 1518
2041 776 1669
2041 776 758
2041 352 758
276 1471 334
1990 1922 1319
1990 184 1922
1990 184 342
1990 1121 1319
1990 1121 342
1898 184 1872
1898 1872 1825
1898 1437 221
1898 184 1437
1898 902 221
1898 1825 902
1220 1105 444
1220 1653 1105
1220 231 444
1220 1653 231
314 352 1642
314 1653 1642
314 352 479
314 1532 479
314 1105 1532
314 1653 1105
760 1573 871
760 1982 871
760 1982 1128
760 758 1128
760 687 758
760 1573 687
1366 773 2027
1366 641 2027
1366 959 773
1366 641 959
148 793 2027
148 793 1659
148 1010 2027
148 1010 1659
703 876 366
703 366 1035
703 294 1810
703 876 1810
703 1195 294
703 1035 1195
1995 1228 1127
1995 574 1127
1995 1744 574
1995 1228 525
1995 1744 525
1563 632 1313
1563 632 697
1563 1352 1313
1563 697 1352
1299 336 245
446 165 1581
446 898 165
1407 94 1061
1407 271 1061
2044 1373 1490
2044 1876 1373
2044 5 1490
518 5 2036
518 1436 2036
518 1436 344
518 1373 344
518 1876 1373
524 5 2036
524 1098 5
524 365 2036
524 1098 365
1881 557 1068
1881 557 1931
1881 1068 457
1881 2024 457
1881 1931 1275
1881 2024 1275
43 903 859
43 859 815
43 493 655
43 903 493
43 102 655
43 102 815
1310 1933 30
537 715 1429
537 715 1900
494 258 914
494 1743 258
1411 1743 1137
1411 1535 1137
1411 1535 1743
376 772 474
376 772 1137
376 1308 719
376 474 1308
376 258 719
376 1743 258
376 1743 1137
371 359 1788
371 194 1788
371 194 359
1924 971 1729
466 1431 318
1401 543 1064
1401 543 482
374 1467 138
374 1467 88
1594 7 1520
1314 1258 1863
1314 814 1863
349 382 483
349 382 1212
349 188 1029
349 1029 393
349 1212 393
443 1528 881
443 1942 1528
443 1387 1942
443 1387 1899
443 247 881
443 247 529
1382 934 1955
1382 934 18
1382 1402 1955
1382 60 18
1382 1402 161
1382 60 161
710 1144 407
710 934 1144
710 630 407
1617 1291 1153
1617 1291 1101
1632 1387 1942
1632 1617 1101
1632 1617 470
1632 470 562
1632 1101 1899
1632 1387 1899
1632 1171 1942
1632 562 309
1632 1171 309
835 763 1101
835 763 1333
835 1291 1101
835 1291 1696
835 1696 765
835 1548 765
1418 520 1002
1418 520 765
1418 1548 765
416 1418 1002
416 1418 1548
416 636 386
416 636 1002
844 161 1017
844 60 1017
844 60 161
1254 582 591
1254 591 900
1254 486 900
1905 591 926
1905 582 926
1905 582 591
1372 1675 1340
1372 1747 1340
1432 1649 1748
1432 1649 1365
1432 1748 731
1100 1111 1340
1100 1747 1340
1100 1747 1111
1122 358 1984
1122 1104 358
1122 1104 1033
1122 1549 1033
1122 1347 1549
1122 1347 1984
508 358 1984
508 465 358
508 1347 1984
1274 1015 940
1274 1015 505
1417 1207 704
1445 602 949
1445 960 602
1445 1229 960
1445 1229 2014
1571 1925 949
1571 834 1925
2038 967 1925
2038 1925 949
2038 355 949
477 1060 967
477 1166 1456
477 1166 82
477 1060 82
1180 355 1949
1180 2038 967
1180 2038 355
460 191 1293
807 177 2043
1019 1185 640
1019 168 640
1019 168 1185
1355 1483 277
1355 168 2043
1355 807 2043
579 1229 834
579 1229 2014
579 1571 834
579 1571 2014
112 1799 618
112 251 1799
112 1471 618
112 251 1471
627 251 1471
896 346 1799
896 251 1799
896 627 251
896 346 294
896 294 1810
896 1081 1810
2031 821 245
2031 1299 245
2031 2024 821
2033 1299 336
1442 446 898
1442 898 271
1442 1407 271
1363 518 1876
1363 2044 5
1363 518 5
370 175 1933
370 1310 1933
370 1188 175
370 1310 1188
28 1188 1900
1223 537 1900
1223 28 1900
1223 28 169
361 494 914
361 1216 914
361 1535 1216
367 1535 1743
367 494 1743
367 361 1535
367 361 494
1849 1620 971
1849 1924 971
1849 1450 1360
1849 1450 1053
1849 1360 963
1849 1620 963
1386 1321 1431
1386 466 1431
1018 543 402
1018 543 482
1622 387 402
1622 402 138
1622 374 138
1622 374 88
1011 1934 119
1011 1297 1934
1065 1297 1934
1065 814 1934
1065 814 608
1973 1314 1258
1973 828 994
1973 828 1258
1786 318 994
1786 1934 318
1786 1973 994
1786 1973 1314
1786 814 1934
1038 349 483
80 710 934
80 710 630
80 630 984
1508 763 134
1508 202 881
1508 1780 202
1845 763 1333
1497 1101 1899
1497 763 1101
1497 443 1899
92 1617 1153
330 562 448
330 92 1617
330 470 562
140 1548 1269
140 835 1548
140 835 1333
140 1738 1269
1526 1684 1548
1526 1684 386
1526 416 386
263 582 1968
263 1254 582
263 486 1968
263 1254 486
1169 1675 1126
1169 1432 1365
1169 1394 1126
1169 1394 1365
2000 1646 731
182 940 1347
182 508 1347
292 465 358
292 1274 505
292 182 465
292 586 505
292 358 586
1381 1347 1108
1631 1717 1015
1631 1146 1717
1631 1015 940
1631 940 1347
1631 1381 1347
1631 1146 1108
1631 1381 1108
1070 1108 82
1070 1417 82
623 1060 82
623 1417 82
623 1060 1207
623 1417 1207
684 1146 1717
1077 1417 704
1077 684 1417
1367 1445 949
1367 1445 2014
1367 1571 2014
178 195 967
178 477 967
1640 195 967
1640 195 1949
1913 1483 1293
1913 460 1293
12 1214 1293
12 883 1293
12 1185 1214
12 168 1185
12 883 168
1135 277 1293
362 1135 277
213 883 168
213 1355 168
213 1355 277
213 362 277
70 1355 1483
70 1913 1483
70 807 177
70 1355 807
70 177 1591
70 191 1591
70 460 191
70 1913 460
1559 276 1471
1559 627 1471
570 276 334
570 334 1081
570 896 1081
570 1559 276
570 896 627
570 1559 627
2020 2031 2024
2020 2024 457
2020 69 457
2020 173 69
2020 336 173
2020 2033 336
209 2031 1299
209 2033 1299
209 2020 2031
209 2020 2033
1846 446 1581
1846 1819 446
1846 1426 1581
1846 1426 1245
1846 639 1245
1846 1819 639
1704 639 94
1704 1819 639
1704 1407 94
1704 1819 446
1704 1442 446
1704 1442 1407
937 2044 1876
937 1363 1876
937 1363 2044
144 28 1188
144 28 169
144 1310 1188
144 1310 30
144 1066 169
144 474 30
144 474 1683
144 1429 1683
516 1066 169
516 1223 169
516 1066 537
516 1223 537
1320 1849 1053
1320 842 1053
1320 842 1629
1320 1729 1629
1320 1924 1729
804 1409 119
804 1386 119
1043 804 1409
1043 804 1386
749 510 472
749 870 510
749 472 544
1415 1115 510
1415 870 510
686 68 544
686 382 483
686 382 68
788 1115 510
788 1115 483
788 1148 483
788 510 1524
20 387 482
20 1018 482
20 387 402
20 1018 402
216 1622 387
216 491 1064
216 1401 1064
216 1401 482
216 387 482
124 1011 119
124 1386 119
124 1386 1321
906 887 1594
906 124 1321
1708 906 887
1708 124 1011
1708 906 124
1921 388 1404
1751 1065 1297
1827 1314 814
1827 1786 814
1827 1786 1314
1410 349 188
1410 1038 349
1410 188 2032
827 1148 483
827 1038 483
372 934 1519
372 80 934
372 1519 984
372 80 984
1210 247 529
1210 247 881
1210 1508 881
200 1508 1780
200 1508 134
1808 763 134
1808 1845 763
1808 1845 25
1808 1780 25
283 1738 25
283 1845 25
283 140 1738
283 1845 1333
283 140 1333
1412 443 529
1412 1497 443
1412 1497 763
1412 1210 529
1412 1508 763
1412 1210 1508
1479 1467 1153
1479 92 1153
1479 1467 138
1479 448 138
1479 330 448
1479 330 92
1163 1617 470
1163 330 470
1163 330 1617
1080 416 1548
1080 1526 1548
1080 1526 416
1277 1169 1675
1277 1169 1432
1277 2000 1675
1277 1432 731
1277 2000 731
786 1372 1675
786 2000 1675
786 2000 1646
786 1747 1646
786 1372 1747
707 508 465
707 182 465
707 182 508
1260 292 182
345 1146 1108
345 1070 1108
345 1070 1146
918 1070 1417
918 684 1417
918 1070 1146
918 684 1146
131 1717 704
131 1077 704
131 684 1717
131 1077 684
44 1367 1571
1950 477 1456
1950 1166 1456
1950 195 1166
1109 1180 967
1109 1640 967
1109 1180 1949
1109 1640 1949
1639 362 1135
1639 1135 1293
958 144 1429
958 144 1066
958 537 1429
958 1066 537
85 1849 1924
85 1320 1924
85 1320 1849
782 1386 466
782 1043 1386
782 466 318
782 1409 318
782 1043 1409
229 686 544
229 749 544
229 749 870
229 1415 870
229 1415 1115
229 1115 483
229 686 483
899 480 1524
899 814 1524
899 814 608
1083 788 1524
1083 788 1148
1083 1148 2032
897 216 491
897 216 1622
897 1622 88
897 1153 88
897 1153 1951
897 491 1951
1444 1321 7
1444 906 1321
1444 1594 7
1444 906 1594
1042 1751 1297
1042 1011 1297
1042 1708 1011
624 1921 1404
624 1921 887
624 1142 1404
624 1142 1520
624 1594 1520
624 887 1594
199 1921 887
199 1921 388
1887 1410 1038
1887 827 1148
1887 827 1038
218 200 134
218 1808 134
218 200 1780
218 1808 1780
1771 182 940
1771 1260 182
1771 1260 292
1771 1274 940
1771 292 1274
2037 1571 949
2037 44 1571
2037 1367 949
2037 44 1367
718 178 477
718 1950 477
718 178 195
718 1950 195
1391 883 1293
1391 1639 1293
1391 213 883
1815 213 362
1815 1639 362
1815 1391 213
1815 1391 1639
1261 480 1524
1261 1083 1524
1261 899 608
1261 899 480
1261 1065 608
1261 1083 2032
1069 199 887
1069 199 1751
1069 1042 1751
1069 1708 887
1069 1042 1708
661 1751 1065
661 1261 1065
661 199 388
661 388 2032
661 1261 2032
819 1148 2032
819 1887 1148
819 1410 2032
819 1887 1410
1970 199 1751
1970 661 1751
1970 661 199
