 3.54584219e-01 -8.53597201e-01
 2.21910456e-01 -2.83036652e-01
 -3.44697462e-01 -3.11902172e-01
 -1.74209847e-01 4.97888157e-01
 2.86915595e-01 -2.75389448e-01
 -2.99972483e-01 -6.70743751e-01
 2.32326399e-01 -2.90541974e-01
 1.78270866e-01 -2.76980078e-01
 -5.61399080e-01 -6.21171628e-01
 1.74596883e-01 -7.60857116e-01
 4.56309056e-01 -5.23541812e-01
 1.95079926e-01 -2.87001734e-01
 7.16875302e-02 3.95527969e-01
 5.79558004e-01 8.37142886e-01
 -3.50118239e-01 -2.31062392e-01
 -9.64677749e-02 -4.34661063e-01
 2.25952833e-01 -2.94306523e-01
 2.21756455e-01 -2.86536266e-01
 2.01929489e-01 7.40063893e-01
 2.28037464e-01 -2.88848280e-01
 -2.19143320e-01 -2.93578182e-02
 -4.88264635e-01 -1.98404373e-01
 2.88539723e-01 -2.74031557e-01
 3.24158740e-01 3.56027508e-02
 2.24401088e-01 -2.85794390e-01
 2.87651457e-01 -2.56930827e-01
 2.91452222e-01 -2.72235599e-01
 2.85495338e-01 -2.66108657e-01
 2.88298691e-01 -2.74182126e-01
 2.84677895e-01 -2.66101812e-01
 2.68875018e-01 -2.97126583e-01
 -1.77370596e-01 7.99059776e-01
 1.89795131e-01 -2.83735189e-01
 1.79195328e-01 -2.77928990e-01
 1.80517811e-01 -2.78491602e-01
 -1.45701135e-01 -1.59301215e-01
 2.91452692e-01 8.15214159e-01
 2.80849191e-01 -2.65988282e-01
 1.79067176e-01 -2.77662726e-01
 -3.54107105e-01 -4.64853991e-01
 9.00000000e-01 -4.41185335e-01
 2.85212559e-01 -2.66572188e-01
 2.87305067e-01 -2.72468247e-01
 2.03747784e-01 -2.85886595e-01
 1.62609591e-01 8.10444262e-01
 2.81354027e-01 -2.66407433e-01
 3.87951576e-01 7.14831499e-01
 -1.88122755e-02 8.52243627e-01
 -4.55121238e-01 -1.23159401e-01
 2.79859241e-01 -2.63917608e-01
 1.77810907e-01 -2.77023026e-01
 7.02168259e-01 5.54479792e-01
 -2.21726441e-01 7.32514710e-01
 2.18608758e-01 -2.82942006e-01
 1.75350234e-01 4.71612118e-01
 1.88517395e-01 -2.82722631e-01
 6.03901420e-01 5.00994079e-01
 1.78305241e-01 -6.38171717e-01
 1.12660642e-01 3.44721147e-01
 2.21038724e-01 -2.86843533e-01
 -4.29491469e-02 -7.27066502e-01
 6.10701335e-02 -1.94880014e-01
 2.80778542e-01 -2.66621370e-01
 -1.77625865e-01 -5.19757118e-01
 2.17835242e-01 -2.84716342e-01
 2.88385508e-01 -2.57993585e-01
 1.82533178e-01 -2.79927409e-01
 2.27444307e-01 -2.92452814e-01
 2.85093746e-01 -2.68780262e-01
 1.94951978e-01 -2.86044040e-01
 -3.96436903e-02 8.82734508e-01
 1.02426614e-01 8.77821727e-01
 2.22025936e-01 -2.84563788e-01
 7.61952774e-01 3.85571971e-01
 4.91266664e-01 5.18789590e-01
 1.23140785e-01 -6.23842518e-01
 -5.12524985e-01 -4.47621756e-01
 2.19825381e-01 -2.83234343e-01
 2.21479092e-01 -2.85789508e-01
 2.21953380e-01 -2.85848268e-01
 2.88603211e-01 -2.73626834e-01
 2.07341065e-01 -2.85604517e-01
 2.70919008e-01 -2.95211410e-01
 8.67422338e-02 -2.23038454e-01
 2.36597589e-01 -2.87028889e-01
 -2.89149514e-01 8.17671468e-01
 -6.20074579e-01 -6.55172630e-01
 2.26552509e-01 -2.88961234e-01
 4.31078510e-01 5.50630836e-01
 2.20964393e-01 -2.85279809e-01
 1.80519115e-01 -2.78706570e-01
 2.25842199e-01 -2.89590049e-01
 5.12883225e-01 2.28810885e-01
 2.86231946e-01 -2.74372546e-01
 1.93496079e-01 -2.84655363e-01
 5.35306136e-01 3.44359355e-02
 3.06206446e-01 -6.74854756e-01
 5.04305233e-01 4.86980670e-01
 5.27161653e-01 5.47160815e-01
 -3.47595863e-02 -6.47866074e-01
 1.93194566e-01 -2.85951542e-01
 2.86806273e-01 -2.73500076e-01
 -6.67308169e-02 -6.07018324e-01
 2.82595406e-01 -2.66695119e-01
 2.83148159e-01 -2.69370085e-01
 4.46824882e-01 -6.02613004e-01
 2.84451057e-01 -2.63622830e-01
 2.41717143e-01 -2.86912199e-01
 6.04022104e-01 7.73492444e-01
 -1.28852750e-01 -5.99460898e-01
 6.45498811e-01 1.20183062e-01
 2.88103157e-01 -2.66643646e-01
 -2.10987062e-01 -5.50249458e-01
 2.99364386e-02 -6.52123977e-01
 7.54485233e-01 4.34082275e-01
 -5.88722714e-01 -1.73640920e-01
 1.43884981e-01 -2.61958523e-01
 2.85929601e-01 -2.75610340e-01
 2.31689948e-01 -2.89954118e-01
 2.10311480e-01 -2.83732671e-01
 2.89350788e-01 -2.56602248e-01
 2.26424961e-01 -2.86126078e-01
 2.91556349e-01 -2.72318848e-01
 2.31817690e-01 -2.90282981e-01
 1.93895541e-01 -2.85027986e-01
 1.93034756e-01 -2.84373667e-01
 2.84175541e-01 -2.66492081e-01
 3.59714048e-01 6.49003003e-01
 -2.93670113e-02 7.31246888e-01
 1.43945562e-01 1.70471052e-01
 2.10217497e-01 -2.85269578e-01
 2.87939292e-01 -2.74834125e-01
 4.46610254e-01 5.26364555e-01
 2.24066404e-01 -2.85853837e-01
 3.73460423e-02 -6.98143515e-01
 1.57431084e-01 -2.67591678e-01
 -4.89241296e-01 7.35551132e-01
 2.26662724e-01 -2.89286598e-01
 2.86833215e-01 -2.68896244e-01
 2.25364836e-01 -2.86573335e-01
 2.82497385e-01 -2.76448279e-01
 5.36649060e-01 -7.26451993e-01
 2.68056147e-01 -2.94408375e-01
 2.85485775e-01 -2.66094889e-01
 -5.22511079e-02 -5.03945334e-01
 2.86394686e-01 -2.58542181e-01
 1.05573434e-01 -4.43513436e-01
 2.87658231e-01 -2.68359473e-01
 2.66190654e-01 -2.96919453e-01
 5.72847850e-01 8.10179370e-01
 5.76081365e-01 9.66384029e-02
 6.79933359e-01 -6.39363633e-01
 2.86524957e-01 -2.58655422e-01
 5.07389608e-01 -3.27681704e-01
 2.26774763e-01 -2.93772276e-01
 -6.09150505e-01 -6.43435204e-01
 -2.25137339e-01 8.60371536e-01
 2.82636783e-01 -2.76436647e-01
 2.64285339e-01 -2.76136184e-01
 2.85988484e-01 -2.57282291e-01
 2.21005466e-01 -2.86431528e-01
 1.77564532e-01 -2.76484350e-01
 2.68834407e-01 -2.95715937e-01
 2.83036945e-01 -2.66885073e-01
 2.87088179e-01 -2.74499917e-01
 5.89257007e-02 7.95742045e-01
 3.01018290e-01 4.39576263e-02
 1.95206778e-01 -2.86394261e-01
 2.85492632e-01 -2.66116689e-01
 6.44146764e-01 2.70292224e-01
 -2.05095147e-01 6.19853839e-01
 2.84903883e-01 -2.61759514e-01
 2.84404469e-01 -2.69888682e-01
 2.21945662e-01 -2.87462169e-01
 2.85931043e-01 -2.66004930e-01
 2.86351392e-01 -2.58292595e-01
 1.95222561e-01 -2.86098713e-01
 2.06461191e-01 -2.85630941e-01
 5.10597993e-01 6.31291178e-01
 -9.50359579e-02 -5.88498606e-01
 2.48743017e-01 6.66057371e-01
 2.11327664e-01 -2.85698710e-01
 -5.65127848e-02 8.25625136e-01
 2.89889148e-01 -2.71841582e-01
 1.64292930e-01 5.17551861e-01
 2.68696822e-01 -2.97131034e-01
 6.84991439e-01 -6.59045320e-01
 2.29898152e-01 -2.92994864e-01
 2.87970033e-01 -2.74788920e-01
 2.48876142e-01 7.60206779e-01
 1.94606062e-01 -2.86179418e-01
 2.69727851e-01 -2.99463652e-01
 -1.29978327e-01 -7.48598307e-01
 2.38774407e-01 -2.88037100e-01
 2.06102953e-01 -2.85625213e-01
 2.87320118e-01 -2.65689970e-01
 2.82120627e-01 3.62613184e-02
 6.25676566e-01 4.76948138e-02
 2.30920506e-01 -2.91373512e-01
 2.23980502e-01 -2.85824036e-01
 2.84607863e-01 -2.63023271e-01
 2.23652604e-01 -2.85886424e-01
 2.86963075e-01 -2.68857556e-01
 2.30842861e-01 -2.86319150e-01
 2.20670490e-01 -2.85984100e-01
 2.84631783e-01 -2.62659896e-01
 1.89936099e-01 5.15907915e-01
 2.57804457e-01 -2.01063743e-01
 2.84617498e-01 -2.70123068e-01
 -8.55545551e-01 5.50313055e-01
 1.59373722e-01 2.68783972e-01
 -5.49014729e-02 8.54906995e-01
 1.94976617e-01 -2.86570690e-01
 5.75099533e-01 4.69536745e-01
 2.82431451e-01 -2.66719360e-01
 2.27625209e-01 -2.88530704e-01
 2.80433756e-01 -2.62765956e-01
 2.24059844e-01 -2.85834908e-01
 3.02177932e-01 3.78047483e-01
 4.18206475e-01 4.96472350e-01
 2.90116386e-01 -2.71499301e-01
 6.63999956e-01 1.88639792e-01
 2.86987104e-01 -2.68000637e-01
 -4.35934369e-01 -3.12358997e-01
 1.69439016e-01 -2.71986433e-01
 -1.09985534e-02 8.77859163e-01
 2.85962784e-01 -2.66018269e-01
 2.87039194e-01 -2.72110602e-01
 2.28257781e-01 -2.92027894e-01
 2.54907119e-01 -7.37179155e-01
 2.88187417e-01 -2.71272742e-01
 -5.55544910e-01 -6.38500075e-01
 3.29257501e-01 7.97059212e-01
 2.20446556e-01 -2.82598665e-01
 3.44833892e-01 4.46680568e-01
 2.18776296e-01 -2.85230914e-01
 2.87653624e-01 -2.64725978e-01
 -2.07512843e-01 -1.72824080e-01
 -2.07152695e-01 -2.85692886e-01
 2.89724528e-01 -2.71477796e-01
 1.93396940e-01 -2.86027755e-01
 6.61093481e-01 4.48311841e-01
 2.15340394e-01 -2.87552328e-01
 1.74637053e-01 -2.75778118e-01
 2.84563135e-01 -2.70221447e-01
 5.65689920e-01 -5.51109552e-01
 2.23806980e-01 -2.86670482e-01
 5.83052457e-01 -4.77343610e-01
 2.19739459e-01 -2.85315695e-01
 2.83582937e-01 -2.76338896e-01
 2.88094149e-01 -2.66629806e-01
 2.89407009e-01 -2.73174525e-01
 5.97454224e-02 4.56596282e-01
 5.77220619e-01 -2.18691063e-01
 -1.70069439e-01 -8.99180812e-02
 2.66039201e-01 -2.96907622e-01
 -3.37883107e-01 8.63679273e-01
 2.84346098e-01 -2.66854961e-01
 2.71674016e-01 -2.99200330e-01
 2.68861943e-01 -2.96239403e-01
 2.89930694e-01 -2.71172563e-01
 2.80425507e-01 -2.78541153e-01
 1.83512265e-01 -2.80396220e-01
 2.34958488e-01 -2.86674032e-01
 1.27258896e-02 6.74145824e-01
 2.70212520e-01 -2.93697645e-01
 2.81901926e-01 -2.74735773e-01
 2.03061840e-01 -7.38283062e-01
 3.38337694e-01 6.74097430e-01
 1.46252911e-01 -2.63025860e-01
 2.86249528e-01 -2.74680249e-01
 2.70830964e-01 -2.96001858e-01
 2.97563265e-01 -5.04862085e-01
 3.59912827e-01 6.09526109e-01
 3.82560553e-01 -5.26947839e-01
 2.88049109e-01 -2.66494296e-01
 1.94849323e-01 -2.86531239e-01
 2.20720676e-01 -2.82668657e-01
 2.31028309e-01 -8.22086703e-01
 3.80903621e-03 -4.92519191e-01
 4.45751502e-01 -1.75680169e-01
 2.70240171e-01 -2.93716106e-01
 2.24453968e-01 -2.85897871e-01
 -2.94602851e-02 -7.54817183e-01
 2.79928479e-01 -2.67114868e-01
 2.10361945e-01 -2.83749592e-01
 2.82641746e-01 -2.66921977e-01
 2.91229270e-01 -2.58749990e-01
 2.21930478e-01 -2.87051123e-01
 1.87544505e-01 -2.81947652e-01
 5.51702687e-01 1.16773232e-01
 2.11307533e-01 -2.85170140e-01
 2.90295057e-01 -2.67678496e-01
 2.86961671e-01 -2.66467234e-01
 1.88481007e-01 -2.82993006e-01
 2.89242250e-01 -2.68039541e-01
 2.89354517e-01 -2.56603893e-01
 2.85193895e-01 -2.71720059e-01
 2.87948942e-01 -2.74831956e-01
 2.16732487e-01 -2.83156415e-01
 1.80489308e-01 -2.78248173e-01
 -1.30161316e-01 -4.54693124e-01
 1.87881207e-01 -2.82832225e-01
 2.85015655e-01 -2.71672831e-01
 2.89525657e-01 -2.57370105e-01
 -9.04211727e-02 8.12856307e-01
 2.85264793e-01 -2.76466834e-01
 2.21179328e-01 -2.84985540e-01
 2.22008370e-01 -2.87531889e-01
 6.31012845e-01 -1.19850874e-01
 1.79076374e-01 -2.77951104e-01
 -2.61104854e-03 6.89809990e-01
 2.70735087e-01 -2.98484271e-01
 2.88763840e-01 -2.70331499e-01
 2.29264872e-01 -2.86032570e-01
 -4.96516082e-01 -2.87329559e-01
 -3.27630339e-01 -2.78981360e-01
 2.31516756e-01 -2.87555785e-01
 3.68820973e-01 -8.19387396e-01
 2.83892581e-01 -2.70721663e-01
 2.57099213e-01 6.62379172e-01
 3.65905902e-01 -7.14478517e-01
 -5.09774082e-02 5.87158028e-01
 2.17768127e-01 -2.84358046e-01
 5.32078797e-01 -6.47538176e-01
 2.88839218e-01 -2.69250421e-01
 -4.27446979e-01 -4.23338797e-01
 2.68050175e-01 -2.96685701e-01
 2.66361585e-01 -5.15731806e-01
 2.25176569e-01 -2.89897762e-01
 2.69945062e-01 -2.93957314e-01
 2.89999249e-01 -2.56975748e-01
 7.27534981e-01 1.04523865e-01
 2.88045515e-01 -2.66450191e-01
 2.76065972e-01 -2.70416798e-01
 2.84566588e-01 -2.70082001e-01
 2.50878319e-01 5.09613807e-01
 2.82184180e-01 -2.75035294e-01
 -2.50165821e-03 8.93949713e-01
 -5.59920935e-01 -4.72055702e-01
 4.29011872e-01 -3.44963533e-01
 2.90093910e-01 -2.71828987e-01
 2.83542215e-01 -2.64279178e-01
 2.86881626e-01 -2.75797478e-01
 2.10274885e-01 -2.85836284e-01
 2.86998191e-01 -2.66613782e-01
 -1.43502772e-01 -6.63698971e-01
 -9.21807168e-02 -6.31628119e-01
 2.28444751e-01 -2.93989587e-01
 -1.17119123e-01 -2.00462704e-01
 2.84767194e-01 -2.62801621e-01
 2.88811033e-01 -2.70232603e-01
 -5.11891293e-01 -2.03955724e-01
 1.05031997e-01 -6.17181854e-01
 2.05695311e-01 -2.85546947e-01
 2.19037760e-01 -2.82549652e-01
 2.18160973e-01 -2.83656817e-01
 2.11918971e-01 -2.85831241e-01
 2.39173964e-01 -2.87967977e-01
 2.20498832e-01 -2.84931812e-01
 2.84766503e-01 -2.67007655e-01
 1.94912965e-01 -2.86568092e-01
 -4.90434517e-01 -5.06795150e-01
 2.03561460e-01 -8.67207841e-01
 2.87904182e-01 -2.75533431e-01
 2.87428934e-01 -2.65794356e-01
 2.84731951e-01 -2.66960555e-01
 6.17994853e-01 2.38164067e-01
 4.69817190e-02 -3.94769596e-01
 2.85467637e-01 -2.65978513e-01
 2.38777994e-01 -2.88035454e-01
 2.21897689e-01 -2.85829240e-01
 5.05557162e-01 6.93186941e-01
 2.26769743e-01 -2.89095817e-01
 2.81709064e-01 -2.74860056e-01
 2.84675737e-01 -2.66807346e-01
 -3.79782722e-01 -3.67675441e-01
 -2.42837804e-01 -2.34516034e-01
 2.95564831e-01 7.62442116e-01
 1.25971163e-01 6.80872469e-01
 2.98559414e-01 1.15526204e-01
 2.28109582e-01 -2.93730727e-01
 2.82595804e-01 -2.76435158e-01
 2.83782673e-01 -2.60227133e-01
 -4.60574601e-01 -3.46458178e-01
 2.25955293e-01 -2.86227868e-01
 2.27923588e-01 -2.88806470e-01
 2.30605218e-01 -2.92466413e-01
 1.19625880e-01 7.67986597e-01
 5.98036030e-01 7.86421513e-01
 2.60154500e-01 3.95315915e-01
 5.05713876e-01 6.40652081e-01
 2.25917683e-01 -2.94399455e-01
 -3.30860963e-01 -1.38628340e-01
 4.83108780e-01 -5.49828904e-01
 -1.15609060e-01 -7.39631423e-01
 7.05338153e-01 1.61507806e-01
 1.26340613e-01 -7.08340437e-01
 1.40626421e-01 -2.61016818e-01
 2.00703379e-01 -7.65256649e-01
 2.78825704e-01 -2.66840026e-01
 2.28287954e-01 -2.89264063e-01
 3.04021013e-01 -7.18737459e-01
 2.54614496e-01 -1.90931100e-01
 5.79222033e-01 2.25719365e-01
 2.88071704e-01 -2.56363516e-01
 2.22503848e-01 -2.85885423e-01
 2.69952073e-01 -2.93966421e-01
 1.87333977e-01 -2.81833131e-01
 2.15051099e-01 -2.83861445e-01
 2.21117332e-01 -2.85324461e-01
 2.81700493e-01 -2.65973611e-01
 1.84754283e-01 7.34997672e-01
 3.65677188e-01 4.83308847e-01
 2.85934967e-01 -2.75572855e-01
 2.25951094e-01 -2.86403067e-01
 2.01380529e-01 5.91246938e-01
 -6.50365180e-02 -4.71185291e-01
 2.77384236e-01 -2.66338631e-01
 2.85255741e-01 -2.76489326e-01
 2.84062032e-01 -2.67269700e-01
 2.68718286e-01 -2.95685717e-01
 2.55060824e-01 4.42751672e-01
 2.80248940e-01 -2.67022985e-01
 -2.72593566e-02 -7.27796355e-01
 9.52220930e-02 -2.29971146e-01
 -9.26885672e-02 -4.87909032e-01
 2.15315917e-01 -2.87541948e-01
 3.41701331e-02 5.23492629e-01
 5.41810199e-01 -7.01852010e-01
 2.26824301e-01 -2.87534581e-01
 6.24086408e-01 7.11955656e-04
 1.65690917e-01 8.07041499e-01
 -1.49699860e-01 -5.83362248e-01
 2.87186887e-01 -2.68249500e-01
 2.89609547e-01 -2.68948439e-01
 2.85681487e-01 -2.77345086e-01
 2.67779991e-01 -2.97890003e-01
 2.82530432e-01 -2.74296465e-01
 2.38717842e-01 -2.94457890e-01
 1.93395839e-01 -2.84547558e-01
 3.47987935e-01 6.41162973e-01
 2.23737910e-01 -2.86920300e-01
 2.88442668e-01 -2.70473869e-01
 7.24220178e-02 7.51547949e-01
 2.86630626e-01 -2.74419768e-01
 -2.52903956e-01 -7.04661745e-01
 2.26386568e-01 -2.91500274e-01
 1.30148320e-01 8.07232704e-01
 -2.29337312e-01 -4.86060320e-01
 -5.40049011e-02 5.87763841e-01
 5.78008041e-02 4.57569183e-01
 9.95293830e-02 5.43949262e-01
 2.66674659e-01 -2.97415407e-01
 2.69095815e-01 -2.96516813e-01
 -2.64187878e-01 -5.41928833e-01
 2.84977099e-01 -2.70299442e-01
 2.21417607e-01 -2.85661030e-01
 2.85467493e-01 -2.57389968e-01
 1.94633486e-01 -2.86196841e-01
 -2.47278221e-01 -4.70935180e-01
 -1.68027631e-01 6.62361000e-01
 2.85093464e-01 -2.74453430e-01
 -3.20065341e-01 -2.13440949e-01
 2.11358425e-01 -2.85705653e-01
 2.31976185e-01 -2.89674715e-01
 6.05526753e-01 7.09949794e-02
 2.32946346e-01 -8.58580201e-01
 2.37159140e-01 8.11128312e-01
 2.24915563e-01 -2.89779710e-01
 1.46698115e-01 -2.63169934e-01
 2.27945071e-01 -2.91459834e-01
 2.18660609e-01 -2.82956438e-01
 2.84777834e-01 -2.66399680e-01
 7.47582177e-02 -6.33131957e-01
 7.95288431e-02 -7.22456632e-01
 2.06777198e-01 -2.85487639e-01
 1.35005814e-01 -6.36503420e-01
 2.88457140e-01 -2.70357486e-01
 2.29504567e-01 -2.91053325e-01
 1.65471441e-01 -7.58678106e-01
 2.28187900e-01 -2.88459724e-01
 2.28879538e-01 -2.92668778e-01
 2.39688374e-01 -2.87809166e-01
 2.28848911e-01 7.33857511e-01
 1.83204461e-01 -2.80232000e-01
 1.41156447e-01 5.03497421e-01
 7.64272520e-01 -2.67932936e-01
 2.22001205e-01 -2.84555157e-01
 2.28065236e-02 8.64295269e-01
 2.27230323e-01 -2.88274979e-01
 -7.66962396e-01 2.00520123e-02
 2.87445978e-01 -2.72391016e-01
 2.84736685e-01 -2.66972888e-01
 6.24113944e-01 6.20606901e-01
 5.37528416e-01 7.62617178e-01
 1.75138277e-01 -2.75846738e-01
 2.35050013e-01 6.25333961e-01
 3.67528891e-01 5.94788907e-01
 6.25328431e-01 2.15656925e-01
 2.69446694e-01 -2.97507263e-01
 1.90123197e-01 -2.83450017e-01
 -9.47628793e-02 -7.74045432e-01
 1.93642057e-01 -2.84683696e-01
 2.11326318e-01 -2.84924036e-01
 4.52642914e-01 6.18238081e-02
 2.66694227e-01 -2.97378686e-01
 2.11483667e-01 -2.85833714e-01
 -1.74367796e-02 -8.06760402e-01
 2.28859018e-01 -2.91249513e-01
 1.70961603e-01 -2.73255596e-01
 2.69569227e-01 -2.97360778e-01
 7.31049599e-02 4.85068014e-01
 2.83174988e-01 -2.69460604e-01
 5.89119636e-01 3.31798160e-01
 2.85496796e-01 -2.66159282e-01
 2.70316312e-01 -2.93773337e-01
 2.86705418e-01 -2.75583050e-01
 -6.09306682e-02 -4.97448623e-01
 2.26092689e-01 -2.86572177e-01
 6.62345156e-01 4.46947218e-01
 2.87304092e-01 -2.65667270e-01
 2.35786354e-01 1.03463468e-01
 2.87032281e-01 -2.75465766e-01
 2.82731006e-01 -2.66948514e-01
 4.60806132e-01 4.63999426e-01
 1.61023605e-01 1.84485993e-01
 -4.30732470e-01 -1.18796815e-01
 2.23822230e-01 -2.86676151e-01
 -7.60083051e-01 -9.54738923e-02
 2.85697154e-01 -2.77333542e-01
 2.68783719e-01 -2.98824865e-01
 4.97494671e-01 -2.70539563e-01
 2.51518649e-01 -4.67121760e-01
 2.91100991e-01 -2.70806920e-01
 2.81617758e-01 -2.61802489e-01
 2.85517121e-01 -2.66175882e-01
 -4.01137826e-01 8.18120767e-01
 9.07050665e-02 -7.69227918e-01
 3.82890002e-01 5.24142305e-01
 2.91548738e-01 -2.72312913e-01
 2.83155111e-01 -2.69523624e-01
 2.28969327e-01 -2.88437432e-01
 2.27618446e-01 -2.91830045e-01
 -1.65754372e-01 7.31612001e-01
 1.92806192e-01 -2.84247175e-01
 2.83894914e-01 -2.70703059e-01
 1.43260139e-01 -4.44482188e-01
 2.84677005e-01 -2.66107312e-01
 -1.74091931e-01 -1.96903936e-01
 -1.13278039e-01 -7.60173108e-01
 1.93282163e-01 -2.84485694e-01
 -4.83181038e-01 -3.51439179e-01
 2.22036380e-01 -2.85632958e-01
 2.91813332e-01 -2.73258786e-01
 -8.83551912e-02 -7.69521618e-01
 2.85038994e-01 -2.71332213e-01
 3.36870469e-02 -7.04250312e-01
 3.60063728e-01 -6.25826375e-01
 2.66044504e-01 -2.96903630e-01
 5.64375919e-01 -5.04558897e-01
 2.24625735e-01 -2.90252407e-01
 3.73090562e-01 6.71212960e-01
 -1.60381492e-01 -3.48674786e-01
 2.19666521e-01 -2.85511861e-01
 -2.43331909e-01 -2.63675125e-01
 -5.89517285e-01 -1.08261065e-01
 3.03622994e-01 6.35898581e-01
 2.87268182e-01 -2.68943307e-01
 2.87971331e-01 -2.66492175e-01
 2.84049747e-01 -2.75496718e-01
 2.84118291e-01 -2.72394801e-01
 4.96812556e-01 6.18522527e-01
 2.82646120e-01 -2.66949664e-01
 -1.77079846e-01 -2.61132581e-01
 1.81335365e-01 -2.78835459e-01
 2.89205853e-01 -8.04312507e-01
 1.48627286e-01 5.38752093e-01
 2.02969635e-01 -2.85497612e-01
 4.65757884e-01 1.83732343e-01
 -6.81713298e-01 6.96362097e-01
 1.84163863e-01 -2.80636437e-01
 2.87649683e-01 -2.68477972e-01
 2.88856008e-01 -2.69266435e-01
 1.58897045e-01 -2.67555629e-01
 2.12162850e-01 -2.85786879e-01
 1.93247166e-01 -2.85985551e-01
 1.44259024e-01 -2.62103959e-01
 2.78774453e-01 -2.66833231e-01
 3.61131741e-01 -5.41158829e-01
 1.83966622e-01 -2.80693644e-01
 7.17556002e-01 -3.52312112e-01
 2.36812376e-01 -2.95237259e-01
 -2.89786405e-01 -4.87483272e-01
 5.92964649e-02 -7.41754599e-01
 5.61043456e-01 -1.00182123e-01
 2.15280384e-01 -2.87531808e-01
 3.80252016e-01 7.91591230e-01
 2.26431605e-01 -2.87407243e-01
 -2.74362120e-01 -6.34968204e-01
 2.82715041e-01 -2.66925564e-01
 1.96711102e-01 -2.86602306e-01
 2.54617078e-01 -1.90918949e-01
 2.19315307e-01 -2.82540623e-01
 6.70651422e-01 -3.80487334e-02
 2.85208292e-01 -2.67774093e-01
 5.16186834e-01 7.10881907e-01
 2.29710194e-01 -2.91052308e-01
 -5.49703231e-03 8.49499313e-01
 3.34867491e-01 -7.12657675e-01
 -6.69357491e-03 -7.06804062e-01
 1.94153057e-01 -2.84977394e-01
 2.84046081e-01 -2.66555684e-01
 1.70584585e-01 -2.72684835e-01
 2.83594011e-01 -2.66862515e-01
 2.83964102e-01 -2.59952632e-01
 1.46319359e-01 -6.81091435e-01
 2.88121441e-01 -2.66665586e-01
 5.71354752e-01 5.20900809e-01
 2.82543804e-01 -2.76580569e-01
 4.46286582e-01 -8.16050843e-01
 -8.89141797e-02 7.43469604e-01
 2.07266885e-01 -2.85257912e-01
 2.31527300e-01 -2.92048095e-01
 2.83162308e-01 -2.69617305e-01
 1.68152112e-01 -2.71353703e-01
 2.88055929e-01 -2.66532489e-01
 2.87827517e-01 -2.58210488e-01
 2.01612290e-01 7.84589964e-01
 2.22048929e-01 -2.85637032e-01
 2.85304582e-01 -2.58900831e-01
 2.80974445e-01 -2.66541835e-01
 2.80786920e-01 -2.66629956e-01
 6.22046905e-01 6.03532654e-01
 -7.46562068e-02 -2.62560842e-02
 2.26033462e-01 -2.86251346e-01
 2.28762980e-01 5.94757033e-01
 2.89494093e-01 -2.73743462e-01
 2.86180493e-01 -2.74311956e-01
 1.95236316e-01 -2.87134451e-01
 2.87653748e-01 -2.68485089e-01
 2.01917617e-01 -2.85002968e-01
 -1.45580279e-01 -4.97466440e-01
 7.72237388e-01 -4.42560345e-01
 -1.63095832e-01 -7.02708167e-01
 2.51106606e-01 -8.09109596e-01
 5.22441487e-01 -7.21849878e-01
 -3.54134104e-01 -5.56298371e-02
 7.12085533e-01 -7.00356094e-02
 2.36437347e-01 -2.85987787e-01
 1.16833737e-01 8.65911488e-01
 2.87656907e-01 -2.68308980e-01
 -2.28364459e-01 8.13895498e-01
 2.80278988e-01 -2.63215819e-01
 2.88183176e-01 -2.73003596e-01
 2.86887409e-01 -2.75787680e-01
 2.83585551e-01 -2.66726264e-01
 2.85595482e-01 -2.66255886e-01
 1.90400098e-01 -2.83546105e-01
 2.84314699e-01 -2.63291240e-01
 2.30889482e-01 -2.91359811e-01
 2.67861353e-01 -2.95863993e-01
 5.30935346e-02 -4.84076429e-01
 2.81204961e-01 -2.75157911e-01
 -5.04474108e-01 -6.03609225e-01
 4.32718961e-01 -4.00107532e-01
 -3.11171491e-01 -5.52659945e-01
 2.66644531e-01 -2.97340243e-01
 2.21979388e-01 -2.84551244e-01
 2.21209008e-01 -2.84998877e-01
 2.89487309e-01 2.22343941e-01
 -7.15974250e-01 -1.92399370e-01
 5.44131246e-01 1.40664560e-01
 2.34889896e-01 -2.90616203e-01
 2.87482718e-01 -2.68419935e-01
 2.82646506e-01 -2.74004160e-01
 2.85270238e-01 -2.61493292e-01
 2.70258184e-01 -2.99564221e-01
 4.42485556e-01 5.94939058e-01
 1.99649008e-01 -7.04963730e-01
 2.27218196e-01 -2.93965935e-01
 7.06432726e-01 1.02566376e-01
 4.81066762e-01 7.51318543e-01
 2.10172548e-01 -2.85635200e-01
 2.27476484e-01 -2.86742893e-01
 2.28068250e-01 -2.92238262e-01
 2.88921473e-01 -2.69462207e-01
 2.76069530e-01 -2.70421261e-01
 -6.24878455e-01 -6.54034741e-01
 3.49593813e-01 1.33620486e-01
 7.58136536e-01 3.34690643e-01
 2.27180130e-01 -2.86270683e-01
 2.76094268e-01 -2.70469944e-01
 2.89531604e-01 -2.57372415e-01
 -3.36777593e-01 6.72936498e-01
 5.68883750e-01 -4.57229051e-01
 2.81149867e-01 -2.66451461e-01
 2.40383715e-01 -2.87677262e-01
 2.68716558e-01 -2.97126940e-01
 5.26197040e-01 -4.06992303e-01
 3.80500560e-01 5.77329699e-01
 2.67790431e-01 -2.95292101e-01
 2.87421288e-01 -2.65800395e-01
 2.10398745e-01 -2.84689386e-01
 -6.72330431e-01 -4.72411570e-01
 2.50997169e-01 -6.31681471e-01
 2.11342139e-01 -2.85703493e-01
 2.88972752e-01 -2.72002023e-01
 -1.23331352e-01 -3.47309609e-01
 2.22043646e-01 -2.85947965e-01
 -4.00366924e-01 -5.46113178e-02
 2.55463209e-01 -6.15105271e-01
 -9.82746356e-02 -2.16553986e-01
 -3.54974610e-01 -4.72569568e-01
 2.85563694e-01 -2.66198274e-01
 1.07574615e-01 7.79685718e-01
 2.56838037e-01 -2.06984559e-01
 2.06489969e-01 -2.85642984e-01
 2.84278580e-01 -2.66759788e-01
 7.88630562e-01 7.17551934e-01
 3.89976604e-01 -7.17080598e-01
 1.81528931e-01 -2.78910486e-01
 2.90774331e-01 -2.70822460e-01
 2.29544222e-01 -2.86140462e-01
 -1.12893917e-01 -2.50001272e-01
 2.70305081e-01 -2.93443438e-01
 2.85515614e-01 -2.68627799e-01
 4.77821512e-02 -6.53556554e-01
 2.67790276e-01 -2.95640042e-01
 -1.95357735e-01 -6.39191404e-01
 1.85712232e-01 -2.81131399e-01
 2.80077094e-01 7.12469411e-01
 2.87972855e-01 -2.74720704e-01
 6.95110288e-01 -2.36022803e-01
 2.88443567e-01 -2.70413152e-01
 7.53413267e-01 1.35072875e-01
 5.09433939e-01 -4.17539531e-01
 2.79437441e-01 7.24172333e-02
 2.27560255e-01 -2.86730033e-01
 2.87889279e-01 -2.92707178e-01
 6.47928132e-01 3.93660827e-01
 3.76944008e-01 6.40979713e-01
 2.35916118e-01 -2.86218881e-01
 5.57147973e-01 -7.06610232e-02
 1.91450905e-01 -2.83933563e-01
 2.26329196e-01 -2.93952001e-01
 5.30021014e-01 6.60490909e-01
 4.63957187e-01 5.29472839e-01
 2.28022786e-01 -2.91536024e-01
 2.85767665e-01 -2.94099174e-01
 5.05147063e-01 3.54794257e-01
 -5.70456085e-01 -4.72911438e-01
 2.88625941e-01 -2.73691926e-01
 1.89688307e-01 -2.83706023e-01
 2.85106743e-01 -2.71424257e-01
 5.16410239e-01 -3.18140981e-01
 4.30372345e-01 -7.72062754e-01
 2.88924150e-01 -2.69489666e-01
 1.80657436e-01 -2.78497492e-01
 2.88890082e-01 -2.69433707e-01
 2.87472662e-01 -2.65822059e-01
 2.86033494e-01 -2.57961918e-01
 2.24225011e-01 -2.86613035e-01
 2.81338542e-01 -2.75142333e-01
 2.26073517e-01 -2.86620158e-01
 2.31775904e-01 -2.87311335e-01
 2.69001904e-01 -2.96389734e-01
 2.87848958e-01 2.14565669e-01
 2.98463945e-01 4.63539671e-02
 2.86351543e-01 -2.58295771e-01
 2.83031513e-01 -2.66899516e-01
 2.85185369e-01 -2.66570213e-01
 2.87654689e-01 -2.68521875e-01
 7.32993689e-01 -3.12187632e-01
 2.28980554e-01 -2.86210741e-01
 2.89508008e-01 -2.69790678e-01
 -3.48017644e-01 -1.05762264e-01
 -5.59086640e-01 -5.66948833e-01
 3.11838193e-01 2.56889334e-01
 2.90310484e-01 -2.57976925e-01
 2.86965889e-01 -2.68965213e-01
 2.31960207e-01 -2.89669291e-01
 -5.19051198e-01 -6.05397106e-01
 2.87721400e-01 -2.91720604e-01
 6.23123082e-01 2.51925567e-01
 1.85310855e-01 -2.81236270e-01
 2.81997024e-01 -2.75009790e-01
 2.29131102e-01 -2.91580894e-01
 2.21773998e-01 -2.83003065e-01
 -3.39901993e-01 -1.95063390e-01
 2.20125384e-01 -2.84978862e-01
 2.87947872e-01 -2.75428479e-01
 2.87645670e-01 -2.68453761e-01
 2.89547199e-01 -2.56259759e-01
 2.69005275e-01 -2.97706420e-01
 8.00826124e-02 6.57703599e-01
 2.39022580e-01 4.90233678e-01
 5.72671323e-01 7.61731681e-01
 1.67025648e-04 -6.19137860e-01
 -2.60056015e-01 -4.00243242e-01
 1.78260502e-01 -2.76975059e-01
 -2.44839840e-01 -2.95571413e-01
 2.70194093e-01 -2.93687636e-01
 2.31794151e-01 -2.89942480e-01
 1.63795134e-01 -2.69520416e-01
 6.50002233e-01 -1.63959723e-02
 1.95236367e-01 -2.86135590e-01
 -7.15190356e-01 -5.35346903e-01
 -1.26315574e-01 -2.84502136e-01
 2.16781216e-01 -2.85871725e-01
 2.91234331e-01 -2.58754528e-01
 2.31447943e-01 -6.85053429e-01
 2.85267279e-01 -2.58844999e-01
 2.30332560e-01 -2.88724013e-01
 2.86761333e-01 -2.73388939e-01
 2.31234310e-01 -2.85514341e-01
 2.92046010e-01 -2.71371604e-01
 3.12477793e-01 2.94091985e-01
 2.29597807e-01 -2.92582694e-01
 1.59696003e-01 -2.68621670e-01
 2.84637343e-01 -2.70214541e-01
 5.57977591e-01 1.64173397e-01
 -4.74700469e-01 -9.50694240e-02
 -1.87460822e-01 -5.17789115e-01
 2.70186323e-01 -2.95808326e-01
 5.59216968e-01 -3.38269125e-01
 2.29266251e-01 -2.92789151e-01
 2.30179129e-01 -2.87675008e-01
 2.87322171e-01 -2.65597825e-01
 6.17278114e-02 3.92485696e-01
 2.43324948e-01 -8.00018915e-01
 2.32127623e-01 -2.86698882e-01
 4.01998821e-01 -7.24561361e-01
 2.02927670e-01 -2.85221200e-01
 2.25241853e-01 -2.86972042e-01
 -4.03501057e-01 -1.78400720e-01
 6.30164829e-01 -4.01973394e-02
 2.16376652e-01 5.93628194e-01
 1.92456175e-01 8.87381319e-01
 4.74999078e-01 8.66325774e-02
 1.82237286e-01 -2.79804196e-01
 2.35969665e-01 -2.86377788e-01
 -1.86409094e-01 -6.87519534e-01
 2.21003896e-01 -2.86830059e-01
 6.36044143e-01 -1.12831597e-02
 9.41988849e-02 7.25495384e-01
 2.58657652e-01 -6.92883227e-01
 -4.65450098e-01 -1.63144776e-01
 2.68777224e-01 -2.95694706e-01
 2.67793228e-01 -2.95318419e-01
 2.15147156e-01 -2.83895498e-01
 2.83955621e-01 -2.67905084e-01
 3.55791178e-01 -6.60003517e-01
 2.88565658e-01 -2.68901184e-01
 7.31936897e-02 -7.52640073e-01
 2.87038582e-01 -2.72192472e-01
 3.21687790e-01 -7.84844290e-01
 2.70312731e-01 -2.93413409e-01
 2.87246505e-01 -2.72454256e-01
 2.89592706e-01 -2.69039465e-01
 -1.44857964e-01 -7.99021232e-01
 1.74489157e-01 -2.75485673e-01
 6.17647380e-01 -5.87718072e-01
 4.58775767e-01 6.26644691e-01
 2.68442599e-01 -2.96792515e-01
 -1.94757439e-01 -4.40540209e-01
 2.85246697e-01 -2.58833701e-01
 2.17123518e-01 -2.84611719e-01
 2.87309026e-01 -2.60883156e-01
 2.28265429e-01 -2.91699571e-01
 2.88892808e-01 -2.69412311e-01
 -1.25248312e-01 -8.33064519e-02
 5.07896603e-01 4.43626739e-01
 5.92956917e-01 2.50960964e-01
 4.01890499e-01 -6.89744181e-01
 2.87459177e-01 -2.65832060e-01
 -9.60673262e-02 8.05165559e-01
 1.67437031e-01 -8.30028928e-01
 -8.62514421e-01 2.24876925e-01
 1.78864144e-01 -2.77096167e-01
 2.23801591e-01 -2.86668748e-01
 2.82147908e-01 -2.75112564e-01
 1.94963057e-01 -2.86643135e-01
 1.64724732e-01 8.54239187e-01
 -2.61745106e-01 -3.47537383e-01
 5.51628919e-01 -5.80982162e-01
 2.31306349e-01 -2.91396500e-01
 2.56131076e-01 -2.10530450e-01
 -2.04392993e-02 -5.26611349e-01
 2.62813024e-01 -2.77226840e-01
 5.19455258e-01 -7.00947568e-01
 1.71006299e-01 -2.73203640e-01
 2.69943960e-01 -2.93970494e-01
 1.65973501e-01 -2.70470318e-01
 2.80800301e-01 -2.66652763e-01
 2.87949671e-01 -2.66498651e-01
 2.27154458e-01 -2.88419967e-01
 2.86407583e-01 -2.74682947e-01
 2.29580670e-01 -2.91030152e-01
 1.82642547e-01 -2.79981264e-01
 2.17489802e-01 -2.84963315e-01
 2.91614009e-01 -2.71466807e-01
 2.87273451e-01 -2.72441668e-01
 2.27359342e-01 -2.92414721e-01
 2.90200197e-01 -2.71180926e-01
 2.31705803e-01 -2.90880489e-01
 2.82647263e-01 -2.76383970e-01
 2.90799136e-01 -2.73660037e-01
 2.67805360e-01 -2.95845698e-01
 2.69221940e-01 -2.97153623e-01
 -1.08321366e-01 7.17700879e-01
 -4.50993079e-03 4.51597320e-01
 2.62875892e-01 -2.75840006e-01
 2.84778048e-01 -2.67033720e-01
 -3.54424367e-02 8.79352450e-01
 -3.56670734e-01 8.19109054e-01
 1.25251681e-01 7.12497334e-01
 2.10171238e-01 -2.85641241e-01
 -2.24012488e-01 -7.67564406e-01
 -3.59580471e-02 -8.32310534e-01
 -1.00777089e-01 -5.92812692e-01
 -1.49897095e-01 4.25973110e-01
 5.93733788e-01 -1.31319959e-01
 4.82999110e-01 -6.72346289e-01
 2.17659558e-01 -2.85032932e-01
 1.84592909e-01 -2.80761821e-01
 5.50399702e-01 7.27494960e-01
 2.84210052e-01 -2.66514045e-01
 3.68552809e-01 2.61667209e-01
 -5.04404404e-01 -3.12247850e-01
 2.85073916e-01 -2.74365695e-01
 2.90902532e-01 -2.73496657e-01
 -8.94022885e-02 6.57095227e-01
 2.22029451e-01 -2.85956886e-01
 2.71454271e-01 -2.99397381e-01
 -9.39647742e-02 -2.29833419e-01
 2.86698559e-01 -2.75421936e-01
 8.07363239e-02 -4.56408271e-01
 4.65864158e-01 1.14884388e-01
 2.11159139e-01 -2.85608115e-01
 1.89610635e-01 -2.83663170e-01
 6.76301136e-01 -4.72646549e-01
 2.71978162e-01 -5.72830884e-01
 2.85267025e-01 -2.58848441e-01
 2.67809343e-01 -2.95837116e-01
 2.84333753e-01 -2.66849292e-01
 2.71687000e-01 -2.98719408e-01
 2.85837134e-01 -2.57135157e-01
 2.03773167e-01 -2.85896504e-01
 2.82611905e-01 -2.74017264e-01
 2.66329496e-01 -2.95313168e-01
 2.89122023e-01 -2.65396714e-01
 2.18924665e-01 -2.85295244e-01
 2.70266114e-01 -2.94966307e-01
 -4.19705834e-01 -5.91176240e-01
 2.79990236e-01 -2.68463180e-01
 2.70077140e-01 -2.93987047e-01
 2.85489392e-01 -2.66175339e-01
 2.87603635e-01 -2.68495012e-01
 2.02519262e-01 -2.85684035e-01
 3.71443069e-01 6.78575160e-01
 2.89422123e-01 -2.55749224e-01
 2.36780665e-01 -2.89634241e-01
 -4.83754600e-01 -3.70637467e-01
 2.20963933e-01 -2.85279787e-01
 2.45848840e-01 -4.39564664e-01
 2.06407035e-01 -2.85127819e-01
 5.98037482e-01 -8.28011115e-02
 2.34855159e-01 -2.90603612e-01
 -4.40254073e-02 7.91729217e-01
 2.37255706e-01 -2.88557766e-01
 -1.99133843e-02 -5.98533251e-01
 -1.58827783e-01 6.66700228e-01
 -2.19034986e-01 -5.76835302e-01
 2.66666782e-01 -2.97414900e-01
 -8.73772373e-01 5.17398895e-01
 2.91264355e-01 3.77205369e-01
 1.98386151e-01 6.38670559e-01
 2.70556098e-01 -2.94354614e-01
 2.18313423e-01 -2.83670558e-01
 2.18823737e-01 -2.83056991e-01
 2.11241923e-01 -2.84897227e-01
 2.86018951e-01 -2.57922921e-01
 2.22009319e-01 -2.85633851e-01
 5.73171005e-01 -9.93824524e-02
 2.69086202e-01 -2.96513369e-01
 6.97431010e-02 -7.23191791e-01
 7.22209423e-01 2.65653072e-01
 5.37006296e-02 8.89551670e-01
 2.89588732e-01 -2.67812574e-01
 4.22530573e-01 5.85211198e-01
 1.90399556e-01 -2.83545162e-01
 -1.50153020e-01 -1.80108759e-01
 2.30492748e-01 -2.87767139e-01
 5.10862742e-01 7.40049358e-01
 1.86910752e-01 -2.81730989e-01
 5.81408470e-01 4.27906301e-01
 5.13314914e-01 7.96105950e-01
 2.88649767e-01 -2.73730284e-01
 -1.94037703e-01 -1.05385485e-01
 6.72269126e-01 7.06538947e-02
 2.26058769e-01 -2.86362529e-01
 2.36545300e-01 -2.92878675e-01
 4.33518728e-02 8.86216299e-01
 2.39648003e-01 -2.87796765e-01
 2.91176069e-01 -2.59118982e-01
 5.74444333e-01 6.52236337e-01
 2.82496622e-01 -2.76457156e-01
 2.27332844e-01 -2.92405093e-01
 2.87661188e-01 -2.68335614e-01
 2.31173453e-01 -2.90683165e-01
 2.64884610e-01 7.04420272e-01
 4.34917040e-01 1.81127885e-01
 2.89575907e-01 -2.68300835e-01
 2.11180083e-01 -2.85125020e-01
 2.27399544e-01 -2.87733134e-01
 2.20913544e-01 -2.86883990e-01
 2.28056301e-01 -2.88855990e-01
 1.95223312e-01 -2.87123566e-01
 2.00806917e-01 7.56085761e-01
 1.22922377e-01 7.37269645e-01
 6.35310529e-01 -3.86444405e-01
 -8.21598535e-02 8.74748937e-01
 1.82321524e-01 -2.79852076e-01
 1.72833812e-01 -2.74666376e-01
 -3.05956850e-01 -3.01201343e-01
 6.41515052e-02 -8.35313696e-01
 6.96665940e-02 -6.37984681e-01
 2.32629722e-01 -2.94645876e-01
 5.49766148e-01 2.98025740e-01
 2.80246475e-01 -2.63178099e-01
 2.69693805e-01 -2.99595527e-01
 2.12434341e-01 -2.86110580e-01
 6.26189149e-01 4.35996318e-01
 2.87372579e-01 -2.65739994e-01
 2.89614512e-01 -2.68913403e-01
 2.81576618e-01 -2.65955373e-01
 2.29388018e-01 -2.92898727e-01
 4.97994958e-01 -4.91788493e-02
 2.62941821e-01 -2.77147145e-01
 -1.31185783e-01 -7.07951567e-01
 2.31064953e-01 -2.90773038e-01
 2.31865256e-01 -2.89656343e-01
 2.85277351e-01 -2.61490942e-01
 2.15057985e-01 -2.87533834e-01
 2.85193939e-01 -2.66542836e-01
 -4.56852743e-02 4.38020132e-01
 4.73174565e-01 7.26900931e-01
 2.89664974e-01 -2.57509253e-01
 2.89455141e-01 -2.73745274e-01
 2.90890607e-01 -2.73466738e-01
 7.25438443e-01 2.91236658e-01
 2.35592360e-01 -2.87207559e-01
 8.68649150e-03 -7.26243055e-01
 6.01971743e-01 4.74266601e-02
 -5.90863025e-01 -1.15886476e-01
 6.82759172e-01 3.08748640e-01
 4.88487108e-01 3.19946169e-01
 2.56876486e-01 -1.96339337e-01
 2.07232531e-01 -2.85244658e-01
 2.86163263e-01 -2.74394351e-01
 2.85754181e-01 -2.58812605e-01
 2.85515886e-01 -2.57455282e-01
 2.27808224e-01 -2.87821936e-01
 2.30345522e-01 -2.90972178e-01
 2.85491340e-01 -2.66166778e-01
 -2.19774165e-01 -3.96246091e-01
 2.85064799e-01 -2.71264234e-01
 2.31239015e-01 -2.91366212e-01
 2.10210339e-01 -2.85813489e-01
 -2.41124914e-01 -3.50068961e-01
 2.28985268e-01 -2.86209538e-01
 5.95220820e-01 -6.56326157e-01
 5.70928796e-01 3.37116260e-01
 2.69318823e-01 -2.97185180e-01
 2.68838622e-01 -2.95516095e-01
 2.10162921e-01 -2.85250019e-01
 2.86445005e-01 -2.68672191e-01
 2.81793675e-01 -2.74783585e-01
 2.25943611e-01 -2.86401635e-01
 2.87972316e-01 -2.66352298e-01
 -5.68809034e-01 -6.04017226e-01
 2.29427815e-01 -2.91495313e-01
 -2.18404291e-01 -5.82008715e-01
 6.68026710e-01 1.98738090e-02
 -1.82368309e-01 -1.52142100e-01
 8.61286791e-02 -5.91076501e-01
 3.39190528e-03 6.24213225e-01
 2.28717656e-01 -2.85586821e-01
 2.89230343e-01 -2.72529518e-01
 5.89164747e-01 7.57710263e-01
 7.56232774e-01 3.82287621e-01
 2.86989363e-01 -2.68911881e-01
 -2.26054307e-01 -2.73373996e-01
 2.31141774e-01 -2.85477176e-01
 5.68554161e-02 5.78458339e-01
 2.70066066e-01 -2.93963126e-01
 2.87031627e-01 -2.75436193e-01
 2.87325279e-01 -2.65697383e-01
 1.84834582e-01 -2.80876550e-01
 2.24383359e-01 -2.87429534e-01
 2.87503381e-01 -2.65876772e-01
 2.88394346e-01 -2.57932989e-01
 2.12378593e-01 -2.86087873e-01
 2.88457801e-01 -2.70464144e-01
 -1.80775769e-02 -7.46794311e-01
 4.80557705e-01 2.29321804e-01
 2.10302547e-01 -2.85848247e-01
 2.05975457e-01 -2.85570758e-01
 -1.02947211e-01 -2.72428466e-01
 1.84794354e-01 -2.80849931e-01
 5.99801626e-01 -7.38938280e-01
 3.38885132e-01 7.97733637e-01
 2.83076344e-01 -2.66984379e-01
 2.28603067e-01 -2.91767899e-01
 2.26139645e-01 -2.87784478e-01
 2.85181999e-01 -2.67781012e-01
 2.86974869e-01 -2.66551721e-01
 2.91086136e-01 -2.58588427e-01
 5.30877260e-01 -6.04182297e-01
 2.89827452e-01 -2.72033021e-01
 2.11665162e-01 -2.85969198e-01
 2.40131799e-01 -2.87813591e-01
 2.86994547e-01 -2.67990113e-01
 7.17385345e-01 1.52494909e-01
 1.87674827e-01 -2.82753228e-01
 2.82672545e-01 -2.67083256e-01
 2.88849677e-01 -2.69409002e-01
 1.20543852e-01 -6.31037462e-01
 1.46038469e-01 1.59760805e-01
 2.83174574e-01 -2.69745810e-01
 1.59619747e-01 -2.68561597e-01
 7.08062790e-01 5.16285707e-01
 2.85256139e-01 -2.75908059e-01
 1.94882134e-01 -2.86598213e-01
 2.19617661e-01 -2.85501532e-01
 2.84693223e-01 -2.66838742e-01
 2.88151406e-01 -2.95066299e-01
 2.40723478e-01 -2.87592269e-01
 1.13723422e-01 -7.06463018e-01
 -5.11557727e-01 -6.15941533e-01
 2.31605765e-01 -2.92659287e-01
 2.85244488e-01 -2.76145303e-01
 2.22366512e-01 -2.86381703e-01
 2.57779070e-01 -2.04833476e-01
 2.10348229e-01 -2.85609647e-01
 7.28112119e-01 1.28884013e-01
 2.29541215e-01 -2.92459702e-01
 2.29668077e-01 -2.84934865e-01
 2.68189285e-01 -2.94910948e-01
 4.84269448e-01 7.11981904e-01
 1.93400724e-01 -2.84550341e-01
 2.26292304e-01 -2.88827280e-01
 2.90510617e-01 -2.66952369e-01
 4.31450494e-01 -1.56359191e-01
 2.70164641e-01 -2.98797689e-01
 -2.01269335e-01 -4.91047289e-02
 -7.94779648e-02 -7.88691022e-01
 -5.54371400e-01 -5.41301220e-01
 1.74339652e-01 -2.75419873e-01
 3.94322431e-01 5.24426020e-01
 1.07404370e-01 -5.06058816e-01
 2.25347095e-01 -2.89665977e-01
 1.76677629e-01 -2.76138240e-01
 2.67781005e-01 -2.95632328e-01
 2.06862489e-01 -2.85700565e-01
 2.89082250e-01 -2.65220417e-01
 2.80824198e-01 -2.66647547e-01
 1.87594035e-01 -2.82694904e-01
 1.20683835e-01 5.50528176e-01
 2.22443641e-01 -2.87340676e-01
 2.85228005e-01 -2.76094092e-01
 3.16178839e-01 -6.94358201e-01
 2.69246911e-01 -2.97682404e-01
 1.70632874e-01 -2.72704851e-01
 2.66974790e-01 -2.97374730e-01
 1.31722567e-01 7.37888541e-01
 5.79716126e-01 -6.84892966e-02
 5.27157560e-01 -7.46017203e-01
 2.05919779e-01 -2.85545801e-01
 5.47032966e-01 2.21880767e-01
 2.69549722e-01 -2.95816582e-01
 -8.29546137e-01 6.63447195e-02
 2.88184433e-01 -2.71277022e-01
 1.95167062e-01 -2.87088028e-01
 2.82510597e-01 -2.74187918e-01
 2.31232692e-01 -2.85509738e-01
 2.85487199e-01 -2.66049013e-01
 6.08583523e-01 7.66243129e-01
 6.71372730e-01 5.90230527e-01
 2.29885803e-01 -2.85772114e-01
 7.88623540e-02 8.78184534e-01
 2.16740040e-01 -2.83159051e-01
 3.04903193e-01 2.29907165e-03
 2.87357134e-01 -2.65725980e-01
 2.88262723e-01 -2.67821284e-01
 5.06628901e-01 -2.08381047e-01
 2.84072478e-01 -2.67220131e-01
 2.90520239e-01 -2.66917121e-01
 6.17527955e-01 3.20257794e-01
 -1.75186143e-01 7.35363689e-01
 7.47018034e-02 6.36840119e-01
 -1.97140177e-01 -4.52074480e-01
 2.47868658e-01 -7.59082906e-01
 2.89101112e-01 -2.65288791e-01
 -1.74790493e-01 -9.80103942e-02
 2.09957592e-01 -2.83954387e-01
 2.29833027e-01 -2.87686399e-01
 4.92567103e-01 -1.29919698e-01
 2.23804016e-01 -2.86668485e-01
 1.80627211e-01 -2.78542661e-01
 2.28048815e-01 -2.93969233e-01
 2.87733286e-01 -2.67786607e-01
 1.95123617e-01 -2.87068974e-01
 2.21369326e-01 -2.85681266e-01
 2.85191357e-01 -2.66578991e-01
 -5.32040858e-01 -1.90807714e-01
 2.63792821e-01 7.84732017e-02
 -2.21575609e-01 -1.62909396e-01
 2.88455783e-01 -2.70474244e-01
 2.68885165e-01 -2.95518618e-01
 4.81231806e-01 2.92929045e-01
 2.85517020e-01 -2.66161984e-01
 5.13787250e-01 -1.56836148e-01
 7.55183361e-01 2.98076508e-02
 6.81408355e-01 3.77264273e-01
 2.22316838e-01 -2.83254370e-01
 2.82695698e-01 -2.67074913e-01
 2.02793877e-01 -2.85374019e-01
 -5.07684530e-01 -1.51256382e-01
 5.49117994e-01 -6.70878151e-01
 2.83145715e-01 -2.69547714e-01
 2.78761237e-01 -2.66820696e-01
 2.26362495e-01 -2.87750859e-01
 2.89535629e-01 -2.67976940e-01
 2.80480976e-01 -2.62744985e-01
 3.35347914e-01 8.27618220e-01
 2.40660375e-01 -2.87334383e-01
 2.36517274e-01 -7.80754233e-01
 -8.85600113e-02 -7.12315308e-01
 -8.59525091e-01 3.07029832e-01
 1.87024170e-01 -2.81799864e-01
 5.08224821e-01 -4.51664680e-01
 2.90895040e-01 -2.73527026e-01
 2.85938680e-01 -2.73963840e-01
 2.88139019e-01 -2.56471946e-01
 2.79938107e-01 -2.67180756e-01
 2.81476404e-01 -2.75080322e-01
 -2.07990272e-01 -7.68104440e-01
 5.37369950e-01 -7.28994242e-01
 1.93284924e-01 -2.86005176e-01
 2.87318979e-01 -2.68323316e-01
 7.92482716e-01 -4.63390046e-01
 1.83628420e-01 -2.80479384e-01
 3.34162376e-01 3.61778180e-01
 -2.41487552e-01 -2.32968380e-01
 2.55202560e-02 -7.83036587e-01
 2.29909154e-01 -2.87931045e-01
 4.93375440e-01 4.33913027e-01
 2.11179203e-01 -2.85611510e-01
 2.29566438e-01 -2.91362124e-01
 2.72545327e-01 -2.98050662e-01
 2.10078267e-01 -2.83989312e-01
 2.81962920e-01 -2.74758121e-01
 2.17040538e-01 -2.84974040e-01
 4.36477670e-01 3.36891026e-01
 2.91545881e-01 -2.72317258e-01
 4.41792662e-01 6.78454292e-03
 2.25822509e-01 -2.86351792e-01
 5.46395289e-01 7.70632053e-01
 2.85689839e-01 -2.61584399e-01
 3.71715985e-02 -6.42058774e-01
 2.83070295e-01 -2.66979487e-01
 2.11245002e-01 -2.85149146e-01
 2.84227641e-01 -2.70793788e-01
 2.83027283e-01 -2.66925060e-01
 1.86005442e-01 -2.81657774e-01
 3.49087676e-01 -4.22249422e-02
 2.71337544e-01 -2.98922775e-01
 2.70735213e-01 -2.98692008e-01
 4.26890185e-01 4.55419041e-02
 2.82599337e-01 -2.66702554e-01
 2.10386844e-01 -2.83756958e-01
 -5.54804741e-01 -3.54313689e-01
 5.45534141e-01 2.85636068e-02
 1.93214574e-01 -2.84471044e-01
 2.88866019e-01 -2.69346253e-01
 6.66323298e-01 -3.84904399e-01
 -2.27438415e-01 -1.34016927e-01
 2.88871105e-01 -2.73902214e-01
 2.26113767e-01 -2.87769474e-01
 3.07888034e-01 -8.75323154e-01
 1.94768195e-01 -2.86672423e-01
 -5.79410374e-02 8.69873510e-01
 1.49677968e-02 6.55127812e-01
 9.14801317e-02 7.45771988e-01
 2.31055616e-01 -2.90769520e-01
 2.82523860e-01 -2.76601078e-01
 2.84608668e-01 -2.70125488e-01
 2.06279344e-01 -7.59660813e-01
 2.79856886e-01 -2.63882119e-01
 5.95973693e-02 7.99700611e-01
 6.90213564e-01 7.27582915e-01
 2.89279545e-01 -2.72420189e-01
 7.99094015e-02 -4.21982399e-01
 -2.37701488e-01 -5.86570201e-02
 2.34882157e-01 -2.90607310e-01
 2.84211241e-01 -2.66531627e-01
 2.88433303e-01 -2.70461167e-01
 2.85468074e-01 -2.65982878e-01
 5.53865322e-01 7.03687695e-01
 2.85224828e-01 -2.57166518e-01
 2.80991944e-01 -2.66566836e-01
 2.30180067e-01 -2.88521538e-01
 -6.37124688e-01 6.89271537e-01
 -7.83764306e-02 7.61265600e-01
 -3.74130033e-01 -6.24388115e-01
 2.30658302e-01 -2.87464938e-01
 2.89827366e-01 -2.71962209e-01
 2.36563755e-01 -2.87016607e-01
 2.31835208e-01 -2.90287036e-01
 2.68942048e-01 -2.97629928e-01
 -5.37096844e-01 -6.27962678e-01
 1.69433523e-01 -2.71977711e-01
 -1.70833286e-01 8.57729273e-01
 2.80230907e-01 -2.66966478e-01
 2.78577221e-01 -2.67302182e-01
 5.42139872e-01 4.02376696e-01
 2.80324221e-01 -2.67034884e-01
 -5.29128711e-01 -2.28055457e-01
 -9.31053557e-02 7.63890510e-01
 2.88289360e-01 -2.67792852e-01
 2.24595513e-01 -2.86382705e-01
 2.72558552e-01 -2.98880267e-01
 8.04137017e-02 6.89410425e-01
 1.92427110e-01 -6.49029221e-01
 1.92292739e-01 -2.85655166e-01
 -2.74303947e-01 7.62905986e-01
 2.85146167e-01 -2.71761753e-01
 1.84845905e-01 -2.80934275e-01
 5.78817954e-01 -2.27793187e-02
 1.88439347e-01 -2.82752527e-01
 1.71392598e-01 -2.73404601e-01
 -8.00227279e-01 6.83927774e-01
 5.16532595e-01 -7.00089657e-01
 -2.56416464e-01 -5.07008825e-02
 2.10423942e-01 -2.85884415e-01
 2.18646675e-01 -2.85186665e-01
 2.17046414e-01 -2.86062805e-01
 -3.96095707e-02 9.00000000e-01
 -1.31531186e-01 -4.41757778e-01
 2.81341188e-01 -2.66419829e-01
 2.94067847e-01 -2.71508345e-01
 -1.55871735e-02 8.78186182e-01
 1.95135702e-01 -2.86368228e-01
 2.76082861e-01 -2.70445021e-01
 2.87938862e-01 -2.75502781e-01
 2.27294709e-01 -2.93994612e-01
 2.86879740e-01 -2.58041079e-01
 2.34599177e-01 -2.90251533e-01
 3.16200414e-01 5.42058481e-01
 3.69069090e-01 -6.17132996e-01
 2.86712466e-01 -2.75434696e-01
 1.68306454e-01 -5.08855428e-01
 1.87277495e-01 -2.82176975e-01
 2.87653142e-01 -2.68508962e-01
 2.03596033e-01 -2.85849587e-01
 1.77046475e-01 -2.76307056e-01
 6.72048818e-01 4.61712715e-01
 2.85595237e-01 -2.66252327e-01
 2.52766010e-01 -1.87647061e-01
 1.85179428e-01 -2.81174205e-01
 2.86061237e-01 -2.75528649e-01
 6.13669244e-01 -3.95081432e-01
 -6.68082715e-01 -2.37531315e-01
 1.42476664e-01 2.21432954e-01
 1.81523650e-01 -2.78906608e-01
 2.91542296e-01 -2.72542257e-01
 5.06687252e-02 8.64963247e-01
 3.85363563e-02 8.84197258e-01
 2.10415296e-01 -2.85874606e-01
 2.21610367e-01 -2.86355298e-01
 2.85676337e-01 -2.66507955e-01
 -2.01437016e-01 -7.08612331e-02
 6.42950901e-01 2.33747741e-01
 2.31804803e-01 -2.89946654e-01
 2.23464377e-01 -2.87246106e-01
 -6.70190177e-01 -4.87628209e-01
 -6.09895996e-02 7.02079272e-01
 2.97803839e-01 -5.79863995e-01
 1.94949245e-01 -2.86637975e-01
 2.35004474e-01 -2.86688963e-01
 6.05248582e-01 6.10847576e-02
 1.87473182e-01 -2.82214284e-01
 4.66837585e-01 7.58537225e-01
 -4.89667482e-01 -1.59498744e-01
 2.80242745e-01 -2.67009801e-01
 2.85095294e-01 -2.75508099e-01
 2.41234893e-01 -5.56576179e-01
 -2.64258590e-01 -2.93846365e-01
 2.28045138e-01 -2.88252579e-01
 2.21478652e-01 -2.86261692e-01
 2.82161899e-01 -2.75079332e-01
 2.31341769e-01 -2.92397136e-01
 2.71502048e-01 -8.03252094e-01
 -6.42522212e-01 -2.21039578e-01
 2.86253975e-01 -2.74397713e-01
 2.21236688e-01 -2.85001769e-01
 2.31806292e-01 -2.89642645e-01
 2.29871522e-01 -2.92982952e-01
 2.84702871e-01 -2.66867896e-01
 2.23848171e-01 -2.86684176e-01
 -1.18155286e-01 7.68346571e-01
 2.67752510e-01 -2.95296860e-01
 2.28518976e-01 -2.91736347e-01
 5.65763866e-01 3.22611096e-01
 2.09771398e-01 -2.85398640e-01
 2.26068400e-01 -2.86560832e-01
 2.68329205e-01 -2.94970741e-01
 -2.97795903e-01 -1.09199773e-01
 2.68707428e-01 -2.97128267e-01
 3.66392141e-01 -4.25389129e-01
 1.22907714e-01 -9.00000000e-01
 5.62473528e-01 5.61898853e-01
 5.20165884e-01 -3.10928045e-01
 2.86739108e-01 -2.73447931e-01
 2.28709643e-01 -2.85584776e-01
 8.12175764e-02 7.13437088e-01
 2.85486211e-01 -2.66188588e-01
 1.79271068e-01 -2.77809813e-01
 2.32557619e-01 -2.89750170e-01
 1.86057247e-01 -2.81678268e-01
 2.33261382e-01 -2.87354135e-01
 2.15257605e-01 -2.83874110e-01
 2.20620905e-01 -2.85630401e-01
 2.86884141e-01 -2.75706266e-01
 2.89940742e-01 -2.71405878e-01
 2.57566392e-01 3.26879916e-01
 1.13693121e-01 7.87883023e-01
 2.91284941e-01 -2.72351745e-01
 4.39271598e-01 -9.86976328e-02
 2.86390170e-01 -2.74643375e-01
 2.27540727e-01 -2.87128887e-01
 2.31791884e-01 -2.90903646e-01
 2.02812648e-01 -2.85768527e-01
 2.17589266e-01 -2.84996687e-01
 2.21905314e-01 -2.84451112e-01
 -6.45831997e-01 -5.17984327e-01
 6.97591290e-01 2.72018610e-01
 2.33884806e-01 -2.87708771e-01
 5.92307755e-01 -7.60413721e-01
 3.30610628e-01 -7.66912220e-01
 2.86996692e-01 -2.68962317e-01
 2.69940429e-01 -2.93966145e-01
 2.89894819e-01 -2.71282881e-01
 2.06805584e-01 -2.85677326e-01
 5.58348136e-01 -7.65660059e-01
 2.21805215e-01 -2.87306708e-01
 2.84882621e-01 -2.61719316e-01
 4.93377843e-02 -1.84233359e-01
 1.93853997e-01 -2.84816218e-01
 2.42133403e-01 -2.87018896e-01
 2.84687005e-01 -2.67841591e-01
 2.70184274e-01 -2.95798532e-01
 5.09411381e-02 -7.20661192e-01
 5.11746737e-01 1.14527521e-01
 2.26515853e-01 -2.89121414e-01
 4.16672889e-01 7.54538185e-01
 2.26783866e-01 -2.85805495e-01
 2.68637443e-01 -2.96445029e-01
 2.88071875e-01 -2.66535386e-01
 2.81823098e-01 -2.74784773e-01
 3.30518419e-02 8.67476003e-01
 4.98532254e-02 -7.44094968e-01
 5.52037730e-01 7.39530451e-01
 2.88259170e-01 -2.74206226e-01
 2.71670079e-01 -2.99750009e-01
 2.21244268e-01 -2.85006325e-01
 2.25932824e-01 -2.89623801e-01
 -7.63445705e-01 -1.49381918e-01
 8.01315427e-02 7.98851255e-01
 2.68126428e-01 -2.97219618e-01
 1.94692675e-01 -2.86231006e-01
 -8.38825171e-02 -3.16561972e-01
 2.81868221e-01 -2.74798254e-01
 2.63515609e-01 -8.42781508e-01
 -1.90813334e-01 -3.77128742e-01
 1.79400376e-01 -2.77711869e-01
 2.83792163e-01 -2.60228668e-01
 2.86713470e-01 -2.75277376e-01
 6.14784077e-01 5.77656921e-01
 5.91425547e-01 -6.89336854e-01
 5.92326066e-01 -1.30241139e-01
 2.89895981e-01 -2.71300278e-01
 -4.81004163e-01 -1.40905103e-01
 -2.50035306e-01 7.62360044e-01
 2.24075880e-01 -2.87098941e-01
 -5.03070839e-02 -7.30683604e-01
 2.88954544e-01 -2.69126372e-01
 2.82500921e-01 -2.66679741e-01
 2.87962561e-01 -2.60600148e-01
 2.93101839e-01 3.84349727e-01
 2.83576684e-01 -2.66731319e-01
 -1.50538494e-01 -6.00823106e-01
 2.89103379e-01 -2.65293104e-01
 6.62202374e-01 -4.87601210e-02
 2.66496733e-01 -2.95355962e-01
 2.23749220e-01 -2.85919278e-01
 -7.00046949e-01 6.65237152e-01
 -2.16649202e-01 8.11206981e-01
 4.05184967e-01 -5.91876645e-01
 1.64487668e-01 -2.69801474e-01
 2.09730311e-01 -6.75606355e-01
 2.22039326e-01 -2.87120453e-01
 5.03866292e-01 6.10332092e-01
 -2.32567536e-01 -4.43987792e-01
 1.03521881e-01 -6.74097164e-01
 2.90204366e-01 -2.71110034e-01
 2.21874151e-01 -2.85819683e-01
 2.32504336e-01 -2.91579305e-01
 2.88741242e-02 5.53471857e-01
 -2.17437947e-01 7.87914647e-01
 2.67938726e-01 -2.95533760e-01
 2.29325264e-01 -2.90990226e-01
 -9.44081936e-02 6.90990273e-01
 2.25921790e-01 -2.86393080e-01
 -3.95094377e-02 -6.47002046e-01
 2.22413824e-01 -2.86914357e-01
 1.93362997e-01 -2.84525896e-01
 7.55644266e-01 -3.97858666e-01
 2.82544404e-01 -2.76581642e-01
 2.88459225e-01 -2.70372221e-01
 -1.57579779e-02 -6.17872974e-01
 1.49475963e-01 -7.49047093e-01
 2.84728785e-01 -2.66905871e-01
 -3.33539503e-01 -3.24387524e-01
 2.18894627e-01 -2.83076456e-01
 2.84921941e-01 -2.61784690e-01
 -3.13789531e-01 -8.62590394e-02
 4.96267678e-01 -1.24815569e-01
 2.20361697e-01 1.69717489e-01
 2.88621439e-01 -2.73720744e-01
 1.89211117e-01 -2.83081475e-01
 2.80835084e-01 -2.65978441e-01
 -2.88251121e-01 -1.92555123e-01
 -8.73862987e-02 -6.49764565e-01
 2.76773365e-01 -4.35737270e-01
 2.25978290e-01 -2.86552298e-01
 2.14959441e-01 -2.87494558e-01
 -6.65274382e-01 -3.87550493e-01
 3.12093654e-01 -4.30509934e-01
 3.66706925e-01 -3.20388626e-02
 2.82575634e-01 -2.66839189e-01
 2.69202924e-01 -2.97252078e-01
 5.58643451e-01 -4.85751217e-01
 2.46058031e-01 -2.88536635e-01
 2.80942386e-01 -2.66514759e-01
 2.88962104e-01 -2.73954190e-01
 2.88056212e-01 -2.66520258e-01
 4.60466178e-01 6.96664316e-01
 2.17013100e-01 -2.86055304e-01
 -1.51121273e-02 7.17503495e-01
 2.81001857e-01 -2.66560257e-01
 -8.96510079e-04 -5.84528635e-01
 2.89508009e-01 -2.68055447e-01
 3.66262088e-01 5.18436930e-01
 6.40827773e-01 -5.07841030e-03
 2.42608004e-01 1.37873163e-01
 4.67267121e-01 7.66195757e-01
 3.37033371e-02 -6.64442100e-01
 2.03411694e-01 -2.85471222e-01
 -4.10887982e-01 -1.09231627e-01
 2.88910095e-01 -2.69441749e-01
 -6.08050671e-01 -1.29348319e-01
 -8.74549626e-02 6.27727660e-01
 -5.96396051e-01 -5.84533366e-01
 5.69851319e-02 -7.22577332e-01
 -3.83143423e-01 8.30953061e-01
 2.71314933e-01 -2.96641282e-01
 2.83640019e-01 -2.73259674e-01
 2.86793359e-01 -2.74190627e-01
 2.18650811e-01 -2.85187884e-01
 5.89054599e-01 6.46501419e-01
 -2.56537650e-01 -3.60469164e-01
 2.40701799e-01 -2.87355103e-01
 2.85946114e-01 -2.65981828e-01
 2.66683591e-01 -2.97366814e-01
 2.17111896e-01 -2.84602869e-01
 3.46880073e-01 -8.11153407e-01
 1.67984194e-01 -2.71294753e-01
 1.94549844e-01 -2.85500541e-01
 2.08477820e-01 -4.66205422e-01
 2.84055370e-01 -2.66557293e-01
 2.31936809e-01 -2.91046796e-01
 2.83174814e-01 -2.69464406e-01
 4.82051340e-01 -7.40057695e-01
 2.70050925e-01 -2.93959832e-01
 1.82921126e-01 -2.80037374e-01
 1.05478155e-01 -5.64674169e-01
 4.11895383e-01 -6.78310666e-01
 -7.21340066e-01 -1.37872885e-01
 -2.59057657e-03 8.38720492e-01
 -5.04686556e-01 -1.09401094e-01
 -1.37840945e-01 7.83297193e-01
 1.53526458e-01 -4.74832953e-01
 2.80242616e-01 -2.67087554e-01
 -4.80789705e-02 8.93083755e-01
 -6.57910907e-01 6.70187887e-01
 -5.48127063e-01 -3.63353376e-01
 2.85619327e-01 -2.66293898e-01
 2.83974928e-01 -2.59976389e-01
 5.11412079e-02 -6.50391031e-01
 -9.90251237e-02 8.91700454e-01
 6.06466643e-01 -5.22576844e-02
 5.08564792e-01 6.85051078e-01
 -4.27964720e-01 -2.73279367e-01
 2.25420906e-01 -2.89623397e-01
 2.83589056e-01 -2.66823076e-01
 5.15133019e-01 4.88578167e-01
 2.36983059e-01 -2.88674062e-01
 1.67225544e-01 -2.70959555e-01
 2.26993444e-01 -2.89002354e-01
 -5.27819808e-01 -4.66712237e-01
 -7.53880264e-02 -5.52870155e-01
 7.44292641e-01 -3.73863385e-01
 2.87726538e-01 8.51146777e-01
 3.00513563e-01 2.91689011e-01
 -7.39613980e-01 -2.59895485e-01
 2.36220668e-01 -2.86372047e-01
 1.81722709e-01 -2.79011888e-01
 2.10431846e-01 -2.85636122e-01
 2.23841893e-01 -2.87955831e-01
 4.47075712e-01 -6.28765047e-01
 1.28706083e-01 3.32539198e-01
 2.20088186e-01 -2.84970619e-01
 1.87259582e-01 -2.81963751e-01
 2.17654389e-01 2.36260297e-01
 -2.36828918e-01 -1.47494991e-01
 1.94924995e-01 -2.86622980e-01
 2.06028270e-01 -2.85593443e-01
 2.69089256e-01 -2.96508657e-01
 2.88829522e-01 -2.70377844e-01
 2.70459437e-01 -2.98583995e-01
 -3.42709269e-01 -5.29154215e-01
 -3.71602872e-01 -9.73549744e-02
 1.85516300e-01 -2.81068041e-01
 9.68285483e-02 -6.47939554e-01
 -4.79058333e-01 -1.39791991e-01
 1.86956542e-01 -2.81764626e-01
 2.83166651e-01 -2.69501742e-01
 3.12622665e-01 -4.84242610e-01
 -7.47160963e-01 -5.32113875e-01
 2.88789982e-01 -2.70390511e-01
 6.34886531e-01 -3.38483570e-01
 -2.24593429e-01 -9.50633878e-02
 -6.17010558e-01 -6.44842124e-01
 2.91839714e-01 -2.73214345e-01
 2.76054065e-01 -2.70438485e-01
 2.87655121e-01 -2.68353591e-01
 2.58790781e-01 -7.66347181e-01
 -4.79915809e-01 -2.38524380e-01
 1.78691248e-01 -2.77074077e-01
 -3.22725232e-02 8.84423465e-01
 -4.31402893e-01 -1.59732292e-01
 -6.25930569e-03 8.24205023e-01
 -5.06763823e-01 7.03685327e-01
 -1.20302986e-02 4.23770026e-01
 2.87966129e-01 -2.74758908e-01
 2.89536959e-01 -2.69818500e-01
 2.77752770e-01 -2.65953723e-01
 8.47658055e-02 6.36368793e-01
 1.93377031e-02 -5.60134198e-01
 -1.36070665e-01 -8.25044698e-02
 2.17003747e-01 -2.86051119e-01
 1.85079513e-01 -2.81284456e-01
 4.20407178e-01 1.28689864e-01
 6.74581400e-01 -4.16061154e-01
 2.84183770e-01 -2.63720230e-01
 -1.83814606e-01 7.25233005e-01
 2.34924352e-01 -2.90622691e-01
 1.73853503e-01 -2.75241150e-01
 2.66501627e-01 -2.95380077e-01
 2.85187094e-01 -2.66530623e-01
 2.25878293e-01 -2.86373268e-01
 3.11840287e-01 4.76859486e-01
 2.22405530e-01 -2.83276366e-01
 4.73609053e-01 5.29804441e-01
 7.49806667e-01 -1.86482454e-01
 -4.39789820e-01 -4.35222897e-01
 3.78332765e-01 -2.13330860e-02
 2.80202702e-01 -2.63115945e-01
 -1.04641028e-01 -7.04330213e-01
 1.71593614e-01 -2.73608940e-01
 5.13999226e-01 3.04448085e-01
 4.42015617e-01 7.90639556e-01
 2.26133918e-01 -2.87301490e-01
 2.22554489e-01 -2.83317201e-01
 -2.83279963e-01 -5.22103416e-01
 -2.95821873e-02 -7.43229084e-01
 -2.43214450e-01 -5.28816526e-01
 2.85037671e-01 -2.74548129e-01
 2.26263294e-01 -2.87832986e-01
 2.80126466e-01 -2.63489001e-01
 2.86466441e-01 -2.74377916e-01
 -8.02121336e-01 6.99171846e-01
 1.18942432e-01 8.71592271e-01
 2.45194091e-01 -2.85673399e-01
 2.31544189e-01 -2.90842135e-01
 1.98191384e-01 -5.33730365e-01
 6.46139871e-01 -1.62460252e-02
 2.89376104e-01 -2.67932901e-01
 2.67157265e-01 -2.97321464e-01
 5.73647348e-01 7.30945759e-01
 4.84427795e-01 7.19735500e-01
 1.87423993e-01 -2.82186242e-01
 1.44285665e-01 8.67301314e-01
 2.10229637e-01 -2.85275780e-01
 5.64689952e-01 -6.59952020e-01
 -4.34296270e-02 -3.72683744e-01
 2.87085743e-01 -2.72202289e-01
 -1.57771942e-01 -2.94057726e-01
 1.74825084e-01 -2.75791871e-01
 -1.14064688e-01 7.59069546e-01
 3.31998504e-01 -5.41939976e-01
 1.61262841e-01 1.66941754e-01
 2.19876293e-01 -2.85359901e-01
 2.19524994e-01 -2.85478539e-01
 2.80193731e-01 -2.63103432e-01
 2.36829578e-01 -2.86737119e-01
 1.71734872e-01 -2.73541149e-01
 2.82529988e-01 -2.76603118e-01
 2.88847031e-01 -2.69355238e-01
 1.76099904e-01 -8.38366622e-01
 2.68057159e-01 -2.94387136e-01
 2.69291039e-01 -2.97177366e-01
 2.29242523e-01 -2.85345997e-01
 6.03487227e-01 5.60305782e-01
 2.25911449e-01 -2.86214153e-01
 1.76814340e-01 -2.76236304e-01
 2.89563917e-01 -2.68112766e-01
 1.70694245e-01 -2.72728661e-01
 2.84090764e-01 -2.72593843e-01
 2.84704168e-01 -2.66932550e-01
 2.82652852e-01 -2.66951673e-01
 2.82541917e-01 -2.74248369e-01
 -3.76852595e-01 -5.04449071e-01
 1.85322869e-01 -2.81017727e-01
 1.86841700e-01 -2.81694960e-01
 2.85611062e-01 -2.66268391e-01
 2.68979391e-01 -2.97646167e-01
 2.30935167e-01 -2.91204800e-01
 2.85504865e-01 -2.58471608e-01
 2.88931255e-01 -2.73979361e-01
 -1.49050251e-01 4.58782285e-01
 2.89595820e-01 -2.68132761e-01
 2.16366193e-01 -2.83611505e-01
 -8.99510045e-02 8.11092425e-01
 2.90886592e-01 -2.73519447e-01
 -2.40451799e-02 8.63817001e-01
 3.96828594e-02 5.36880321e-01
 -2.02252220e-01 6.97437551e-01
 1.81564571e-01 -2.79023239e-01
 6.87400468e-01 1.28153273e-02
 2.00452504e-01 -6.49004217e-01
 2.89251399e-01 -2.72512444e-01
 -2.27632527e-01 -5.98696690e-01
 1.69767651e-01 4.19386764e-01
 4.14593833e-01 -4.41449538e-01
 4.96403253e-01 5.90521909e-01
 5.63422333e-01 7.60102105e-01
 2.11164195e-01 -2.85609010e-01
 2.89577124e-01 -2.67823098e-01
 4.02396244e-02 8.43282596e-01
 -1.92969575e-01 7.79399379e-01
 2.85478006e-01 -2.57398062e-01
 1.89652548e-01 -2.82921175e-01
 -3.32049762e-02 -6.29039298e-01
 2.73663170e-01 -2.98445709e-01
 1.47053225e-01 -5.38287280e-01
 2.23891510e-01 -2.85581874e-01
 2.84144080e-01 -2.72500784e-01
 1.79729468e-01 -4.89480274e-01
 -1.52549102e-01 -1.70188227e-01
 3.62585521e-01 1.68224023e-01
 2.80716069e-01 -2.66672096e-01
 2.30368877e-01 -2.88596401e-01
 5.41736597e-01 4.79046470e-01
 2.38538151e-01 -2.85740369e-01
 3.00950623e-01 -7.15297892e-01
 2.31079757e-01 -2.85457377e-01
 -1.20634308e-02 6.43358013e-01
 5.52235019e-01 9.30961680e-02
 -1.79720384e-01 -6.39716670e-02
 3.69753032e-01 -8.51975090e-01
 2.83806384e-01 -2.60291404e-01
 4.74368957e-02 -7.59075943e-01
 2.85337442e-01 -2.57041101e-01
 2.33252801e-01 -2.87352959e-01
 2.87641532e-01 -2.67119035e-01
 4.44195248e-01 -7.33031927e-01
 6.59890130e-01 -2.76181606e-02
 2.85863115e-01 -2.75540475e-01
 2.70185511e-01 -2.99612700e-01
 2.69483040e-01 -2.97502536e-01
 2.88598520e-01 -2.73674002e-01
 2.11546774e-01 6.81705939e-01
 2.16267789e-01 -2.83583558e-01
 2.24103913e-01 -2.85852062e-01
 2.89567660e-01 -2.56280296e-01
 2.87505481e-01 -2.65893088e-01
 2.86910165e-01 -2.75788934e-01
 1.54046142e-01 3.79066036e-01
 2.82560740e-01 -2.74103881e-01
 3.79023688e-01 7.04798284e-01
 1.94933182e-01 -2.86623862e-01
 2.73018263e-01 -2.99099025e-01
 2.68313961e-01 -2.94970744e-01
 -5.14010892e-02 5.65103872e-01
 2.86614319e-01 -2.74296863e-01
 3.39091531e-01 -7.05499209e-01
 2.86456352e-01 -2.68659260e-01
 2.70237695e-01 -2.93712670e-01
 2.17076925e-01 -2.84988657e-01
 -6.49383642e-02 5.79180164e-01
 2.91301329e-01 -2.72306569e-01
 -6.73047501e-01 1.78560027e-01
 2.30359686e-01 -2.88595750e-01
 2.91173619e-01 -2.58917493e-01
 2.87683569e-01 -2.67673900e-01
 2.20530697e-01 -2.85057094e-01
 2.71707207e-01 -2.98731259e-01
 1.65007876e-01 3.03302675e-01
 7.04952238e-01 -4.21043432e-01
 2.16334477e-01 -2.83601628e-01
 2.70917495e-01 -2.95210648e-01
 2.81337384e-01 -2.75147851e-01
 2.28688463e-01 -2.86191075e-01
 2.62965780e-01 -2.77097698e-01
 2.68720332e-01 -2.95159094e-01
 5.16222436e-01 -1.51090079e-01
 2.86968749e-01 -2.66591140e-01
 -5.83879569e-02 -6.70141678e-01
 -6.90061060e-01 -5.45003586e-01
 1.55758297e-01 -8.14156578e-01
 2.24425115e-01 -2.85888334e-01
 2.86625075e-01 -2.74290141e-01
 6.99354679e-02 -7.24307793e-01
 -5.78046064e-02 -6.99610271e-01
 2.36698042e-01 -2.88569682e-01
 -3.08553600e-01 -1.18861692e-01
 2.70054962e-01 -2.93927827e-01
 2.85508983e-01 -2.57445705e-01
 2.71425829e-01 -2.96691055e-01
 -7.07043601e-02 -5.62943891e-01
 2.88672966e-01 -2.68959531e-01
 6.88873909e-01 -4.75360300e-01
 2.85049996e-01 -2.75511106e-01
 2.85952483e-01 -2.57880544e-01
 1.73940021e-01 2.21155318e-01
 5.17520692e-01 9.03214481e-02
 -1.73589285e-01 -6.91875039e-01
 2.73425139e-01 8.44260818e-01
 2.28989130e-01 -2.88447235e-01
 -3.70348870e-01 -1.66113962e-01
 2.84097789e-01 -2.72539958e-01
 5.95489374e-01 -6.46730546e-01
 2.86130777e-01 -2.74334671e-01
 -3.59713542e-01 7.21566400e-01
 2.85149577e-01 -2.71737212e-01
 2.80250798e-01 -2.67018762e-01
 -4.78915205e-02 5.88281127e-01
 2.90101943e-01 -2.71788437e-01
 2.89234900e-01 -2.72561419e-01
 1.42116626e-01 -2.61443591e-01
 2.80187252e-01 -2.63485391e-01
 2.86657695e-01 -2.75496989e-01
 -9.17085686e-02 -8.14113799e-01
 2.63143236e-01 -2.76845949e-01
 2.82527311e-01 -2.66709792e-01
 1.57478211e-01 1.58139078e-01
 2.84915863e-01 -2.71053741e-01
 2.89604239e-01 -2.68964908e-01
 2.89348614e-01 -2.56600408e-01
 3.83084488e-01 7.69292204e-01
 -9.92944306e-02 -5.75786348e-01
 -3.86228712e-01 -2.58501557e-01
 2.29530230e-01 -2.92729621e-01
 1.92541808e-01 -2.85771530e-01
 2.80478661e-01 -2.78513828e-01
 2.86282104e-01 -2.61704005e-01
 -1.54187067e-01 -1.04010075e-01
 -1.91188424e-01 -5.66504234e-01
 5.15935035e-01 -6.36946504e-01
 1.93663314e-01 -2.84691275e-01
 2.83141651e-01 -2.69612856e-01
 4.48121199e-01 4.59741991e-01
 2.85783193e-01 -2.57167912e-01
 2.90107997e-01 -2.71756557e-01
 2.23818318e-01 -2.87123440e-01
 2.85562069e-01 -2.66165548e-01
 -9.00000000e-01 2.22642609e-01
 2.26873149e-01 -2.85836573e-01
 -2.21648675e-01 -1.01865661e-01
 2.02101262e-01 -2.85081957e-01
 1.84168216e-01 -2.80638435e-01
 2.81096631e-01 -2.75243190e-01
 5.17173640e-01 -4.91458518e-01
 1.91932001e-01 -2.83814930e-01
 6.12147231e-01 -1.04827874e-01
 1.58741741e-01 -2.67490848e-01
 3.04614613e-02 -5.10746356e-01
 2.28981796e-01 -2.86209588e-01
 1.94642980e-01 -2.86201812e-01
 2.69087124e-01 -2.96432197e-01
 -3.53597847e-01 -1.51683354e-01
 5.58837087e-01 -6.61257729e-01
 2.97765539e-01 7.03929806e-01
 1.55931732e-01 4.05888213e-01
 -1.19470924e-01 -2.37208978e-01
 4.98851689e-01 5.98361874e-01
 2.31134557e-01 -2.92301531e-01
 2.89695436e-01 -2.71531606e-01
 -5.03680107e-01 -2.67058290e-01
 2.36607624e-01 -2.87027475e-01
 2.05037548e-01 -2.84843595e-01
 2.80970311e-01 -2.66554849e-01
 1.08843760e-01 -2.42316335e-01
 1.68650515e-01 -2.71566704e-01
 2.10159875e-01 -2.84017597e-01
 -8.20309415e-02 -4.42128093e-01
 2.84248002e-01 -2.70895000e-01
 -6.34324071e-01 -1.44873373e-01
 2.85455278e-01 -2.65947091e-01
 2.30386252e-01 -2.88745327e-01
 7.49795039e-01 -4.03170863e-01
 -2.41726398e-01 6.77644079e-01
 2.94044252e-01 -2.71508056e-01
 4.49756493e-01 7.11141830e-02
 2.25951135e-01 -2.94302125e-01
 -1.88664688e-01 -1.15544550e-01
 2.32566541e-01 -2.89754072e-01
 2.23431953e-01 -2.87253377e-01
 2.91094259e-01 -2.58543335e-01
 1.47979266e-01 -2.63642816e-01
 6.25585593e-01 -6.41093517e-01
 5.72983514e-01 -7.38030778e-02
 7.32451413e-01 -3.78871593e-01
 4.02957469e-01 5.13588243e-01
 2.05715877e-01 -2.85556442e-01
 2.06523960e-01 -2.85654883e-01
 2.26448993e-01 -2.87782550e-01
 2.82940525e-01 -2.60567372e-01
 1.40786490e-01 -8.74257125e-01
 2.33852824e-01 -2.87695857e-01
 2.21570478e-01 -2.86288999e-01
 4.93958984e-01 -6.41951633e-01
 1.06122765e-01 -5.83269284e-01
 1.64684780e-01 6.41924219e-01
 9.83020135e-02 -8.28572520e-01
 1.82169671e-01 -2.79713951e-01
 1.71050414e-01 -2.73294917e-01
 2.83878578e-01 -2.67684071e-01
 -4.54964166e-01 -9.98811113e-02
 7.45300958e-01 2.25394244e-01
 -6.71124866e-01 -4.39645123e-01
 2.17066630e-01 -2.84597778e-01
 6.05005368e-01 -6.29084831e-01
 1.83306207e-01 -2.80184399e-01
 -1.33503258e-01 -7.66788236e-01
 2.30905054e-01 -2.91366253e-01
 2.87062886e-01 -2.72215041e-01
 1.31189213e-01 8.01418947e-01
 2.30098974e-01 -2.87982658e-01
 1.70108635e-01 -2.72412651e-01
 6.14695737e-03 3.55635642e-01
 2.88549759e-01 -2.65919837e-01
 2.70184968e-01 -2.95795862e-01
 3.15689675e-01 7.31966111e-02
 -2.76729155e-02 -7.93643358e-01
 5.42027592e-01 2.09351637e-01
 4.37531269e-01 2.69116832e-01
 2.88886754e-01 -2.69410170e-01
 5.67825012e-01 8.40347904e-01
 2.11633419e-01 -2.85957614e-01
 2.02455161e-01 -2.85635926e-01
 2.69708005e-01 -2.95778069e-01
 5.34471607e-02 -4.04113901e-01
 4.85217552e-01 3.34601173e-01
 2.83606693e-01 -2.66762760e-01
 2.89851662e-01 -2.71907807e-01
 3.89471043e-01 5.48305021e-01
 2.90998798e-01 -2.73285711e-01
 4.70975192e-01 -7.14468268e-01
 -1.66163638e-01 -6.76244652e-01
 2.82692109e-01 -2.67059987e-01
 -3.90772225e-01 -4.38333097e-01
 5.68680910e-01 5.01043450e-01
 -3.90131957e-02 6.40693496e-01
 2.86992406e-01 -2.66614841e-01
 1.85669621e-01 -2.81438000e-01
 1.94104322e-01 -2.85409846e-01
 -4.67444503e-01 -4.09753399e-01
 1.80677531e-01 -8.07986248e-01
 5.73759010e-02 3.78777573e-01
 4.46531190e-01 7.00002075e-01
 2.04194829e-01 3.30849455e-01
 1.82992593e-01 -2.80077234e-01
 1.49074257e-01 8.14509697e-01
 -2.82481607e-01 -5.68272498e-01
 2.70876884e-01 -2.95206345e-01
 2.88542428e-01 -2.65928586e-01
 2.26835542e-01 -2.87538542e-01
 -6.43878218e-01 -6.29876813e-01
 2.02904260e-01 -2.85711180e-01
 -2.02987009e-01 -1.69525257e-01
 2.19117578e-01 -2.82565725e-01
 -1.04013279e-01 -4.48999040e-01
 4.27532616e-01 3.15766372e-01
 2.70714509e-01 -2.98694984e-01
 2.84621595e-01 -2.70080432e-01
 2.63576739e-01 8.08269760e-01
 5.79168364e-01 9.37378814e-02
 -5.35409931e-02 -5.84634369e-01
 2.84784125e-01 -2.70284243e-01
 2.26856116e-01 -2.87547422e-01
 -2.27481931e-01 -7.03082539e-01
 2.87814031e-01 -2.68398683e-01
 -5.06336047e-02 6.27048492e-01
 2.85180373e-01 -2.71766826e-01
 3.75314865e-01 7.18597572e-01
 2.84636740e-01 -2.70178150e-01
 2.30000455e-01 -2.92521471e-01
 2.84613539e-01 -2.70096430e-01
 -1.78162513e-01 -6.80944056e-01
 3.49676314e-01 1.81871094e-01
 2.86947019e-01 -2.75616062e-01
 2.03768456e-01 -2.85894704e-01
 2.05190923e-01 -2.84915955e-01
 -1.45910925e-01 -3.66718360e-01
 3.39601171e-01 4.54833142e-01
 2.89509431e-01 -2.69837388e-01
 -3.91024814e-01 -4.50159878e-01
 1.95280236e-01 -2.86213350e-01
 2.86693008e-01 -2.75401762e-01
 2.89534572e-01 -2.73693582e-01
 -4.89475391e-01 -3.31623651e-01
 1.96455339e-01 -6.43669992e-01
 2.88190852e-01 -2.73004081e-01
