863 432 2008
1495 1351 920
1881 657 1254
1301 725 1878
285 1301 1934
285 1301 1878
285 1006 1934
1766 721 2008
1589 1495 920
1393 1351 1438
1613 1881 657
1637 1613 1194
1637 1613 1881
1892 1613 1194
974 1608 432
1725 1058 1608
1628 863 432
1628 47 863
1628 974 432
21 657 1254
21 1766 2008
21 1613 657
566 863 2008
566 721 2008
559 1692 666
559 1673 666
1801 1692 666
1801 1608 432
310 1801 1608
751 1351 920
275 751 1351
64 611 1413
1985 725 1878
86 725 784
86 1462 725
324 1301 1934
71 768 89
1577 1891 1779
578 89 590
334 768 89
269 334 89
269 334 2017
1886 2017 732
1886 254 973
487 59 1575
487 427 977
487 427 59
76 1963 481
734 76 171
1028 1891 621
1028 1612 621
1028 1891 1779
1028 578 89
1028 578 1779
1239 276 1386
1583 276 1386
1812 1578 738
1981 1902 1882
1463 1462 725
1463 1462 1150
1463 278 1150
1202 21 1254
1987 21 1766
1987 1848 1766
1987 1202 21
1987 1848 1254
1987 1202 1254
79 285 1878
1761 1801 1448
1761 310 1801
691 1725 1608
691 310 1608
551 559 1692
936 1673 1082
936 559 1673
936 551 559
460 1393 1351
460 275 1351
460 1393 716
1106 280 285
834 285 1457
834 280 285
51 1569 931
337 1963 1644
1647 1521 1395
1647 152 1521
1284 1569 1644
1461 690 1230
1461 1522 1230
1796 64 611
1796 1551 1230
1796 1551 64
1690 1522 987
13 1673 666
13 1673 1082
13 1534 1497
1228 1985 725
955 1985 1878
60 503 784
60 1617 503
60 725 784
60 1301 725
281 59 1575
1450 503 784
1450 86 784
321 1655 130
40 321 1655
40 321 1155
1509 578 1779
145 334 768
1322 334 2017
1322 1886 2017
1217 427 682
1217 1613 682
1217 1892 1613
1918 1892 977
1918 427 977
1918 1217 1892
1918 1217 427
1721 1892 977
1721 1183 977
1721 1892 1194
1721 1183 1231
1721 1376 1194
1721 1376 1231
802 427 59
802 427 682
2018 834 1457
2018 262 377
2018 831 1457
2018 262 831
550 1226 1555
550 354 1226
1651 1695 1907
1323 596 1007
1323 435 1007
1853 480 1295
1853 480 1484
1938 779 1550
1852 422 1484
1852 422 435
1852 435 1007
1281 1110 230
498 1110 1940
498 1110 605
498 806 605
988 498 806
988 806 621
988 498 1940
212 2017 732
212 269 2017
1084 830 1007
1084 596 1007
1084 434 1612
1084 434 596
1174 276 831
1174 831 1457
1174 285 1457
1174 285 1006
1489 1174 276
2005 1006 1934
2005 1174 1006
1344 276 831
1344 1239 276
1344 1527 831
1872 1226 1555
1872 1239 1226
577 1583 276
577 1489 276
673 1695 1907
403 1554 1441
1086 391 1907
1086 1651 1907
1086 1651 533
1086 391 1991
1086 533 1991
433 1554 1441
730 1661 1054
1826 753 738
1826 1351 738
475 403 1981
2002 556 738
620 1578 889
1162 1578 738
2046 1420 1633
1840 1141 354
1388 673 1695
1388 1651 1013
1388 1651 1695
1400 1652 1633
1400 1420 1633
2019 1840 207
2019 1840 1141
1222 1155 1633
1222 1652 1633
1222 2019 1155
1222 1652 207
1222 2019 207
836 434 732
836 1886 732
836 1886 254
1756 901 47
357 187 7
446 278 1026
446 1970 1026
990 566 721
990 743 721
203 1766 721
203 743 721
1978 2022 939
1978 79 285
1978 1106 285
48 931 939
48 2022 939
381 152 2022
756 1761 310
2021 691 1725
49 551 1645
49 1801 1448
49 1801 1692
49 551 1692
651 2035 751
1946 275 751
1946 2035 751
1946 2035 799
1268 51 2023
1268 51 1569
1268 1284 2023
1268 1284 1569
1733 51 2023
692 931 939
692 51 931
807 337 1413
807 337 1915
807 64 1413
807 1551 64
645 1569 931
645 1569 1644
744 343 1963
744 337 1963
744 337 1413
744 1529 343
1604 1647 1395
1206 1284 1644
1206 1963 1644
1206 76 1963
833 1903 1497
833 1461 1522
833 987 1497
833 1522 987
1208 1393 716
1208 1393 1438
634 1529 716
634 744 1529
1536 13 1534
1326 1228 1985
1528 79 496
1528 79 1878
300 1617 503
1783 300 1617
1956 324 1301
1676 916 622
1172 60 1301
1172 1956 1301
1172 1676 916
1172 1676 1956
132 1450 503
132 1450 1452
1573 132 1452
1573 132 1500
1587 301 1254
1587 1080 1254
1316 301 1254
866 321 1155
1969 550 1627
233 71 1655
233 40 1655
425 233 40
425 1969 254
1203 1768 921
1203 1509 921
1203 1509 578
1203 578 590
1181 1322 1886
1181 145 334
1181 1322 334
700 1183 1231
700 1664 1183
700 1664 1600
700 1094 1600
1423 281 59
1423 942 59
1423 942 519
891 519 590
891 942 519
1364 802 59
1364 942 59
1364 942 93
109 1110 230
109 1110 605
273 325 1177
1718 325 230
1718 325 1177
1718 970 1177
1718 109 230
1718 109 970
822 460 275
822 1946 799
822 1946 275
822 799 481
822 1963 481
1255 377 1884
1255 2018 377
871 1932 1884
871 1932 1832
322 734 171
322 864 171
322 1932 734
322 1932 1832
369 1323 596
369 434 596
369 836 434
369 1323 435
261 422 435
32 1853 116
32 1938 116
32 1938 779
32 1853 1295
769 1938 1349
177 480 1484
177 1852 1484
1545 1110 1940
1545 1281 1110
1545 1768 1161
1545 1281 1161
339 1509 1779
339 1509 921
210 988 621
210 1891 621
210 1577 1891
227 1768 921
227 1545 1940
227 1545 1768
1147 212 732
1147 212 1612
1147 434 732
1147 434 1612
1784 1028 1612
1784 212 1612
1784 1028 89
1784 269 89
1784 212 269
553 1084 830
553 1612 621
553 1084 1612
53 324 1934
53 2005 1934
1663 1651 533
1017 1239 1226
1017 461 1226
1017 461 1239
327 1388 1013
1616 354 1226
1616 461 1226
785 1344 1239
785 461 1239
785 461 1013
785 1651 1013
785 1663 1651
785 1663 1554
785 403 1554
785 1344 1527
785 403 1527
11 1872 583
11 1872 1239
162 1583 1386
1566 222 482
1566 482 738
1566 1812 738
580 1566 222
580 1566 1986
838 391 1907
838 673 1907
838 673 1737
2009 1578 889
2009 1812 1578
2009 379 1812
1996 391 1991
1996 379 391
211 403 1527
211 403 1981
211 1527 1882
211 1981 1882
1331 1533 1441
679 1589 1495
1375 323 1661
77 1826 506
77 1826 753
1480 730 1054
1480 1481 1054
1449 77 506
929 323 1661
929 1661 1054
1567 864 171
1567 1935 864
1567 76 171
1567 76 481
1567 1935 481
1043 1162 1420
1043 556 738
1043 1162 738
1087 620 1420
1087 620 1578
1087 1162 1578
796 673 1737
796 1388 673
796 1840 354
1266 836 1627
1266 836 254
1266 1969 1627
1266 1969 254
179 717 47
179 1756 47
1919 1756 901
298 1265 586
298 1366 1265
1711 1846 863
1711 566 863
41 161 974
41 1058 1608
41 974 1608
554 187 1753
517 1463 725
82 1228 725
82 947 725
198 446 1970
198 1463 278
198 446 278
198 357 7
1609 278 1150
1609 245 1150
765 1848 1766
765 203 1766
861 1462 1150
1466 79 496
1466 1978 79
1466 1978 2022
1466 381 496
1466 381 2022
385 48 931
385 152 2022
385 48 2022
378 691 310
378 756 310
378 756 396
573 2021 691
573 378 691
1800 751 920
1800 651 751
1800 1589 920
103 651 2035
103 1800 1589
103 1800 651
1048 834 280
1048 515 280
1048 1255 515
1048 2018 834
1048 1255 2018
312 515 2023
97 1733 2023
97 515 2023
97 515 280
1336 1687 1733
1336 1978 939
1336 1978 1106
1513 807 1915
1513 807 1551
523 1604 1395
523 824 1395
341 1023 1903
341 523 1023
341 523 1604
648 1461 690
1096 987 1438
1096 1208 1438
1047 1690 1522
1034 632 518
1034 632 1923
1396 1637 1194
1396 1376 1194
190 632 1923
190 1376 1231
190 1396 1376
190 1396 632
887 60 1617
887 1172 60
887 1172 916
1474 281 1575
1474 872 1575
1474 872 281
509 872 137
509 526 137
509 526 1572
1075 526 137
1075 347 137
1075 347 430
44 1573 1452
1389 176 819
1353 938 1342
1596 1316 1146
67 247 301
67 1316 301
67 1353 1342
67 1596 1342
67 1596 1316
490 1155 1633
490 866 1155
490 2046 1633
1278 1969 550
1278 550 354
1493 425 1969
1759 233 973
1759 425 233
1759 254 973
1759 425 254
1384 2019 1155
1384 2019 1141
653 519 590
653 1203 590
1666 1886 973
1666 1181 1886
1666 233 973
1405 487 977
1405 392 977
1405 487 1575
848 392 977
848 1183 977
848 1664 1183
848 1664 1600
848 392 1600
1135 700 1231
1634 325 230
1844 942 93
1844 891 942
1844 1623 590
1844 891 590
1390 1364 802
1860 802 682
1860 1000 682
421 460 716
421 822 460
421 1529 716
421 1529 343
421 343 1963
421 822 1963
192 262 831
192 26 831
906 26 831
906 1527 1882
906 1527 831
1478 377 1884
1478 871 1884
1478 262 377
19 864 1054
19 322 864
1092 369 1555
1092 369 836
1092 836 1627
1092 550 1627
1092 550 1555
1709 1872 583
1709 583 435
1709 369 435
1709 1872 1555
1709 369 1555
1129 583 435
1129 261 435
1129 11 583
1760 32 779
1760 1075 779
1760 526 1572
1760 1075 526
1893 970 1295
1893 32 1295
1893 970 1177
1893 273 1177
1893 1760 32
1957 769 1349
1957 577 1349
1957 577 1489
352 1938 1550
352 769 1938
352 2028 1550
113 177 1852
113 1852 1007
224 1577 1779
224 339 1779
373 339 988
373 210 988
373 224 339
373 210 1577
373 224 1577
818 339 988
818 988 1940
818 227 1940
818 339 921
818 227 921
1253 553 830
1253 806 605
1253 806 621
1253 553 621
714 1663 533
714 433 1554
714 1663 1554
1296 327 1013
1296 1616 327
1296 461 1013
1296 1616 461
342 577 1349
252 1938 1349
252 342 1349
1285 695 116
1285 1853 116
1285 206 1895
1285 1853 1484
1285 206 1484
706 162 1583
408 206 1895
408 706 1895
1468 261 422
1468 1129 261
1468 162 1386
1468 1129 1386
527 379 391
527 838 391
527 2009 379
885 379 1812
885 1996 379
885 1996 1986
885 1566 1812
885 1566 1986
1467 580 1986
1467 1996 1986
1467 580 1991
1467 1996 1991
1615 714 533
1615 714 433
1615 433 1441
1615 1331 1441
24 1331 753
24 222 482
24 482 738
24 753 738
166 730 1661
166 1375 1661
166 274 730
166 274 1375
607 274 1495
607 274 1375
607 679 1495
607 679 323
607 1375 323
376 1936 1826
1699 274 730
1699 1936 730
1699 1936 1826
1699 1826 1351
1267 77 753
1267 1331 753
1267 1331 1533
1369 1113 1764
1369 1880 1764
1369 1481 1441
1369 1880 1481
15 475 403
15 403 1441
450 1449 77
450 1533 1441
450 1481 1441
450 1449 1481
1256 1480 1481
1256 1449 1481
1256 1480 506
1256 1449 506
36 929 1054
36 864 1054
36 1935 864
1964 679 323
1964 929 323
912 2046 1420
912 1043 1420
912 1043 556
2006 1162 1420
2006 1087 1420
2006 1087 1162
1510 796 1737
1510 1400 1737
1510 1400 1652
1510 796 1840
1510 1652 207
1510 1840 207
1877 1616 327
1877 327 1388
1877 796 1388
1877 1616 354
1877 796 354
1562 1919 532
1291 1919 532
1291 1919 901
1291 1447 532
927 1265 586
591 1366 1265
591 927 1265
591 927 1447
591 1447 532
415 586 1738
415 298 586
1776 990 566
1776 1711 566
1776 1711 1179
1433 1333 717
1433 179 717
514 426 733
101 161 974
101 108 974
1588 108 974
1588 1628 974
1588 1628 47
1588 717 47
1156 1970 1026
1156 1247 1026
1656 1247 1026
225 187 7
225 554 187
1951 1656 1026
1951 1656 2013
1275 947 725
1275 517 725
606 82 947
1947 1326 1228
1947 82 1228
1947 1264 82
903 1286 1121
197 903 1286
758 827 445
228 1131 1738
1855 1053 50
1774 758 447
1774 758 827
2004 1642 1121
729 144 1085
1838 245 1150
1838 144 1150
1838 1286 875
1838 197 1286
1050 1540 184
28 1609 278
288 1050 245
613 990 743
1356 1817 381
453 568 396
453 1770 319
453 1770 568
173 554 1753
1754 385 152
1754 1647 1915
1754 1647 152
1754 337 1915
1754 337 1644
1754 645 1644
1754 645 931
1754 385 931
1965 1534 1497
1965 1903 1497
1965 1023 1903
1130 1998 1757
1311 2039 936
1311 551 1645
1311 936 551
1920 2039 936
1197 1761 1448
1197 1088 1761
1671 1197 1088
1671 49 1645
1671 49 1448
1671 1197 1448
549 756 1761
549 1088 1761
549 756 396
549 453 396
993 152 1521
993 381 152
75 1356 1817
75 1356 982
75 1770 319
75 1770 982
826 312 515
826 1255 515
826 1932 1884
826 1255 1884
845 1206 1284
845 1284 2023
845 312 2023
845 1206 76
845 734 76
845 312 734
255 1106 280
255 1687 280
255 1336 1106
255 1336 1687
701 97 280
701 97 1733
701 1687 280
701 1687 1733
1055 1733 51
1055 1336 1733
1055 692 51
1055 692 939
1055 1336 939
499 690 1230
499 1551 1230
499 341 690
499 341 1604
364 833 1461
364 648 1461
364 833 1903
364 648 690
364 341 690
364 341 1903
689 1690 987
689 1096 987
1842 1096 1208
1842 689 1690
1842 689 1096
1020 1047 1270
1020 442 1270
1020 1047 1522
1020 1522 1230
1020 1796 1230
1020 1796 611
1020 442 611
594 442 611
594 611 1413
594 744 1413
911 1842 1690
911 1842 1208
911 711 1270
911 1047 1690
911 1047 1270
538 442 1270
538 711 1270
538 1439 711
538 1439 634
106 1130 1757
106 1130 1998
106 1998 1395
106 824 1395
1218 13 1082
1218 1536 13
932 1326 1985
932 547 1326
932 955 1985
96 176 819
1816 96 1248
1816 96 176
1816 1196 176
1837 1818 819
1837 96 819
1837 96 412
1837 412 279
660 1453 86
660 1887 1453
545 86 1462
545 660 86
545 660 1887
1195 1453 1248
1195 1887 1453
308 1867 163
995 1316 1254
995 1881 1254
995 1637 1881
874 1316 1146
874 995 1316
874 1396 1637
874 995 1637
305 132 1500
305 132 503
305 1867 163
305 1259 163
305 300 503
305 1867 300
808 1783 1617
808 598 1783
808 887 1617
808 887 916
808 916 622
808 598 622
1178 1034 1923
1178 1765 1923
1602 1676 622
1602 1504 622
363 347 137
363 872 137
363 872 1575
363 1094 1575
588 347 430
812 598 622
1972 1075 779
1972 1075 430
1972 779 1550
1972 2028 1550
1746 2005 1204
1746 558 430
98 53 2005
98 1746 2005
98 1602 1676
1515 44 279
1338 1259 163
1755 874 1146
1755 874 1396
175 1396 632
175 1755 1396
1968 1587 1080
1712 1389 1146
73 1389 1146
73 1596 1146
73 708 938
73 708 1389
73 938 1342
73 1596 1342
1564 490 2046
752 1493 1141
752 1493 425
752 1384 1141
752 425 40
1475 1278 1969
1475 1493 1969
1475 1493 1141
1475 1141 354
1475 1278 354
1361 1666 233
1361 233 71
1487 392 1600
1487 1405 392
1487 1094 1600
1487 1094 1575
1487 1405 1575
649 1135 700
649 700 1094
1552 190 1923
1552 190 1231
1552 1135 1231
1021 1634 325
1021 1634 1423
1021 509 1572
1021 1423 281
1021 273 1572
1021 273 325
1021 872 281
1021 509 872
180 653 1203
180 653 519
180 1768 1161
180 1203 1768
180 1423 519
180 1634 1423
451 1281 230
451 1634 230
451 1281 1161
1953 1390 802
1953 1860 802
1953 1860 1000
1953 1390 1623
1992 1390 1364
1992 1844 1623
1992 1390 1623
1045 906 1882
1045 906 26
1045 1682 26
1045 1902 1882
1045 1682 1902
1611 1981 1902
1611 475 1981
1611 1113 475
989 192 26
989 192 262
1789 19 1054
1789 1481 1054
1789 1880 1481
712 1129 1386
712 1239 1386
1871 273 1572
1871 1760 1572
1066 1957 769
1066 352 1204
1066 352 769
1066 1957 1489
1066 1489 1174
1066 2005 1204
1066 2005 1174
1898 113 177
1898 109 605
609 830 1007
609 113 1007
609 1253 605
609 1253 830
1672 342 577
1210 252 342
1210 695 116
924 1938 116
924 252 1938
924 1210 116
924 1210 252
780 706 162
780 408 706
780 1468 162
780 408 206
1601 2009 889
1601 527 2009
1287 1615 533
1287 1615 1331
1287 533 1991
1287 24 1331
1909 1826 506
1909 376 1826
1909 376 1936
1346 274 1495
1346 1699 274
1346 1495 1351
1346 1699 1351
338 1369 1113
338 1113 475
338 15 475
338 1369 1441
338 15 1441
1599 1267 77
1599 450 77
1599 1267 1533
1599 450 1533
1525 679 1589
1525 1964 679
1525 103 1589
1603 1964 929
1603 36 1935
1603 36 929
1603 1935 481
1603 799 481
1603 2035 799
1763 2002 556
1763 912 556
1763 912 2046
1125 426 733
99 1458 1277
500 179 1756
500 1919 1756
500 1562 1919
188 415 298
783 1433 179
783 514 426
783 514 1433
1368 1433 1333
1368 514 1433
431 1901 329
1926 101 108
1229 1333 717
1229 1588 717
1944 1622 1459
511 438 1830
33 438 1830
33 208 1662
33 208 438
33 1662 423
612 225 7
612 1156 1247
1077 225 554
1271 2041 837
1456 2041 837
2016 606 82
2016 1264 82
2016 606 356
949 547 1326
949 1947 1326
1430 903 1121
1654 144 1085
1654 1838 144
1654 1838 197
428 1855 50
428 1855 944
428 766 50
428 766 944
199 1855 1053
95 1704 1286
95 1286 1121
1429 827 1131
1429 624 827
1429 842 1131
1429 842 2042
196 1774 447
196 1458 298
1303 1711 1846
994 199 1053
455 541 616
455 2004 1642
774 144 1150
1531 723 1667
1580 253 1321
1626 1359 283
1626 1359 1582
1626 1580 283
1626 1580 253
1524 350 483
2037 1704 1200
2037 1286 875
2037 1704 1286
1056 2037 875
1056 1744 1571
1056 1744 1200
1056 2037 1200
361 1540 245
361 1838 245
361 1838 875
361 1056 875
361 1056 1571
361 1540 184
361 1571 184
697 1540 245
697 1050 245
697 1050 1540
683 1524 483
683 288 226
683 288 1050
1773 28 1609
1111 1609 245
1111 288 245
1111 1773 1734
1111 1773 1609
1341 765 203
1341 1022 765
1341 203 787
1324 1022 765
1012 1770 266
1012 1770 568
798 1012 575
1974 573 795
1974 676 795
1974 573 378
1974 378 396
1974 568 396
1158 573 795
1061 217 947
1061 1275 947
1866 106 824
1866 1004 1757
1866 106 1757
667 523 824
667 1866 824
667 523 1023
667 1965 1023
9 936 1082
9 1920 936
9 1218 1082
9 1004 1757
291 1671 2039
291 1671 1088
291 2039 306
809 1311 2039
809 1671 2039
809 1311 1645
809 1671 1645
513 312 734
513 826 312
513 1932 734
513 826 1932
185 499 1604
185 1513 1915
185 1513 1551
185 499 1551
185 1647 1915
185 1604 1647
943 911 711
943 1439 711
943 911 1208
943 1208 716
943 634 716
943 1439 634
1041 594 442
1041 538 442
1041 538 634
1041 634 744
1041 594 744
61 1004 1536
61 1218 1536
61 9 1004
61 9 1218
195 955 1878
195 1528 1878
1140 195 955
1679 1453 86
1908 545 1462
1908 894 148
1908 1334 894
1908 861 1462
1908 1334 861
1861 1816 1248
1861 1195 1248
90 1861 1535
90 1861 1195
90 545 1887
90 1195 1887
1778 308 1867
1778 1178 1034
1778 1034 518
1778 308 518
1442 1178 1765
1442 1783 300
1442 1867 300
1442 1778 1867
1442 1778 1178
219 347 2003
219 363 347
219 363 1094
219 649 2003
219 649 1094
1648 588 1504
1648 588 347
1648 1504 622
115 558 430
115 588 430
115 1602 1504
115 588 1504
1039 347 2003
1039 812 2003
1039 1648 347
1039 812 622
1039 1648 622
424 812 1765
424 1552 1135
424 812 2003
424 1765 1923
424 1552 1923
424 649 2003
424 649 1135
45 352 1204
45 1746 1204
45 1746 430
1325 1746 558
1325 98 1746
1325 115 558
1325 98 1602
1325 115 1602
879 53 324
879 98 53
879 98 1676
879 1956 324
879 1676 1956
1191 1786 1482
878 1338 163
878 308 163
878 308 518
1686 175 1482
1686 175 1755
1090 677 1587
792 271 859
119 1389 819
119 1712 1389
119 1818 819
119 1712 1818
1971 1353 938
1971 708 938
1971 67 247
1971 67 1353
950 1389 176
950 708 1389
950 1196 1514
950 1196 176
1917 167 130
1917 167 2002
1917 1763 2002
1917 1564 2046
1917 1763 2046
1362 490 866
1362 1564 490
1362 1917 1564
1362 866 321
1362 321 130
1362 1917 130
680 752 40
680 752 1384
680 40 1155
680 1384 1155
418 71 768
418 1361 71
418 145 768
418 1181 145
418 1666 1181
418 1361 1666
133 451 1161
133 451 1634
133 180 1161
133 180 1634
1605 1000 1623
1605 1953 1623
1605 1953 1000
1660 1364 93
1660 1992 1364
1660 1844 93
1660 1992 1844
851 1682 1902
851 1611 1902
1749 1129 11
1749 712 1129
1749 11 1239
1749 712 1239
1397 1893 1760
1397 1871 1760
1397 1893 273
1397 1871 273
530 177 480
530 1898 177
530 1898 109
530 480 1295
530 970 1295
530 109 970
52 1898 113
52 609 113
52 1898 605
52 609 605
1983 1672 342
1983 1210 695
1983 1210 342
1983 1285 695
1983 1672 1285
1793 1672 1285
1793 1285 1895
1793 706 1895
1793 706 1583
1793 577 1583
1793 1672 577
68 780 206
68 422 1484
68 206 1484
68 1468 422
68 780 1468
1675 1601 527
1675 620 889
1675 1601 889
1675 1400 1737
1675 838 1737
1675 527 838
1675 620 1420
1675 1400 1420
917 1287 1991
917 1287 24
917 24 222
917 580 1991
917 580 222
1854 1480 506
1854 1909 506
922 1909 1936
922 1936 730
922 1480 730
922 1854 1480
922 1854 1909
1406 103 2035
1406 1603 2035
1406 1603 1964
1124 1700 1108
1124 1238 1321
1124 1238 1108
685 591 1366
593 783 1722
593 1562 532
1100 1125 426
1100 783 1722
1100 783 426
74 1003 505
1289 1125 733
2010 99 1458
2010 196 447
2010 196 1458
1823 688 901
1823 901 47
1823 47 863
1350 927 1447
1350 688 901
1350 1291 901
1350 1291 1447
157 1131 1738
157 415 1738
157 188 415
1214 188 298
1214 196 298
1214 827 1131
1214 1774 827
1214 196 1774
1214 157 1131
1214 157 188
956 783 179
956 500 179
956 500 1562
704 1901 294
477 431 1175
18 1639 1409
452 101 161
452 170 161
763 33 1830
763 33 1058
763 41 1058
763 41 161
181 14 204
1595 208 1459
244 1622 1459
22 1015 746
22 1015 914
825 1015 746
684 431 329
1799 1944 1622
1999 472 2013
1999 1033 104
1999 1656 2013
1999 1033 1656
659 272 1870
42 612 7
42 612 1156
42 198 7
42 198 1970
42 1156 1970
724 723 1667
724 790 723
1684 272 1870
1684 1966 272
629 946 1804
860 264 357
860 198 1463
860 198 357
860 517 1463
703 1947 1264
164 729 1085
164 729 941
637 1654 1085
637 164 1085
637 164 1430
1948 197 903
1948 1654 197
1948 637 1654
1948 1430 903
1948 637 1430
1404 1855 944
1404 199 1855
1404 199 228
957 1704 445
957 95 1704
957 827 445
957 624 827
1874 1642 1121
1874 95 1121
1874 454 1642
563 927 586
563 1437 944
898 766 944
898 1437 944
898 1437 678
1553 1334 1585
1553 1334 861
675 842 1736
675 842 1131
675 228 1131
675 199 228
675 994 199
502 454 2042
502 454 951
402 454 1642
402 454 951
402 455 1642
402 455 951
1345 729 941
1176 278 1026
1176 28 278
835 790 723
835 790 539
835 1531 723
686 472 2013
1102 1626 1582
1102 253 1542
1102 1626 253
569 350 1542
750 975 1408
750 350 975
750 1582 1408
750 1102 1582
750 350 1542
750 1102 1542
1164 975 1667
1164 1524 1667
1164 350 975
1164 1524 350
1044 1531 1667
1044 1524 1667
1044 1531 1734
349 1571 184
349 1744 1571
1304 766 50
1304 1099 766
1227 1099 766
220 1982 1835
257 613 743
257 203 743
257 203 787
249 46 1674
311 257 613
311 257 1677
2000 1770 266
2000 1770 982
1688 798 2024
1532 1729 94
1241 1532 1729
508 1012 575
508 1729 94
158 248 1862
1780 676 795
1780 1544 795
1925 173 1753
1925 669 1753
1594 1158 1640
1594 573 2021
1594 1158 573
761 1544 1707
761 1544 795
761 1158 795
1307 1158 1640
1828 1004 1536
1828 1866 1004
1828 1536 1534
1828 1965 1534
1828 667 1965
1828 667 1866
1517 9 1920
1517 9 1757
1517 1998 1757
456 75 1817
456 75 319
1706 1817 381
1706 993 381
847 549 1088
847 291 1088
847 291 306
847 549 453
847 306 319
847 453 319
762 932 547
762 932 955
762 1140 955
1443 96 412
336 1450 1452
336 1450 86
336 1679 86
1240 271 859
592 160 1514
592 1971 1063
592 708 1514
592 1971 708
1464 1861 1535
1464 1861 1816
1464 829 1535
1464 1816 1196
340 1442 1783
340 1442 1765
340 598 1783
340 812 598
340 812 1765
100 45 430
100 1972 430
100 1972 2028
100 352 2028
100 45 352
1593 1573 1500
1593 1191 1482
328 1678 1786
328 44 1573
328 1678 44
409 1515 44
409 1678 44
409 1515 279
409 1837 279
1123 632 518
1123 878 518
1123 175 632
1123 175 1482
1123 1338 1482
1123 878 1338
468 1786 1482
468 1686 1482
216 1712 1818
216 468 1818
216 468 1686
216 1686 1755
216 1755 1146
216 1712 1146
1001 1968 1587
1001 677 1587
303 247 301
303 1587 301
303 1090 1587
525 303 1090
525 1090 473
1592 663 859
1592 1240 859
1592 1240 69
1258 1464 1196
1246 1971 1063
1246 1971 1330
1163 1971 247
1163 1971 1330
1163 525 1330
1163 303 247
1163 525 303
1646 708 1514
1646 950 1514
1646 950 708
246 1113 1764
246 1611 1113
246 265 1611
246 1880 1764
246 1789 1880
1710 871 1832
290 851 1611
290 265 1611
290 851 1682
290 265 989
290 1682 26
290 989 26
353 1525 1964
353 1406 1964
353 1525 103
353 1406 103
209 1128 371
209 1128 283
302 209 1124
302 1841 505
302 74 505
302 74 371
302 209 371
1122 1317 1700
1122 1700 1108
1122 574 1108
1942 593 1722
1618 1100 1125
1618 1100 1722
1618 1289 1125
1618 1942 1722
1618 1942 1939
1318 370 1409
1318 74 370
1318 74 371
1318 1639 1409
1318 371 1639
1937 1289 1003
1937 74 1003
1937 74 370
1937 1289 733
1937 39 733
1937 370 1409
1937 39 1409
1261 574 1108
1261 99 1277
1507 2010 447
1507 758 447
1943 448 1803
1943 613 990
1943 448 990
1385 1739 1776
117 593 783
117 956 783
117 593 1562
117 956 1562
2025 1944 1459
2025 1723 1459
17 1723 1459
17 208 1459
17 208 438
17 1723 431
270 1723 431
270 684 431
270 684 1015
270 1015 914
270 1723 914
670 704 1901
670 704 489
670 431 1901
670 477 431
520 1359 437
520 1379 1732
191 1359 283
191 1128 283
961 704 489
1348 39 1398
1348 18 1409
1348 39 1409
1762 763 161
1762 763 14
1444 181 170
1444 181 14
1444 1762 14
1444 170 161
1444 1762 161
918 181 170
918 181 204
1245 1595 208
1245 1662 423
1245 208 1662
1245 1741 423
1245 1595 1741
1293 244 1622
1731 1595 1741
1731 244 1741
1731 1595 1459
1731 244 1459
6 825 1795
1115 825 1015
1115 684 1015
1115 684 329
560 1799 1944
1681 1456 104
1681 1999 104
309 1414 1077
309 1142 1414
309 1077 225
309 612 225
309 612 1247
309 1142 1247
1103 1414 1619
1103 1142 1414
1103 1033 1619
618 790 655
618 724 790
1990 975 1667
1990 724 1667
1990 975 1408
1984 1684 1870
1758 946 1804
1758 742 946
1260 284 1598
1260 284 928
1260 1167 165
998 1271 928
998 284 928
998 1271 2041
358 998 1234
358 998 284
449 946 1598
449 629 946
449 284 1598
449 358 284
449 358 629
587 264 357
587 638 264
1924 264 444
1924 638 264
1924 638 669
561 669 1753
561 638 669
561 587 638
1899 1924 444
1899 1924 1810
16 860 264
16 860 517
1424 1883 2033
1424 703 2033
1424 1883 356
1184 949 1947
1806 1704 1200
1806 1790 1200
1806 1704 445
1806 758 445
1806 1507 758
1806 1790 1649
969 1744 1200
969 1790 1200
1117 1606 483
1117 683 483
1117 1050 184
1117 683 1050
1117 349 184
1117 349 976
1490 1429 2042
1490 454 2042
1490 1874 454
1490 1429 624
1490 957 624
1490 957 95
1490 1874 95
1120 563 927
486 563 586
486 586 1738
486 228 1738
486 1404 228
486 1404 944
486 563 944
1272 1823 688
1272 776 688
1272 776 1303
1 1437 678
1 1303 678
1 776 1303
854 1042 1897
1455 1377 2026
1455 1377 884
43 1811 713
43 1896 713
43 1896 1221
775 164 941
775 164 1430
775 2004 1121
775 1430 1121
493 775 941
1869 493 941
1422 718 1232
1422 718 1785
126 1553 1585
1643 541 1736
1643 502 541
1643 502 2042
1643 842 2042
1643 842 1736
29 502 951
29 502 541
29 455 951
29 455 541
1374 1345 729
1374 729 144
1374 774 144
2044 835 1531
2044 1176 539
2044 835 539
2044 1531 1734
2044 1773 1734
2044 1773 28
2044 1176 28
1365 790 539
1365 686 539
263 1176 1026
263 1951 1026
1314 1176 539
1314 686 539
1314 263 1176
968 350 483
968 569 350
968 1606 483
968 569 1606
2020 253 1321
2020 1238 1321
2020 1473 1238
2020 1473 908
1479 1044 1734
1479 1111 1734
1479 1044 1524
1479 288 226
1479 1111 288
1479 683 226
1479 683 1524
604 1303 678
604 1105 678
237 898 678
237 1105 678
615 1711 1179
1030 541 1736
1030 675 1736
1030 675 994
1262 1304 1099
1005 1262 1099
2034 1794 972
1412 249 883
1412 1811 883
1460 249 46
1460 1412 249
1072 1968 1080
1071 765 1848
1071 1072 1080
1071 1848 1254
1071 1080 1254
1127 895 737
1205 2000 982
1205 2000 672
1205 1356 668
1205 1356 982
1205 1358 668
1205 672 1363
1205 1358 1363
820 672 1363
820 791 672
1133 820 1363
1233 1358 668
1781 1127 1670
1576 798 575
1576 1688 798
1576 1781 1029
1576 1670 575
1576 1781 1670
1975 1241 1532
1975 1241 135
1152 1012 568
1152 508 1012
1152 1974 568
1152 1974 676
1152 1780 676
1152 1780 508
1717 1670 575
1717 508 575
1717 508 94
258 158 1380
258 1544 1707
258 1780 1544
868 1241 135
868 1862 135
868 158 1862
868 1241 1729
868 1729 1380
868 158 1380
1597 248 801
1597 158 248
1668 248 1862
1668 1862 135
1263 1033 104
1263 544 1033
839 992 873
839 992 964
839 2045 964
2 754 1471
102 1925 669
102 1924 669
102 1924 1810
2038 1850 182
2038 1850 870
984 465 1371
1561 1925 173
1136 1077 554
1730 84 182
404 465 1371
404 1171 1371
404 1730 1171
404 1730 182
404 2038 182
1518 1089 1171
240 1594 2021
240 1594 1519
240 2021 1725
240 1519 1725
88 33 1058
88 33 423
88 1725 1058
88 1519 1725
111 1307 1640
1149 761 1158
1149 1307 1158
1149 121 1307
414 1843 1920
414 1517 1920
1958 1517 1998
1958 1521 1395
1958 1998 1395
1958 993 1521
1724 456 1817
1724 456 1843
1724 1706 1817
1694 306 319
1694 456 319
1694 456 1843
1694 2039 306
1694 1920 2039
1694 1843 1920
1352 1140 195
1352 195 1528
1994 762 1140
186 1443 1679
186 336 1452
186 336 1679
186 44 1452
186 44 279
186 412 279
186 1443 412
1502 96 1248
1502 1443 96
1502 1443 1679
1502 1453 1248
1502 1679 1453
411 1258 1196
1805 829 1535
260 663 859
1787 1338 1259
966 1338 1482
966 1593 1482
966 1787 1338
966 1593 1500
650 1191 1786
650 328 1786
650 328 1573
650 1593 1573
650 1593 1191
1979 1678 1786
1979 409 1678
218 1001 677
876 525 1330
1512 557 614
1512 557 1313
516 1897 1954
516 1383 1954
156 405 739
156 572 739
10 69 829
10 1464 829
10 1258 1464
1665 1789 19
1665 246 1789
1665 322 1832
1665 19 322
1036 1478 871
1036 1710 871
1036 1478 262
1036 989 262
1036 265 989
1036 1710 265
909 1124 1321
909 209 1124
909 209 283
909 1580 1321
909 1580 283
1399 1841 505
1399 302 1841
1399 302 1124
1399 1317 1700
1399 1124 1700
243 1399 1317
1269 1122 574
1269 1261 1277
1269 1261 574
858 471 1366
858 298 1366
858 1458 298
858 1458 1277
858 471 1277
715 471 1277
715 1269 1277
715 1269 1122
491 685 1366
491 471 1366
491 471 1032
491 420 1032
250 1942 1939
250 1282 1939
250 420 959
250 420 1282
105 591 532
105 593 532
105 685 591
105 420 959
105 491 685
105 491 420
374 1618 1939
374 1289 1003
374 1618 1289
1962 2010 99
1962 1507 2010
1720 35 1739
1720 1385 1739
1720 892 1347
1720 892 35
293 448 1803
293 35 1803
235 1720 1347
235 1720 1385
235 220 1982
1607 1943 1803
1607 35 1803
1607 892 35
1782 235 1347
1244 1782 1347
1244 892 1347
1244 892 178
1995 1943 613
1037 1723 914
1037 2025 1723
1037 22 914
1641 17 438
1641 511 1175
1641 511 438
1641 431 1175
1641 17 431
869 1621 489
488 670 477
488 1621 477
488 670 489
488 1621 489
1638 511 1830
1638 763 1830
1638 763 14
20 1621 477
20 511 1175
20 477 1175
1777 520 1359
1839 191 1128
1839 191 1359
1839 371 1639
1839 1128 371
832 1229 1333
832 1368 1333
832 514 733
832 1368 514
27 39 1398
934 452 170
287 918 170
287 934 170
287 934 728
307 1348 1398
307 1348 18
307 18 1639
307 945 1689
1834 961 489
1834 961 978
1834 869 489
1834 918 204
1834 869 204
1091 1799 1622
1091 745 1632
389 1091 1632
1557 1850 1541
925 1901 294
925 1109 294
564 1959 165
564 1260 1598
564 1260 165
600 2031 1632
600 745 1632
286 560 474
661 1999 472
661 1681 1999
1049 1456 2041
1049 1681 1456
1914 1142 1247
1914 1103 1142
1914 1656 1247
1914 1033 1656
1914 1103 1033
367 1379 1732
1827 687 1582
1827 1359 1582
1827 367 1379
1827 367 687
400 687 1582
400 1582 1408
400 1990 1408
400 1990 724
296 358 1234
296 358 629
797 629 1804
797 296 629
797 296 1417
665 1758 1804
665 1758 742
2007 357 187
2007 587 357
2007 561 587
2007 187 1753
2007 561 1753
1373 16 674
1373 264 444
1373 16 264
1294 1373 674
282 800 1520
282 368 800
930 1312 217
1392 16 517
1392 1275 517
1392 1061 1275
1392 16 674
1451 1424 356
1451 1424 703
1451 703 1264
1451 2016 356
1451 2016 1264
1813 703 1947
1813 1184 1947
1813 703 2033
1813 1883 2033
773 754 1471
773 1570 1471
1977 349 1744
1977 969 1744
1977 1790 1649
1977 969 1790
1187 80 1653
1165 1187 976
1165 1187 80
536 1962 1507
536 1962 99
536 1473 908
536 1261 99
536 1261 1108
536 1238 1108
536 1473 1238
131 563 1437
131 1120 563
131 1 1437
844 776 688
844 1120 927
844 131 1120
844 1350 927
844 1350 688
844 1 776
844 131 1
375 1303 1846
375 1272 1303
1237 384 654
1180 1512 614
234 1221 1192
234 1896 1192
234 1896 1221
899 1341 787
899 1341 1022
441 1896 118
855 882 1192
466 1896 118
466 1896 1192
466 882 1192
316 1455 884
316 1455 251
1011 1897 1954
1011 854 1897
1011 855 854
38 718 1232
1586 1042 1897
1586 38 718
1650 1811 713
1650 597 713
1223 1967 883
644 597 787
644 257 787
644 257 1677
1728 46 1674
1024 493 54
1024 493 775
1024 455 2004
1024 775 2004
107 455 616
107 1024 455
1610 1869 1696
1610 126 1696
1610 126 572
154 493 54
154 1869 493
589 1869 1696
589 126 1696
589 126 1553
589 1553 861
1752 1345 941
1752 1869 941
1993 1008 46
1993 1460 46
1993 1460 1785
65 1008 46
65 1008 1073
65 154 54
1067 126 1585
1067 126 572
1067 1334 1585
1067 1334 894
1067 572 739
1067 894 148
1067 739 148
1298 790 655
1298 1365 790
1685 263 1951
1685 1314 263
1685 1314 686
1685 1951 2013
1685 686 2013
1703 569 1542
1703 253 1542
1703 2020 253
662 604 1105
662 615 1711
662 1303 1711
662 604 1303
967 237 1105
967 662 1105
967 662 615
948 1227 766
948 898 766
948 237 898
948 237 972
948 2034 972
948 2034 1227
1335 1030 541
1335 541 616
139 1847 256
139 1847 1262
85 1227 1099
85 1005 1099
85 2034 1227
1716 85 2034
1716 2034 1794
1327 1460 1785
1327 1460 1412
1040 1001 1968
1040 1072 1968
1040 218 1001
1035 1071 765
1035 1324 765
1035 1072 1014
1035 1071 1072
169 384 654
1858 1237 384
1858 169 384
1858 169 1913
1858 1377 884
1858 1237 1377
153 1858 1913
1201 862 345
1201 1182 345
1070 862 345
112 1012 266
112 798 1012
112 798 2024
485 112 266
1189 2000 672
1189 791 672
1189 485 791
1189 2000 266
1189 485 266
630 664 1697
630 664 58
1391 820 853
1391 1133 820
965 1528 496
965 381 496
933 1576 1688
933 1688 2024
1989 1127 1670
1989 1717 1670
1989 1717 94
1989 1532 94
1989 1975 1532
1989 1127 895
1989 1975 895
1916 258 1707
1916 258 158
1299 258 1380
1299 258 1780
1299 1780 508
1299 1729 1380
1299 508 1729
840 359 907
348 671 837
1560 1456 104
1560 1263 104
1225 839 2045
1225 1354 2045
12 839 873
12 1225 839
12 1354 507
12 1225 1354
1713 1899 1520
1713 12 507
1713 12 873
136 2 754
136 2 636
1283 793 1697
1283 664 1697
1283 793 754
1283 136 754
1283 136 664
1357 102 1925
1584 1561 470
1584 1561 1925
1702 470 1371
1702 984 1371
1702 1584 470
399 984 465
399 404 465
399 404 2038
902 1561 173
902 1561 470
902 173 554
902 1136 554
510 1414 1077
510 1136 1077
1973 1730 1171
1973 1089 544
1973 1730 84
1207 1171 1371
1207 1518 1171
1207 470 1371
770 902 470
770 902 1136
770 1207 470
770 1207 1518
770 510 1136
2014 111 1640
463 1558 1292
463 121 1292
417 121 1292
417 111 1307
417 121 1307
567 1594 1519
567 1216 1519
567 1594 1640
856 1216 1519
856 1216 124
856 1930 1519
843 414 1843
843 1724 1843
843 1724 1706
843 1706 993
843 1958 993
843 414 1517
843 1958 1517
1885 1352 1140
1885 1994 1140
1885 1994 1425
464 411 1196
464 411 160
464 1196 1514
464 160 1514
1807 739 148
1807 405 739
1807 516 1383
1807 516 405
393 1908 148
393 141 935
813 141 935
813 260 935
813 1383 1954
813 141 1383
813 1011 1954
813 792 859
813 260 859
813 792 271
1372 260 663
1372 1805 935
1372 260 935
1494 1787 1259
1494 305 1500
1494 305 1259
1494 966 1500
1494 966 1787
1511 468 1818
1511 1979 409
1511 468 1786
1511 1979 1786
1511 1837 1818
1511 409 1837
1865 557 473
1865 557 614
1865 218 677
1865 614 654
1865 1090 473
1865 1090 677
1865 1040 654
1865 1040 218
1016 525 473
1016 557 473
1016 876 525
1016 557 1313
1016 876 1313
1157 1246 1330
1157 876 1330
794 1240 271
1310 1512 1313
1060 516 1897
1060 516 405
1060 1586 1897
625 411 1258
625 10 1258
625 10 69
625 1240 69
625 411 1240
1894 246 265
1894 1665 246
1894 1710 265
1894 1710 1832
1894 1665 1832
63 243 1399
63 1282 1939
63 1003 505
63 1399 505
63 374 1003
63 374 1939
504 420 1282
504 63 1282
504 63 243
504 243 1032
504 420 1032
1889 715 1122
1889 1122 1317
1889 243 1317
1889 243 1032
1889 471 1032
1889 715 471
87 250 959
87 105 959
87 105 593
996 35 1739
996 293 35
996 1739 1776
996 1776 990
996 448 990
996 293 448
458 235 220
458 139 256
458 1782 256
458 1782 235
83 311 613
83 1198 1387
83 1387 1677
83 311 1677
1107 1607 1943
495 892 178
467 1933 249
467 249 1674
467 1062 1674
467 149 1062
1432 2025 1944
1432 1037 2025
1432 1037 22
562 20 511
562 20 1621
771 869 1621
771 562 1621
771 869 204
771 1638 511
771 562 511
771 14 204
771 1638 14
1394 520 1379
1394 1777 520
1394 1827 1379
1394 1777 1359
1394 1827 1359
603 1926 101
1418 1839 1639
1418 307 1639
1418 1359 437
1418 1839 1359
1418 945 437
1418 307 945
720 239 1068
720 27 1068
555 27 1068
789 832 1229
1328 128 1109
1328 1109 294
626 520 437
626 945 437
1144 287 918
1144 1834 918
1144 287 978
1144 1834 978
1798 1293 760
1798 1293 1622
1798 1091 1622
1798 389 1091
623 1558 1292
1445 1446 681
1743 1557 1850
1402 194 88
1402 1930 1519
1402 88 1519
585 88 423
585 194 88
585 1741 423
585 244 1741
585 194 760
2048 641 372
1568 6 825
1568 1115 825
1568 1115 329
1568 1901 329
1568 925 1901
140 416 582
140 416 1680
140 745 582
140 745 1680
962 1747 742
962 742 946
962 1747 1680
962 946 1598
962 416 1680
962 416 1959
962 564 1598
962 564 1959
1476 2036 742
1476 1747 742
1305 600 745
72 560 1799
72 286 560
72 1091 1799
72 1747 1680
72 745 1680
72 1091 745
72 286 474
346 659 472
346 661 472
346 998 2041
346 998 1234
346 661 1681
346 1049 2041
346 1049 1681
781 618 724
459 128 6
459 1568 6
459 1568 925
459 925 1109
459 128 1109
960 985 1795
960 6 1795
960 128 6
1252 440 1101
1252 665 1804
1252 440 985
1252 665 985
147 440 1101
147 960 128
147 440 985
147 960 985
2011 296 1417
2011 619 1984
2011 1984 1870
232 797 1804
232 1252 1804
635 985 1795
635 665 985
635 665 742
627 1899 1520
627 1294 1520
627 1899 444
627 1373 444
627 1294 1373
1199 1294 1520
1199 1294 674
1199 930 674
231 282 905
231 282 1520
231 1713 1520
231 1713 507
1148 282 905
1148 282 368
1426 1392 1061
1426 1061 217
1426 930 217
1426 930 674
1426 1392 674
304 91 1955
304 91 1184
1980 1994 762
1980 91 1994
1980 91 1184
1980 1184 949
1980 949 547
1980 762 547
1435 91 1994
1435 388 1425
1435 1994 1425
1435 1280 388
1548 1280 388
1419 773 754
1419 793 754
535 388 1425
535 478 1425
535 492 478
1139 773 1570
159 1139 773
159 1139 1822
314 1977 1649
314 1977 349
314 349 976
314 1165 1649
314 1165 976
229 1117 976
229 1187 976
229 1187 1653
229 1653 1606
229 1117 1606
1242 1165 80
1242 536 908
1242 1653 908
1242 80 1653
1188 1272 1823
1188 375 1272
1188 375 1846
1188 1846 863
1188 1823 863
1343 614 654
1343 1180 614
1343 1180 2026
1051 394 118
1051 441 118
1051 441 394
628 899 394
628 441 394
628 899 787
628 597 787
628 597 713
628 1896 713
628 441 1896
1988 855 882
1988 1011 855
295 855 1192
295 1221 1192
1427 854 1042
1427 855 854
915 43 1221
915 38 1221
915 43 1811
236 1650 597
236 1650 1811
236 1811 883
236 1967 883
351 1198 1387
351 1223 1387
351 1223 883
351 249 883
351 1933 249
351 1198 1933
828 1223 1387
828 644 1223
828 1387 1677
828 644 1677
382 1062 1674
382 1728 1674
382 1728 92
1315 1024 54
1315 107 1024
1523 1610 572
1523 156 572
642 1374 774
1771 589 1869
1771 1752 1869
1771 589 861
1771 642 1752
1771 642 774
1771 861 1150
1771 774 1150
1078 1728 46
1078 65 46
1078 1728 92
1078 65 54
1002 65 1073
1719 154 1869
1719 65 154
1719 1002 65
1719 1610 1869
1719 1002 1610
1470 1298 655
1470 1298 272
1470 1966 272
1470 618 655
1470 1485 1966
1470 1485 618
1378 659 272
1378 1298 272
1378 659 472
1378 686 472
1378 1365 686
1378 1298 1365
1856 1703 569
1856 1703 2020
1856 2020 908
1856 569 1606
1856 1653 908
1856 1653 1606
55 237 972
55 967 237
55 1794 972
55 967 1794
1821 1782 256
1821 1847 256
1821 1244 1782
315 1262 1304
315 1335 1304
315 1847 1262
1772 1335 1304
1772 1335 1030
1772 1304 50
1772 1030 994
1772 1053 50
1772 994 1053
1905 1716 1794
1905 235 1982
1905 1716 1982
1905 967 1794
1905 967 615
1905 235 1385
1905 615 1179
1905 1776 1179
1905 1385 1776
317 1327 1412
888 1040 654
888 1040 1072
888 169 654
888 1072 1014
888 1913 1014
888 169 1913
1875 394 118
120 153 1913
120 1913 1014
570 1182 512
570 1201 1182
355 1070 345
355 1635 737
326 1070 862
531 1814 56
531 633 1831
439 1182 345
1367 1182 512
1630 485 112
1630 112 2024
1421 965 1528
1701 1781 1029
1701 1576 1029
1701 933 1576
1701 1781 1127
1701 1127 737
1701 1635 737
548 1297 2024
548 933 2024
548 439 1297
548 355 345
548 439 345
330 1597 158
330 1916 158
722 1850 870
1714 646 870
1714 722 870
66 142 726
66 248 801
66 1668 248
4 1668 135
4 840 1668
4 840 359
289 1975 895
289 1788 895
846 646 772
529 1496 359
476 1260 928
476 1260 1167
1546 348 671
1546 702 348
1546 84 182
1546 671 84
707 919 841
980 1560 1456
926 2 1471
926 2045 964
926 1354 2045
926 1570 1471
926 507 1570
406 1899 1810
406 1713 1899
406 1713 873
406 102 873
406 102 1810
1213 136 664
710 1357 1925
810 102 873
810 1357 102
810 1454 1357
810 992 873
1492 1702 984
658 1702 1584
658 710 2047
658 1584 1925
658 710 1925
617 2038 870
617 399 2038
617 1093 984
617 399 984
610 1414 1619
610 510 1414
610 1033 1619
610 1518 1089
610 544 1033
610 1089 544
610 770 1518
610 770 510
1160 1089 1171
1160 1973 1171
1160 1973 1089
1563 1574 372
1949 1574 124
1888 194 760
168 1216 1906
168 2014 1906
168 567 1216
168 2014 1640
168 567 1640
601 330 1597
601 330 1916
601 1597 801
601 1064 801
601 463 1558
601 1126 1064
1434 1885 1425
1434 1885 1352
1434 478 1425
1434 1352 478
1505 141 1383
1505 1807 1383
1505 393 141
1505 1807 148
1505 393 148
865 393 1908
865 393 935
865 1908 545
1360 813 271
1360 813 1011
1360 794 271
1360 1988 251
1360 1988 1011
1360 1455 251
1360 794 1455
731 1805 829
731 1372 1805
731 1372 663
731 69 829
731 1592 663
731 1592 69
1288 1246 1063
1288 1157 1246
1288 592 1063
1288 592 160
1910 1180 2026
1910 1455 2026
1910 794 1455
2001 1310 1512
2001 1910 794
2001 794 1240
2001 1180 1512
2001 1910 1180
1928 250 1942
1928 87 250
1928 1942 593
1928 87 593
138 83 1198
138 1198 1933
138 1995 613
138 83 613
138 467 1933
138 467 149
172 1995 1943
172 1107 1943
172 495 1995
1499 1432 1944
1499 1432 22
1499 22 746
1499 474 746
1499 560 474
1499 560 1944
757 1095 239
259 720 239
1074 307 1398
1074 307 1689
1074 27 1398
1074 555 27
1705 27 39
1705 789 27
1705 789 832
1705 39 733
1705 832 733
479 1229 1588
479 789 1229
727 1328 128
30 287 978
30 961 978
380 1669 626
386 623 1292
386 417 1292
386 417 111
647 1168 1083
647 205 1083
647 205 852
1864 552 1581
1961 1168 1083
1961 1168 1581
1726 1743 1069
1726 919 841
1726 1743 1850
1950 1402 194
1950 1888 194
1212 1293 244
1212 585 244
1212 1293 760
1212 585 760
1890 1476 2036
1890 474 746
1890 1476 1747
1890 72 474
1890 72 1747
1488 1305 600
1488 600 2031
595 346 659
595 2011 296
595 296 1234
595 346 1234
595 659 1870
595 2011 1870
1952 1485 1966
1952 1485 1257
241 781 618
241 781 1257
241 1485 618
241 1485 1257
365 781 1257
365 400 724
365 781 724
991 232 1252
991 1252 1101
991 232 1382
991 1868 1382
867 524 1417
867 524 1382
867 797 1417
867 232 797
867 232 1382
129 524 1417
129 2011 1417
129 2011 619
129 619 709
129 1868 709
129 524 1382
129 1868 1382
1185 1890 746
1185 1890 2036
1401 2036 742
1401 635 742
1401 1185 2036
1401 635 1795
1401 1185 746
1401 825 746
1401 825 1795
1169 800 1520
1169 1199 1520
1169 1199 930
1169 368 800
1169 930 368
497 1139 905
497 507 1570
497 1139 1570
410 1148 368
1290 1813 1883
1290 1883 356
1290 1813 1184
1290 606 356
1290 606 947
1290 217 947
1290 62 217
1306 304 1184
1306 1290 1184
1306 1290 62
127 1548 633
127 1548 1280
814 1548 388
814 535 388
814 535 492
398 522 1748
1079 633 1831
1079 1415 1831
1079 1548 633
805 1139 905
805 1139 1822
805 1148 905
542 773 698
542 159 773
1469 1165 1649
1469 1242 1165
1469 1806 1649
1469 1806 1507
1469 536 1507
1469 1242 536
1820 1237 654
1820 1343 654
1820 1237 1377
1820 1377 2026
1820 1343 2026
608 1988 882
608 316 884
608 466 884
608 466 882
1119 295 1221
1119 38 1221
34 295 855
34 1427 855
34 1119 295
34 1119 1427
816 915 1811
816 38 1232
816 915 38
366 937 1785
366 718 1785
366 1586 718
366 937 405
366 1060 405
366 1060 1586
817 236 1967
817 1223 1967
817 644 1223
817 644 597
817 236 597
954 382 92
954 1315 107
954 1315 54
1332 937 1785
1332 1008 1073
1332 1523 1073
1332 1993 1785
1332 1993 1008
1750 642 1374
1750 642 1752
1750 1374 1345
1750 1752 1345
997 1078 54
997 1078 92
997 954 54
997 954 92
221 1523 1610
221 1002 1610
1097 382 1062
1097 954 382
1851 1112 1835
1851 1112 1716
1851 1982 1835
1851 1716 1982
1658 458 139
1658 139 1262
1658 1112 1835
1658 1005 1262
1658 1112 1005
1658 220 1835
1658 458 220
565 1716 85
565 1112 1716
565 85 1005
565 1112 1005
1137 317 1412
1137 1412 1811
1137 1422 1232
1137 816 1232
1137 816 1811
1137 317 1327
1137 1422 1785
1137 1327 1785
1565 1875 394
1565 1875 153
1565 899 394
1565 120 153
123 1875 118
123 466 884
123 466 118
2027 1324 1022
2027 899 1022
2027 1565 899
2027 1565 120
31 992 964
31 926 964
1340 326 862
1340 326 1483
57 793 1697
57 267 1697
57 793 56
57 1814 56
886 267 1133
886 630 1697
886 267 1697
886 1391 853
886 1391 1133
1019 1358 1363
1751 820 791
1751 893 791
1751 820 853
1498 1367 512
1498 1367 58
1224 1297 2024
1224 1630 2024
1302 1421 965
1302 492 478
1997 1701 1635
1997 1701 933
747 142 331
747 646 772
747 1714 646
747 1714 331
777 142 189
777 846 772
777 747 772
777 747 142
643 142 726
940 66 1668
940 840 1668
940 142 189
940 66 142
940 189 907
940 840 907
1411 289 1788
2012 1496 359
2012 4 359
2012 1411 1496
2012 1411 289
2012 4 135
2012 1975 135
2012 289 1975
749 359 907
749 529 359
436 476 928
390 707 8
1740 348 837
1740 702 348
1740 1271 837
815 1546 182
815 1850 182
815 1726 1850
815 1726 841
963 1546 1636
963 1546 702
1153 205 1083
1153 1961 1083
581 1456 837
581 980 1456
581 671 837
581 671 84
581 980 84
1057 1560 1263
1057 980 1560
1057 1263 544
1057 980 84
1057 1973 84
1057 1973 544
740 1354 507
740 926 507
740 926 1354
699 664 58
699 1213 664
699 1498 58
778 710 1357
778 1454 1357
1440 810 1454
1440 778 1454
755 1492 1702
755 658 1702
755 658 2047
320 617 870
320 617 1093
320 646 870
429 1563 1574
429 387 1574
429 1563 1154
429 387 1154
1170 1574 124
1170 387 1574
1170 1216 1906
1170 1216 124
786 1949 124
786 856 1930
786 856 124
1863 1949 150
1863 641 372
1863 1574 372
1863 1949 1574
1863 1488 2031
1863 1488 641
1009 1798 760
1009 1888 760
1009 1798 389
1009 389 1632
1009 2031 1632
705 1916 1707
705 601 1916
705 601 463
705 463 121
705 1149 121
705 761 1707
705 1149 761
1745 1805 935
1745 90 1535
1745 1805 1535
1745 90 545
1745 865 545
736 1157 876
736 876 1313
736 1310 1313
122 138 149
122 495 1995
122 138 1995
1370 495 892
1370 172 495
1370 172 1107
1370 1607 892
1370 1107 1607
174 603 1926
174 1095 239
174 259 1926
174 259 239
880 239 1068
880 757 239
1173 934 728
1173 125 728
1173 934 452
1173 452 101
1381 1926 108
1381 259 1926
1381 1588 108
1381 479 1588
1381 259 720
1381 479 789
1614 1328 294
1614 727 1328
1098 1614 727
1098 1309 961
1098 961 704
1098 704 294
1098 1614 294
1273 1098 727
1769 1309 961
521 1769 462
958 626 520
958 1669 626
958 520 1732
958 1669 1732
1251 555 1068
1921 626 945
1921 380 626
1921 1251 380
1921 945 1689
1921 1074 1689
1921 1074 555
1921 1251 555
1931 380 1669
1931 1809 1829
1931 1809 1669
1912 623 1446
1912 386 623
1912 1445 1446
811 1445 681
811 1864 681
811 1864 552
1186 811 1445
1186 811 552
1186 387 1154
193 1168 1581
1355 647 852
1355 647 1168
1407 1864 1581
1407 1864 857
313 1743 1557
313 1211 1557
1236 1864 681
1543 1743 1069
782 1211 1557
782 1557 1541
782 25 1541
910 623 1446
602 782 25
602 782 1211
81 1249 1775
81 1249 582
81 745 582
81 1305 745
1927 81 1775
395 1431 852
395 1249 1775
395 201 852
599 1431 852
599 1355 852
599 1355 1465
1945 1950 1888
1945 1863 150
1960 786 1930
1960 1402 1930
1960 1950 1402
37 1929 1257
1824 1929 1257
1824 365 1257
1824 365 1929
694 332 1101
694 741 332
694 741 727
694 727 128
694 147 1101
694 147 128
759 1868 332
759 741 332
759 1010 741
759 1010 821
788 332 1101
788 991 1101
788 1868 332
788 991 1868
1052 231 507
1052 497 507
1052 231 905
1052 497 905
1403 410 494
1403 1312 494
1403 930 1312
1403 930 368
584 159 1822
1715 1306 1708
764 1306 1708
764 1312 494
764 1708 494
764 1306 62
764 1312 217
764 62 217
1976 773 698
1976 522 698
1976 1419 773
1819 304 1955
1819 398 304
1819 91 1955
1819 1435 91
1819 1435 1280
1819 1516 1280
501 805 1822
501 410 1148
501 805 1148
1215 608 316
1215 608 1988
1215 316 251
1215 1988 251
383 1119 38
383 1586 1042
383 1586 38
383 1427 1042
383 1119 1427
1276 1332 937
1276 156 405
1276 937 405
1276 1523 156
1276 1332 1523
1767 1523 1073
1767 221 1523
1767 1002 1073
1767 221 1002
1873 1821 1847
1873 315 1847
1873 1097 1062
1873 1244 1062
1873 1821 1244
1631 954 107
1631 1097 954
2029 1875 153
2029 123 1875
2029 153 1858
2029 1858 884
2029 123 884
78 1035 1324
78 2027 1324
78 2027 120
78 1035 1014
78 120 1014
877 31 926
877 2 636
877 926 2
1104 952 1788
155 749 529
1559 570 1201
1559 570 512
1559 699 1213
1209 886 630
1209 630 58
1209 886 853
1209 893 1065
1209 1751 853
1209 1751 893
110 57 1814
110 57 267
110 267 1133
413 531 1831
413 531 1814
413 1358 1831
413 1019 1358
1193 1630 485
1193 485 791
1193 893 791
1193 893 1065
1193 439 1182
1193 439 1297
1193 1367 1182
1193 1367 1065
1922 1302 965
1922 1233 668
1922 1356 668
1922 1356 381
1922 965 381
1190 1302 492
1190 814 492
1190 814 1548
1190 1079 1548
1526 1302 478
1526 1302 1421
1526 1421 1528
1526 1352 1528
1526 1352 478
1693 548 933
1693 1997 933
1693 1997 1635
1693 355 1635
1693 548 355
200 1126 1064
200 66 726
200 1064 801
200 66 801
1076 986 1825
1076 643 1825
1076 643 142
1076 142 331
1081 623 1558
2015 1319 1825
2015 1319 849
2015 986 1541
2015 986 1825
401 1411 1496
401 1411 1788
401 656 1496
401 952 1788
401 656 952
2030 1508 846
2030 155 804
1537 846 646
1537 1508 846
1537 320 646
1537 320 1093
1900 749 907
1900 189 907
1900 777 189
1900 777 846
1900 2030 846
1900 155 749
1900 2030 155
1279 1271 928
1279 436 928
1279 1740 1271
1477 436 476
268 1249 582
268 395 1249
268 395 201
268 416 582
268 416 1959
268 1167 165
268 1959 165
540 390 8
540 205 852
1308 707 919
1308 390 707
1308 1153 919
1308 1153 205
1308 540 205
1308 540 390
1114 1546 1636
1114 815 1546
1114 841 1636
1114 815 841
202 1498 512
202 699 1498
202 1559 512
202 1559 699
277 810 992
277 1440 810
277 992 1031
277 1025 1031
277 1440 1025
1797 1440 2047
1797 1440 778
1797 710 2047
1797 778 710
1683 1093 984
1683 1492 984
1808 1691 537
1808 537 804
1808 2030 804
1808 2030 1508
1220 1440 2047
1220 1440 1025
1220 1025 537
1220 1691 537
1220 1683 1492
1220 1683 1691
407 1009 2031
407 1009 1888
407 1863 2031
407 1945 1888
407 1945 1863
896 865 935
896 1745 935
896 1745 865
696 1288 1157
696 736 1157
696 736 1310
696 2001 1310
696 2001 1240
696 411 1240
696 411 160
696 1288 160
1038 122 149
1038 122 495
1038 495 178
1038 149 1062
1038 1244 178
1038 1244 1062
362 757 1095
362 693 757
362 174 1095
362 174 603
1742 1173 125
1742 603 101
1742 1173 101
1742 362 603
748 125 728
748 287 728
748 30 287
983 789 27
983 1381 789
983 720 27
983 1381 720
571 367 687
571 904 687
571 367 1732
360 904 687
360 365 1929
360 400 687
360 365 400
1143 1027 821
1143 1027 223
1339 741 727
1339 1010 741
1339 1010 821
576 1769 1309
576 1098 1309
576 1273 1098
823 1769 462
823 1941 1549
823 1941 125
823 748 125
143 1769 1579
143 521 1769
143 1143 521
143 1273 1579
143 1143 821
897 1251 1068
897 880 1068
897 1931 1829
1590 2014 1906
1590 2014 111
1859 1186 1154
1859 1186 552
640 1170 387
640 1186 387
640 1170 1906
640 1590 1906
640 1186 1445
640 1590 1445
981 193 1168
1486 552 1581
1486 193 1581
1486 1859 552
1486 2048 372
1486 193 2048
1486 1563 372
1486 1563 1154
1486 1859 1154
1235 1355 1168
1235 1355 1465
1698 1961 857
1698 1407 857
1698 1961 1581
1698 1407 1581
70 313 1211
70 313 1743
70 1543 1743
484 1153 919
484 1543 1069
484 1726 1069
484 1726 919
881 1961 857
881 1153 1961
881 484 1153
881 484 1543
881 70 1543
1337 1236 1211
1337 602 1211
1337 602 923
1491 395 1431
1274 599 1431
1506 786 1949
1506 1960 786
1506 1945 150
1506 1945 1950
1506 1960 1950
151 1488 1305
151 81 1305
151 1927 81
1300 1952 1257
1300 37 1257
1300 1952 1966
1300 619 1984
1300 37 619
1300 1684 1966
1300 1984 1684
1857 619 709
1159 1027 1929
1159 37 1929
1159 37 619
1159 1857 619
1802 410 368
1802 1403 368
1802 1403 410
1116 1708 494
1116 410 494
1116 1715 1708
299 1306 304
299 1715 1306
299 398 304
299 1715 398
1659 522 1748
1659 1410 522
1436 1410 127
1436 127 1280
1436 1516 1280
850 1976 1419
850 793 56
850 1419 793
803 1976 522
803 1410 522
803 850 1976
803 127 633
803 1410 127
803 850 56
803 531 56
803 531 633
134 398 1748
134 1819 398
134 1819 1516
534 501 410
534 584 1822
534 501 1822
1556 315 1335
1556 1873 315
333 107 616
333 1631 107
1845 1104 1788
1845 895 737
1845 1788 895
999 1104 952
999 1845 1104
5 1547 952
5 1025 537
457 656 952
457 5 952
457 5 537
1138 1025 1031
1138 992 1031
2040 1367 58
2040 1209 58
2040 1367 1065
2040 1209 1065
1657 413 1019
1657 1019 1363
1657 110 1814
1657 413 1814
1657 1133 1363
1657 110 1133
890 1224 1297
890 1193 1297
890 1224 1630
890 1193 1630
528 1922 1302
528 1190 1302
528 1079 1415
528 1190 1079
735 1076 986
735 986 1541
735 1850 1541
735 722 1850
1243 643 1825
1243 1319 1825
1833 1319 849
1833 1081 849
1735 910 623
1735 1081 623
1735 910 923
242 25 1541
242 2015 1541
23 1537 1508
23 1808 1508
23 1808 1691
23 1537 1093
23 1683 1093
23 1683 1691
1250 1740 702
1250 1279 1740
1250 1279 436
1250 1477 436
213 1477 8
213 963 1636
213 1250 1477
213 707 8
213 963 702
213 1250 702
213 841 1636
213 707 841
214 1477 476
214 476 1167
214 268 1167
214 268 201
1329 214 201
1329 214 1477
1329 201 852
1329 540 852
1329 1477 8
1329 540 8
1118 755 1492
1118 1220 1492
1118 755 2047
1118 1220 2047
1591 693 125
1591 1742 125
1591 362 693
1591 1742 362
1018 693 125
1018 1941 125
1018 693 757
1018 880 757
1849 1549 1829
1849 1941 1549
1849 1018 1941
1849 897 1829
1849 897 880
1849 1018 880
579 571 904
1792 1669 1732
1792 571 1732
1792 579 223
1792 579 571
1792 1809 1669
1792 1320 1809
1629 360 904
1629 1027 1929
1629 360 1929
344 146 1549
344 823 462
344 823 1549
543 1549 1829
543 146 1549
543 1809 1829
543 146 1809
1815 1273 727
1815 1339 727
1815 1339 821
1815 143 821
1815 143 1273
1503 1273 1579
1503 576 1273
1503 1769 1579
1503 576 1769
900 748 30
900 823 748
900 823 1769
900 30 961
900 1769 961
1625 1320 521
1625 146 1809
1625 1320 1809
1625 521 462
1059 1931 380
1059 897 1931
1059 1251 380
1059 897 1251
979 1912 1445
979 1590 1445
297 1912 386
297 386 111
297 1590 111
297 979 1912
297 979 1590
2032 981 1465
2032 1235 1465
2032 981 1168
2032 1235 1168
1727 881 857
1727 1864 857
1727 1236 1864
1727 881 70
1727 1236 1211
1727 70 1211
1472 1236 681
1472 1337 1236
1472 1446 681
1472 910 1446
1472 910 923
1472 1337 923
631 395 1775
631 1491 395
631 1927 1775
631 1491 1927
1876 599 1465
1876 1274 599
1876 1274 335
1876 981 335
1876 981 1465
1145 1949 150
1145 1506 150
1145 1506 1949
971 151 1927
971 151 443
971 1491 1927
971 913 1491
971 443 335
971 913 335
1132 151 443
1132 2048 641
1132 1488 641
1132 151 1488
1132 443 335
1132 981 335
1132 193 2048
1132 981 193
1538 1027 821
1538 759 821
1538 1159 1027
1538 1159 1857
1538 1857 709
1538 1868 709
1538 759 1868
1911 522 698
1911 398 522
1911 1715 398
1911 1116 1715
1501 1659 1410
1501 1436 1410
1501 1659 1748
1501 134 1748
1501 1436 1516
1501 134 1516
1620 1631 1097
1620 333 1631
1620 1556 1335
1620 1335 616
1620 333 616
1620 1873 1097
1620 1556 1873
1046 419 1340
1046 31 1904
1046 1904 1483
1046 1340 1483
318 419 1340
318 1201 862
318 1340 862
318 1559 1201
318 1539 419
318 1559 1213
397 355 737
397 1845 737
397 999 1845
397 355 1070
397 953 1070
114 999 952
114 397 999
114 397 953
114 953 1070
114 326 1483
114 326 1070
1624 457 656
1624 155 529
1624 529 1496
1624 656 1496
1791 1138 1025
1791 5 1025
1791 5 1547
639 1922 1233
639 528 1922
639 528 1415
639 1233 1358
639 1358 1831
639 1415 1831
2043 1076 331
2043 735 1076
2043 735 722
2043 1714 331
2043 1714 722
1879 1243 643
1879 643 726
1879 200 726
1879 1243 1319
1428 1081 1558
1428 1833 1081
1428 601 1558
1428 601 1126
1134 1735 923
1134 1735 1081
546 242 2015
546 1134 923
546 242 25
546 602 25
546 602 923
767 1792 223
767 1792 1320
767 1143 223
767 1143 521
767 1320 521
215 1629 1027
215 1027 223
215 579 223
1151 344 462
1151 1625 462
1151 344 146
1151 1625 146
3 1491 1431
3 913 1491
3 1274 1431
3 1274 335
3 913 335
1219 1911 698
1219 1911 584
1219 584 159
1219 542 698
1219 542 159
469 1911 1116
469 1116 410
469 534 410
469 534 584
469 1911 584
1166 877 636
1166 136 636
1166 318 1539
1166 1213 136
1166 318 1213
238 1547 952
238 114 952
238 114 1483
292 1624 155
292 1624 457
292 155 804
292 537 804
292 457 537
1530 1791 1138
1530 1138 992
1530 31 992
1530 31 1904
1836 200 1126
1836 1879 200
1836 1879 1319
1836 1833 1319
1836 1428 1126
1836 1428 1833
1416 2015 849
1416 546 2015
1416 546 1134
1416 1081 849
1416 1134 1081
183 1629 904
183 215 1629
183 579 904
183 215 579
652 1166 877
652 1166 1539
652 877 31
652 1046 31
652 1046 419
652 1539 419
719 1530 1904
719 1530 1791
719 1904 1483
719 238 1483
719 1791 1547
719 238 1547
