 -6.81058830e-01 4.11927809e-01
 -2.41959228e-01 4.66127084e-01
 -3.96489889e-01 5.80366877e-01
 -2.96834356e-01 5.54935377e-01
 -2.92049506e-01 5.13049684e-01
 -4.68225336e-01 5.67904997e-01
 -3.71706420e-01 4.35801411e-01
 -3.84711407e-01 5.58114120e-01
 8.98304776e-02 7.67666522e-01
 -5.90310954e-01 1.31401347e-01
 1.58344400e-01 -4.43852355e-01
 -2.77868132e-01 4.60880898e-01
 1.28506865e-01 8.91503676e-01
 -5.06254746e-01 6.03230509e-01
 4.98716632e-01 -9.31722615e-02
 -3.08647374e-01 3.92235097e-01
 -4.69184789e-01 6.02744727e-01
 -5.66689681e-01 5.15836013e-01
 5.32459812e-01 7.51856805e-02
 -4.84834010e-01 5.94160006e-01
 -8.88372944e-01 5.63649514e-02
 -4.55407577e-01 5.89080177e-01
 -3.16389917e-01 5.18975574e-01
 7.72646416e-01 -2.96366119e-01
 -3.47268401e-01 5.70466069e-01
 3.83139729e-01 -7.47534469e-02
 -5.70769416e-01 5.45369496e-01
 -4.72098147e-01 4.17282536e-01
 -6.16439879e-01 3.50684165e-01
 -5.15752414e-01 5.72880760e-01
 -2.67604262e-01 4.77821564e-01
 -8.28316470e-02 -4.04630480e-01
 -4.67121870e-01 6.21270657e-01
 -6.38252338e-01 2.09506070e-01
 -7.06207161e-01 3.27026139e-01
 6.17832504e-01 1.89510849e-01
 -4.78588756e-01 5.18135380e-01
 -6.49198966e-01 2.25382228e-01
 -5.75931839e-01 5.21819736e-01
 4.04723376e-01 -7.35944088e-01
 -5.10259404e-01 7.11781413e-01
 -3.93328686e-01 4.30221733e-01
 -6.60058393e-01 2.26804249e-01
 -5.08923330e-01 4.42448589e-02
 -1.14861754e-01 -2.37610997e-01
 -6.35792456e-01 2.75823555e-01
 -6.90710844e-01 5.36661623e-01
 1.63347943e-01 4.07427287e-01
 -5.77221883e-02 8.58662905e-01
 -6.52433513e-01 3.75907387e-01
 2.08771491e-01 3.26347041e-01
 -2.80370349e-02 -5.56908831e-01
 -9.97398267e-02 -9.06260755e-02
 -6.11012543e-01 3.05083238e-01
 -6.86407326e-01 3.74702413e-01
 -1.93759478e-01 4.56302183e-01
 -1.95908822e-01 4.75629868e-01
 -2.21350351e-01 4.97710121e-01
 -4.18104036e-01 -5.22034454e-01
 -2.77240820e-01 -1.72394247e-02
 1.31505384e-01 7.95643471e-01
 -2.34064235e-01 3.74273718e-01
 -5.91086500e-01 4.76191157e-01
 4.24758492e-01 6.16377472e-01
 -6.11942301e-01 2.88917661e-01
 -3.07782856e-01 5.66713245e-01
 -6.42766518e-01 8.21616271e-02
 8.15900728e-02 -4.40579762e-01
 -5.97053716e-01 1.38731203e-01
 -3.61803379e-01 5.69526172e-01
 3.72529100e-01 -8.17809411e-01
 -4.36900524e-01 5.86040029e-01
 -6.06730889e-01 6.66509234e-02
 -5.72459061e-01 4.94240551e-01
 -1.15095942e-01 5.99423601e-01
 4.60242952e-01 2.85785412e-01
 7.84154314e-01 -6.63305752e-02
 -6.97972913e-01 1.82058664e-01
 -6.29667270e-03 3.70112536e-01
 -5.49362773e-01 4.26225383e-01
 -4.05672653e-01 5.82520520e-01
 -2.24800268e-01 3.24953213e-01
 -6.99335314e-01 2.65580911e-01
 -3.80840322e-01 5.18601324e-01
 -6.73541618e-01 3.66819981e-01
 -4.58750416e-01 1.18801419e-01
 -6.13245949e-01 4.74785464e-01
 -4.18704000e-01 6.49141605e-01
 1.16183830e-01 -9.00000000e-01
 -5.43512474e-01 1.47671862e-01
 -1.89789714e-01 3.90955291e-01
 -6.25994363e-01 3.01897336e-01
 -4.23532797e-01 -6.22306448e-01
 -2.62468218e-01 5.67554601e-01
 -5.87587905e-01 3.74106435e-01
 -5.43718985e-01 9.89602003e-02
 2.07843032e-01 2.46930287e-01
 -1.37316262e-01 -1.37179193e-01
 -5.79120504e-01 4.39252144e-01
 -1.37273985e-01 -2.67985139e-01
 -5.51420200e-01 5.84858984e-01
 -3.06253224e-01 4.55627863e-01
 7.36578947e-01 2.70833987e-01
 -4.01152736e-01 4.99875743e-01
 -6.17224212e-01 4.69083782e-01
 1.86816849e-01 7.50198588e-01
 -6.22487859e-01 3.23601549e-01
 -5.73664013e-01 5.73282440e-01
 -8.14862808e-02 -5.36247953e-01
 -1.86121261e-01 4.90622629e-01
 -3.38749633e-01 6.15553880e-01
 -2.19300367e-01 5.51610121e-01
 -5.60248271e-03 -5.44889755e-01
 -2.70127666e-01 5.18602272e-01
 -1.98288969e-01 -1.87292609e-01
 -3.83603195e-02 -3.82372934e-01
 -6.28070056e-01 4.97338070e-01
 -6.60352633e-01 1.95581428e-01
 -5.73967628e-01 6.23750375e-02
 -6.87738143e-01 1.78244347e-01
 -3.23009888e-01 6.03098562e-01
 -6.82065659e-01 2.97239912e-01
 -6.62517736e-01 1.87744218e-01
 -3.80628090e-01 6.22395577e-01
 -5.35105132e-01 5.67838988e-01
 -5.76674091e-01 2.68259864e-01
 -1.78717725e-01 4.25102020e-01
 -4.74101463e-01 5.66958640e-01
 -4.67206435e-01 5.30875205e-01
 5.62669240e-01 -7.31899504e-01
 -6.70405949e-01 4.20190976e-01
 -4.53116238e-01 2.49465671e-02
 -2.07728813e-01 -5.93516346e-01
 -1.97789144e-01 4.20274888e-01
 -2.83938228e-01 5.65074818e-01
 -2.37067987e-01 4.76672728e-01
 -2.56606340e-01 -3.70660269e-01
 -6.83454955e-01 2.91298079e-01
 -6.73678768e-01 3.48317986e-01
 -4.18873357e-01 5.78046258e-01
 -5.79453840e-01 1.98303584e-01
 -3.25808730e-01 5.58636267e-01
 -5.00407680e-01 5.51948990e-01
 -5.49541581e-01 3.26342766e-01
 3.23928841e-01 -8.24774830e-01
 -5.20322075e-01 5.45756639e-01
 -4.68320539e-01 5.62167434e-01
 -5.73595541e-01 2.17676533e-01
 -6.66004464e-01 2.98625158e-01
 -4.02913912e-01 6.17132371e-01
 -4.01411588e-01 5.87677072e-01
 1.32236610e-01 5.10234189e-01
 -6.73949408e-01 1.83446297e-01
 -6.04305874e-01 3.05374355e-01
 -3.01293531e-01 5.31123012e-01
 -5.91681417e-01 2.38958010e-01
 -6.24843355e-01 4.04352821e-01
 -2.95444483e-01 5.81987362e-01
 -2.36535796e-01 4.32407173e-01
 -6.13528268e-01 1.15617175e-01
 -5.19596346e-01 6.19013092e-01
 9.93937169e-02 -4.12333155e-01
 -4.63666472e-01 -2.90325801e-02
 -5.75962504e-01 3.27554616e-01
 -4.16631090e-01 5.58557873e-01
 7.34270359e-01 1.41393473e-01
 5.79227316e-01 -7.22899028e-01
 -3.51630240e-01 6.25126311e-01
 -6.70390667e-01 1.57661059e-01
 -5.17953398e-01 5.95241787e-01
 4.72799317e-01 1.60472798e-01
 -6.96665324e-01 3.01731127e-01
 -3.51085722e-01 4.70638537e-01
 -5.56372335e-01 5.58806525e-01
 -5.26986509e-01 -3.41727931e-02
 -5.74645078e-01 9.71356154e-02
 -1.44006822e-02 -5.09762525e-01
 -6.78477575e-01 3.13845819e-01
 -6.31725779e-01 5.28917195e-01
 -2.27647849e-01 -5.96193420e-01
 -5.11294315e-01 5.96398906e-01
 -3.69193993e-01 5.25430149e-01
 -5.08120796e-01 5.20382961e-01
 -5.38460413e-01 4.05882702e-01
 3.25760255e-01 6.29157287e-01
 -5.07680888e-01 7.55132527e-02
 -3.53418932e-01 4.41587732e-01
 -6.20924217e-01 4.07439348e-01
 -3.09314704e-01 5.49816048e-01
 -5.27656627e-01 -1.62062115e-01
 -5.46188417e-01 4.95397226e-01
 3.70520055e-01 -2.46036243e-02
 -3.87266309e-01 5.90366124e-01
 -4.20665289e-01 6.30402301e-01
 -1.16984311e-01 3.56593389e-01
 -5.93342057e-01 4.23640954e-01
 -5.59593950e-01 3.47441665e-01
 -4.03013300e-01 4.06223377e-01
 -6.44304161e-01 3.81864726e-01
 -3.19168407e-01 5.75610505e-01
 -4.03412217e-01 5.62039043e-01
 -2.31358271e-01 5.02865533e-01
 -7.25892515e-01 2.12881959e-01
 -5.01178730e-01 5.96663138e-01
 -3.83973670e-01 5.69806184e-01
 3.62242010e-02 -4.32259950e-01
 4.54643421e-01 -5.96312180e-01
 -4.62955975e-01 6.12835638e-01
 -5.64133874e-01 4.80184636e-01
 -6.22257694e-02 -7.38253900e-01
 4.28726055e-01 -1.36470653e-01
 1.26273314e-01 -7.82246053e-01
 -3.86250264e-01 5.47561341e-01
 -4.04903567e-01 5.56590206e-01
 -5.07440591e-01 5.22078137e-01
 -5.70255233e-01 4.04676072e-02
 -2.57018820e-01 3.77255974e-01
 -6.79137349e-01 1.29393936e-01
 -3.42224990e-01 -3.24357869e-01
 -6.83877610e-01 3.52270873e-01
 -5.96917717e-01 2.71368141e-01
 7.87824183e-01 -3.59037183e-01
 -5.11218030e-01 5.31556281e-01
 -9.10206378e-02 -7.56688706e-01
 -3.74288802e-01 4.50195547e-01
 -5.04345586e-01 4.23148591e-01
 -1.40737872e-01 -6.84006478e-01
 -6.39885442e-01 3.89675633e-01
 -5.39094000e-01 4.24898391e-01
 -1.51143374e-01 -5.33259083e-01
 -2.69431667e-01 4.34454693e-01
 -4.55191465e-01 5.48473339e-01
 3.58102302e-01 -7.59358478e-01
 -6.51540817e-01 2.11143238e-01
 -6.88281523e-01 3.50381071e-01
 -6.74058423e-01 2.36112030e-01
 -6.84087472e-01 3.79827707e-01
 -2.78366174e-01 5.09439076e-01
 -5.57052544e-01 5.54531187e-01
 -3.57422893e-01 6.56201146e-01
 -4.76418583e-01 4.95701709e-01
 -3.42603317e-01 5.72176489e-01
 -5.93736488e-01 4.66823737e-01
 -4.42950771e-01 6.13977219e-01
 -5.06181638e-01 3.99090329e-01
 4.93291156e-01 -1.76611302e-02
 -6.52502433e-01 9.49007497e-02
 -2.99654867e-01 5.75059977e-01
 -6.52133135e-01 2.70626582e-01
 -6.07878518e-01 4.73852699e-01
 -6.43385936e-01 1.85118493e-01
 -2.62254097e-02 -3.30383194e-01
 -5.33522630e-01 4.73578151e-01
 2.82496797e-01 -6.65795594e-01
 1.78259981e-01 2.60765221e-01
 -6.77333931e-01 3.39847715e-01
 -7.15515359e-01 2.43207431e-01
 -2.84630075e-01 5.94325628e-01
 -5.68142296e-01 5.54267407e-01
 -5.86282360e-01 1.59469327e-01
 1.11043236e-01 -4.67430200e-01
 3.56549863e-01 1.46329831e-02
 -4.29086061e-01 4.58870920e-01
 -3.29329395e-01 4.03627165e-01
 4.34884321e-01 -1.55026933e-02
 -1.95884999e-01 5.60838904e-01
 -1.91966448e-01 4.89573870e-01
 -4.07952215e-01 5.62965381e-01
 1.72994011e-01 -8.72511429e-01
 -4.64288066e-01 5.88328838e-01
 -6.17738393e-01 1.62055864e-01
 -4.56110543e-01 4.96179903e-01
 -1.51076978e-01 -4.55368436e-01
 7.71665242e-01 1.44432120e-01
 6.96158136e-01 4.61485663e-01
 7.73235238e-02 -2.64222812e-01
 -2.97936703e-01 4.81344670e-01
 -4.31063783e-01 4.08728300e-01
 -5.23792476e-01 5.42342117e-02
 2.01741840e-01 2.43918700e-01
 -3.51487483e-01 -4.89301933e-01
 -2.70368580e-01 4.23972411e-01
 -5.44548090e-01 4.87302017e-01
 -4.23068174e-01 5.45707380e-01
 6.52620923e-02 1.56017329e-01
 -4.41071575e-01 5.87980869e-01
 -5.14881829e-01 5.79895963e-01
 -5.01332948e-01 4.11779609e-01
 -2.79332898e-01 5.45455457e-01
 4.17759671e-01 -6.73238446e-02
 -9.52154950e-02 7.51662080e-01
 -3.00249965e-01 5.29724683e-01
 -7.13644768e-01 3.24010230e-01
 -4.84231439e-01 5.72385476e-01
 -6.46001933e-01 2.09893516e-01
 -4.45118115e-01 5.28148001e-01
 -3.52131505e-01 6.02877509e-01
 -6.16240252e-01 4.21232035e-01
 -2.11536528e-01 3.99149831e-01
 -4.06378822e-01 -3.04519336e-02
 -6.77754405e-01 9.05203146e-02
 -5.69411337e-01 4.81198362e-01
 -6.69814560e-01 9.66921517e-02
 -2.02078498e-01 3.98604366e-01
 -4.58551206e-01 -1.90363848e-03
 -6.35859575e-02 7.13071997e-01
 -5.61213298e-01 5.23790763e-01
 -4.59972984e-01 -4.37384185e-02
 -3.83662180e-01 4.57909777e-01
 -2.40171831e-01 7.91959552e-01
 -7.04058956e-01 2.64932706e-01
 3.63829174e-01 2.06522719e-01
 -3.57366898e-01 5.66076469e-01
 -5.47169238e-01 4.10522024e-01
 -6.54466955e-01 3.44882388e-01
 -6.48900392e-01 1.84144530e-01
 -6.48597244e-01 2.50671206e-01
 -2.43405511e-01 4.92434806e-01
 -1.34212904e-01 6.13268340e-01
 -3.29991714e-01 5.26286952e-01
 5.08515830e-01 -7.16258029e-01
 4.77933078e-01 9.56654452e-02
 7.39833793e-01 2.06568274e-01
 -1.37456794e-01 -7.28695839e-02
 -1.63565446e-01 -5.04330124e-01
 -2.58652667e-01 5.05736095e-01
 4.04312087e-01 -4.27934354e-01
 -5.16997393e-01 2.88928261e-02
 -4.67197197e-01 5.81656873e-01
 -3.01555162e-01 5.85257832e-01
 -3.31430342e-01 5.50308972e-01
 -4.68850209e-01 5.47694824e-01
 -6.33542988e-01 3.31019300e-01
 2.93687446e-01 -8.38241647e-01
 -3.94121337e-01 5.83395264e-01
 -4.85878434e-01 8.89490808e-02
 3.82172018e-01 4.66812017e-01
 5.07020162e-01 -8.31849957e-02
 -1.12474142e-01 -7.40492906e-01
 -3.41603046e-01 -1.22924771e-01
 3.32370606e-01 7.50473388e-01
 2.80405894e-02 -3.21095810e-01
 5.36125247e-01 5.08669462e-01
 -5.17980187e-01 5.51202819e-01
 -2.44178034e-01 5.22167198e-01
 -4.28708664e-01 5.05095676e-01
 -2.96819688e-01 -2.65459598e-01
 -3.91734743e-01 5.26080859e-01
 -5.42964738e-01 4.07418698e-01
 -5.18756655e-01 4.56159349e-01
 -6.74792318e-01 2.69056934e-01
 -9.81305680e-02 -2.69219742e-01
 7.20596437e-01 2.54849734e-01
 3.97401874e-01 -5.64671932e-01
 -2.50289552e-01 5.27112239e-01
 -2.28972265e-01 3.47125006e-01
 -3.54515483e-01 4.30267621e-01
 -4.31188212e-01 5.37842907e-01
 -2.97973668e-01 5.48289941e-01
 -5.04372879e-01 5.09100633e-01
 -5.31200605e-01 3.87334849e-01
 -5.51293722e-01 5.62939675e-01
 -3.33730658e-01 -3.37636121e-01
 3.96440191e-01 7.66916461e-01
 -4.87641491e-01 4.97726622e-01
 -6.23160273e-01 2.34309507e-01
 -5.21825102e-01 5.14603271e-01
 -2.58769619e-01 4.11492344e-01
 1.48123515e-01 -5.71883728e-01
 -5.78485007e-01 5.04436053e-01
 -5.63945220e-01 4.95396004e-01
 -3.88748007e-01 6.01973606e-01
 -8.78263764e-02 -7.54866836e-01
 -5.96834950e-01 4.94237449e-01
 -7.03910228e-01 4.26546468e-01
 7.73897111e-01 1.48707367e-02
 3.52257197e-01 2.44970189e-02
 -2.41886869e-01 7.26211760e-01
 6.69801932e-01 -4.92533640e-01
 -5.44329938e-01 5.33658770e-01
 5.49685823e-02 5.20337563e-01
 -6.36424108e-01 2.97058239e-01
 -6.34864386e-01 2.13931924e-01
 -6.63883977e-01 1.63331277e-01
 1.70696824e-01 4.26368499e-01
 -3.44109591e-01 5.99273011e-01
 -3.78751827e-01 6.09896478e-01
 -1.65096919e-01 4.12572220e-01
 -4.23998987e-01 6.03534639e-01
 -3.83330298e-01 5.61296692e-01
 6.05162262e-01 -4.26002472e-01
 -4.73834161e-01 -3.45367881e-01
 -5.70819161e-01 2.04079729e-01
 -6.69126988e-01 1.98557758e-01
 -4.01646333e-01 5.76693152e-01
 -2.18547118e-01 7.17476910e-01
 -2.64856527e-01 5.22187850e-01
 -2.11233872e-01 4.14991448e-01
 -3.47949448e-01 5.19481388e-01
 -4.99241714e-01 4.84709175e-01
 -2.79579326e-01 5.41681261e-01
 -6.12585145e-01 3.51796568e-01
 4.74386652e-01 -1.52011120e-01
 -3.61931272e-01 5.20719225e-01
 -6.04043853e-01 2.18628724e-01
 -2.92053383e-01 4.51342734e-01
 -4.13147145e-01 6.09408200e-01
 4.71481985e-02 -4.09301259e-01
 -5.25393059e-01 4.26715284e-02
 -2.51596417e-01 4.17515531e-01
 -6.05415267e-01 1.32861038e-01
 -5.28216106e-01 7.30745234e-02
 -1.77734530e-01 4.69115244e-01
 4.46279551e-02 6.66584786e-01
 -6.28049897e-01 4.08183615e-01
 -4.20257012e-01 5.71985503e-01
 -3.35566091e-01 6.05324932e-01
 3.21190434e-01 -7.99822779e-01
 -2.49998748e-01 4.88085198e-01
 -6.06708829e-01 4.65217491e-01
 5.87452438e-01 4.85324590e-01
 8.73083414e-02 -4.50968353e-01
 -4.50542926e-01 6.22527176e-01
 -4.06550728e-01 -1.96821600e-01
 3.76234401e-01 -6.94552106e-01
 -6.04854159e-01 5.13488237e-01
 -5.58129810e-01 -4.85543477e-01
 -6.52426461e-01 3.76687735e-01
 -3.79575642e-01 6.09973761e-01
 -1.63168637e-01 -2.66859087e-01
 -4.72007194e-01 5.92179877e-01
 -7.27177406e-01 6.73362105e-01
 5.92692572e-01 -2.05206240e-01
 1.56158952e-01 -6.71577162e-01
 1.06523837e-01 -5.07421173e-01
 -4.04149214e-01 5.47146522e-01
 -5.48034971e-01 5.14499977e-01
 -4.72161447e-01 6.06627339e-01
 -2.32270096e-01 5.29000715e-01
 -4.66517343e-01 5.58901351e-01
 -6.67862448e-01 2.01183449e-01
 5.20824332e-01 6.39501741e-01
 -3.99145189e-01 5.86875036e-01
 -3.09606773e-01 4.28835603e-01
 -5.83548024e-01 4.03737796e-01
 -4.09456211e-01 4.27660511e-01
 -5.84898627e-01 4.16287810e-01
 -7.18362949e-01 3.19004890e-01
 -4.29183427e-01 5.44946208e-01
 6.97106227e-01 -8.08745941e-02
 -1.76967017e-01 -5.86593733e-01
 -5.36619893e-01 5.83629610e-01
 -1.70298849e-01 6.60634606e-01
 -6.09839624e-01 3.56706042e-01
 -6.12180121e-01 3.44491978e-01
 -3.93046548e-02 6.41725137e-01
 -2.91879765e-01 5.27570074e-01
 -6.78523931e-01 3.47201592e-01
 -4.73719410e-01 5.71034009e-01
 6.63797429e-01 5.21027483e-01
 3.23537918e-01 -4.35481852e-01
 -5.15498822e-01 5.52038972e-01
 -3.22416011e-01 5.98804862e-01
 -6.10560842e-01 1.15859577e-01
 -3.53458373e-01 5.13217641e-01
 -6.56334875e-01 1.95387021e-01
 -6.63339309e-01 2.92321769e-01
 -5.53679634e-01 2.63551410e-02
 -2.34508032e-01 4.13227528e-01
 -3.49282888e-01 4.88106465e-01
 -5.99548809e-01 4.53227633e-01
 -4.29399069e-01 4.97294343e-01
 -6.60056070e-01 1.23749730e-01
 -4.43558468e-01 5.84492129e-01
 4.85739768e-01 -9.30948412e-02
 -4.06586461e-01 5.52949704e-01
 -4.84679692e-01 5.93856428e-01
 -1.26931716e-01 3.97352259e-01
 -5.89500642e-01 5.58948429e-01
 -3.06366138e-02 -4.81074796e-01
 6.13149849e-01 3.16441666e-01
 8.12329047e-01 -3.84168185e-01
 -5.19614913e-01 4.40431230e-01
 -3.68352411e-01 5.64964117e-01
 -2.05911989e-01 5.39893146e-01
 -6.48677140e-01 4.05622733e-01
 -4.57275285e-01 -4.11161297e-01
 -4.86916745e-01 5.89168868e-01
 -4.91312148e-01 5.87108075e-01
 5.48714906e-01 -6.38074576e-01
 -6.08704380e-01 4.57958740e-01
 -1.45667143e-01 4.14107027e-01
 -6.04188819e-01 3.09966320e-01
 -2.52042571e-01 4.03299971e-01
 -6.83220551e-01 3.08584660e-01
 5.09907299e-03 3.89972235e-01
 -2.64117869e-01 4.39600025e-01
 -9.28831989e-02 -6.62787944e-01
 3.54718026e-01 6.65183451e-01
 -6.49298019e-01 5.06942498e-01
 -2.46671506e-01 4.28821271e-01
 -6.16687228e-01 3.58021645e-01
 -4.15521604e-01 3.26900844e-02
 -5.97252896e-01 4.68805844e-01
 -5.75859824e-01 4.84860258e-01
 7.38542834e-01 -1.09102891e-02
 -2.68167166e-01 4.49551663e-01
 -2.55152987e-01 5.90182162e-01
 -2.51413356e-01 -4.11066607e-01
 -3.68878899e-01 4.78380549e-01
 -4.81488985e-01 6.02966683e-01
 -2.35206190e-01 5.04914233e-01
 3.77866894e-01 1.66459498e-01
 -6.04851688e-01 5.20813869e-01
 2.83905182e-01 1.93196028e-01
 -6.04676050e-01 2.12955598e-01
 -3.13469358e-01 3.62973984e-01
 -4.66463952e-01 -5.53149453e-02
 -3.36607941e-01 -6.48624808e-01
 -5.37727408e-01 5.17231517e-01
 -5.12169020e-01 5.49099612e-01
 -1.99119416e-01 4.31466229e-01
 2.56519615e-01 7.40553629e-01
 -4.59824704e-01 5.36481407e-01
 -6.53610068e-01 1.13548186e-01
 -1.94937511e-01 -3.96447264e-01
 6.27849244e-01 -5.21564243e-01
 -1.43985815e-01 4.52741320e-01
 -2.98591028e-01 5.40253963e-01
 -4.87573916e-02 -5.17151550e-01
 -1.81508581e-01 4.59382703e-01
 -6.44880940e-01 4.81271711e-01
 5.93112493e-01 -3.13380895e-01
 -2.40486318e-01 4.24790550e-01
 -1.44126682e-01 4.05838875e-01
 -5.62718650e-01 4.36807225e-01
 -3.03320247e-01 5.18167562e-01
 5.56347718e-01 6.20899031e-01
 -4.58347914e-01 4.49388921e-01
 -3.84760918e-01 5.62191958e-01
 -6.24835125e-01 3.48117864e-01
 -2.26470661e-01 4.35138826e-01
 -5.21243901e-01 5.44865257e-01
 -3.83114774e-01 5.01481486e-01
 -5.18844505e-01 1.74651295e-01
 -3.45704445e-01 5.76058025e-01
 -1.81053745e-01 3.46307460e-01
 -2.41593383e-01 5.37127678e-01
 -1.52493308e-01 7.15346992e-01
 3.22754646e-01 -5.72609308e-01
 -1.95619212e-02 8.56623731e-01
 -3.74928707e-01 5.93227424e-01
 -1.36109779e-02 -6.66823695e-01
 -3.59182602e-01 4.60591008e-01
 -5.55501446e-01 5.36942903e-01
 6.20051342e-01 -6.68895379e-01
 -6.49608005e-01 1.29641974e-01
 -1.43448973e-01 -1.98494611e-01
 1.69493424e-02 8.90140886e-01
 -4.41127372e-01 5.89467761e-01
 -3.38368996e-01 4.35127644e-01
 -4.86068699e-01 5.96068000e-01
 -6.51911431e-01 4.08617007e-01
 -4.19057721e-01 5.59493275e-01
 -6.73932604e-01 3.62966599e-01
 -8.12996952e-01 3.57646777e-01
 -3.52368153e-01 6.34479766e-01
 -2.16325934e-01 6.36677254e-01
 -5.30944383e-01 4.50991311e-01
 -2.35708700e-01 5.05129567e-01
 -5.14004814e-01 5.19154820e-01
 -5.81093456e-01 2.48320854e-01
 -2.98767364e-01 6.99212840e-01
 -5.80515025e-01 4.47997102e-01
 -2.40592592e-01 5.73487323e-01
 -4.97658519e-01 5.58667760e-01
 4.80614253e-02 -3.10416032e-01
 -1.66972656e-01 -7.93352206e-01
 -5.11403136e-01 5.21643894e-01
 7.48266885e-01 -3.79611420e-01
 -3.93678753e-01 5.17498253e-01
 -4.13192307e-01 5.77393264e-01
 1.40135110e-01 -4.82969843e-01
 -2.36538161e-01 4.28996353e-01
 -4.24711789e-01 6.30504046e-01
 -6.43619429e-01 4.09017394e-01
 -3.40638749e-01 4.33148410e-01
 -2.19250531e-01 -2.09041769e-01
 -5.65420522e-01 2.73127865e-01
 -3.20288365e-01 -7.57228887e-01
 -6.33558175e-01 4.52347310e-01
 -6.22425078e-01 1.12436473e-01
 -6.26542359e-01 4.94155603e-01
 5.11721840e-01 6.11337600e-01
 -4.39523784e-01 5.19987883e-01
 1.20159747e-01 -6.02066225e-01
 -6.79648604e-01 2.24540124e-01
 -2.80159945e-01 -1.19669802e-01
 -3.93559320e-01 5.76250065e-01
 -4.08520013e-01 5.98707310e-01
 -3.11348179e-01 5.89506757e-01
 -3.53151297e-01 5.76464150e-01
 -5.52858501e-01 5.68323005e-01
 -6.95447457e-01 3.91830983e-01
 -4.47286785e-02 -5.85248054e-01
 -2.37940570e-01 3.40204555e-01
 7.76341077e-01 1.76633710e-01
 -6.53606276e-01 1.88102362e-01
 -1.15390692e-02 -5.80284056e-01
 -3.74819867e-01 4.80852252e-01
 4.67011791e-01 6.24035222e-01
 -3.86963741e-01 4.50223904e-01
 -7.08233433e-01 2.72521249e-01
 -6.54469815e-01 1.38649139e-01
 -7.08171726e-01 3.70476733e-01
 -6.25131615e-01 3.39573550e-01
 -3.46404649e-01 5.22778069e-01
 -4.70126689e-01 4.90104043e-01
 -4.68291803e-01 5.25002398e-01
 6.32196224e-01 -5.66211410e-01
 -4.41342374e-02 -7.18783300e-01
 -2.50236017e-01 -1.57420542e-01
 -3.41724861e-01 5.89961205e-01
 -5.98288235e-01 3.78056230e-01
 -6.04302102e-01 1.35122477e-01
 -5.42661358e-01 5.25195747e-01
 -3.04208992e-01 4.25633456e-01
 -6.81672150e-01 2.09497513e-01
 -4.35681026e-01 5.40668506e-01
 -2.12285887e-01 4.95315225e-01
 -4.00579023e-01 5.79871359e-01
 -5.13858610e-01 -6.49101525e-02
 -1.71802462e-01 4.41487574e-01
 5.72159578e-01 5.95542643e-01
 -4.54343017e-01 5.68574362e-01
 -2.42285630e-01 4.71446096e-01
 -5.63781618e-01 3.38451127e-01
 -3.36571182e-01 4.32908556e-01
 -1.41083684e-01 4.66969709e-01
 -3.67368736e-01 6.12594372e-01
 -3.99109117e-01 5.98085387e-01
 -5.59430221e-01 3.07463586e-01
 -3.25813341e-01 5.65578008e-01
 -6.86565200e-01 2.36973039e-01
 3.10844761e-01 3.70982342e-01
 -3.26013274e-01 5.39845200e-01
 -3.83809302e-01 5.73353334e-01
 3.97997306e-01 7.36762408e-01
 -3.95230409e-01 -2.93233516e-01
 -5.11410839e-01 2.02814799e-02
 7.38461097e-01 2.72083101e-01
 -2.52629748e-01 4.82406826e-01
 -3.14907618e-01 -6.62621929e-01
 -6.70117558e-01 1.55943687e-01
 -4.62292197e-01 4.87009511e-01
 -2.90843104e-01 5.38441640e-01
 -8.47779709e-01 -5.34821668e-02
 -3.26748371e-01 4.86657552e-01
 -4.39909316e-01 5.01535338e-01
 -5.09567868e-01 1.33560082e-01
 -4.23667553e-01 5.00224519e-01
 -6.99968868e-01 3.82525840e-01
 -5.91951131e-01 1.52119963e-01
 -2.20284780e-01 4.84871275e-01
 -4.54846758e-01 5.62069292e-01
 5.15581643e-02 9.00000000e-01
 2.44712614e-01 7.78481676e-01
 -1.23595714e-01 5.14751613e-01
 -3.25335358e-01 4.49952482e-01
 -4.85934305e-01 5.87825248e-01
 -3.91209655e-01 5.25193339e-01
 -1.79894715e-01 5.31123028e-01
 5.53942316e-01 -4.56457615e-01
 -2.92567048e-01 4.01841970e-01
 -6.33922455e-01 3.72112049e-01
 -2.63409332e-01 6.29328601e-01
 -6.77063303e-01 1.22882051e-01
 -6.86375939e-01 3.97565539e-01
 7.40058530e-01 2.07153986e-01
 4.22103299e-01 -7.15105943e-01
 -3.60848971e-01 5.88235078e-01
 -6.13690070e-01 -5.62847567e-01
 -5.12699719e-01 4.22707964e-01
 -4.66636607e-01 5.82236169e-01
 -6.14858537e-01 4.56259655e-01
 -4.34432706e-01 4.65205961e-01
 -5.10859423e-01 5.05675172e-01
 -6.83634876e-01 4.47050941e-01
 6.17178837e-01 7.66532141e-01
 3.90521987e-01 7.35777947e-01
 -3.09296731e-01 7.19886549e-01
 1.87225189e-01 3.34377162e-01
 -5.46639885e-01 5.62606814e-01
 -4.74466820e-01 5.54736626e-01
 2.66558373e-03 -3.53316595e-01
 -6.29079181e-01 1.21790751e-01
 -5.13443957e-01 3.98025488e-01
 -2.25628271e-01 4.33653291e-01
 -2.27228740e-01 4.94786776e-01
 -4.46245864e-01 -3.05198424e-01
 2.06980738e-01 2.48176936e-01
 -3.92032905e-01 5.42061275e-01
 -2.20960164e-01 3.47383297e-01
 -4.88062050e-01 5.78086666e-01
 -3.11479118e-01 5.96054380e-01
 5.10031819e-02 -3.85990357e-01
 -3.82291042e-01 5.58401720e-01
 -6.05274369e-01 9.33252410e-02
 -4.74665149e-01 5.30343252e-01
 -3.15225554e-01 4.80926695e-01
 5.81841398e-01 6.28087014e-01
 1.53130023e-01 -4.34398709e-01
 -6.65054215e-01 2.25590007e-01
 5.38342744e-01 -2.22094097e-01
 -5.87487578e-01 4.50518772e-01
 6.13968373e-01 5.45390289e-01
 -6.24584352e-01 5.32846532e-01
 -6.40028343e-01 2.37324530e-01
 -2.81872307e-01 5.03550300e-01
 -5.68923988e-01 5.50648422e-01
 -8.45116725e-01 2.35669951e-01
 -3.39038658e-01 5.50783572e-01
 -4.83065131e-01 4.55036640e-01
 -4.83407546e-01 4.85521462e-01
 -2.76527570e-01 2.19679626e-01
 -3.24871175e-01 5.64913350e-01
 -4.82460283e-01 5.63840569e-01
 -5.26130631e-01 5.76170180e-01
 -5.59206004e-01 3.23586637e-01
 7.27004182e-01 1.19156677e-01
 -5.83304410e-01 1.49113147e-01
 1.85061151e-01 -7.57854012e-01
 -5.93837891e-01 5.17354637e-01
 4.28446665e-01 1.73638361e-01
 -3.39091626e-01 5.54880130e-01
 -6.40615006e-01 1.22775460e-01
 -2.65373981e-01 5.33880477e-01
 9.00000000e-01 -4.31644634e-01
 -5.88703715e-01 2.36114465e-01
 -2.67883789e-01 4.58604197e-01
 -4.78860079e-01 5.51969031e-01
 -4.45659317e-01 5.63839861e-01
 -7.27645697e-01 2.38957612e-01
 5.28000739e-01 5.21392770e-01
 -4.13924482e-01 5.88775100e-01
 -4.48986656e-01 5.81546981e-01
 -3.26755769e-01 5.49519868e-01
 -5.21039558e-01 5.72590103e-01
 -3.01718707e-01 5.41006552e-01
 -5.15380378e-01 4.72805276e-01
 7.63144979e-01 3.16667204e-01
 3.81335722e-01 -6.90014264e-01
 8.07746889e-01 -1.57228089e-01
 -2.22576316e-01 4.60324350e-01
 -3.24261635e-01 4.95735592e-01
 -2.14691004e-01 7.58715746e-01
 -5.49134485e-01 5.54467210e-01
 -5.84110091e-01 4.05416142e-01
 -4.80580191e-01 5.47474373e-01
 -4.26832375e-01 6.13806408e-01
 -3.01251989e-01 6.13113268e-01
 -1.76211017e-01 3.62676791e-01
 -5.06122690e-01 6.19651630e-01
 -2.34451923e-01 3.81251694e-01
 -7.25750986e-01 1.73165065e-01
 -6.65942835e-01 3.79528229e-01
 -5.14240057e-01 5.33933686e-01
 3.30095254e-01 -8.30434968e-01
 -2.49178218e-02 -2.83819205e-01
 -3.59527288e-01 4.89009771e-01
 -4.94574321e-01 6.05177705e-01
 -3.21197891e-01 5.44556775e-01
 -2.24890115e-01 4.39772477e-01
 -5.58114290e-01 3.08450211e-01
 -5.92744364e-01 3.32143164e-01
 -6.89668703e-01 4.21265453e-01
 -3.12905416e-01 5.46836243e-01
 -3.13464202e-01 4.81087057e-01
 -1.28780818e-01 -3.29661095e-01
 6.95373786e-02 -4.27360809e-01
 -4.81024002e-01 4.90025799e-01
 -3.50220165e-01 5.68513517e-01
 -6.17557644e-01 5.05753887e-01
 -4.12982352e-01 7.29901879e-02
 4.15477052e-01 -2.19834193e-01
 -3.91838561e-01 6.29075152e-01
 -6.90117504e-01 2.11615835e-01
 -4.67338149e-01 5.48416775e-01
 -5.85136911e-01 5.40943575e-01
 -4.61631163e-01 4.67302700e-01
 -2.01201268e-01 5.32548944e-01
 -6.07045545e-01 1.61604473e-01
 -2.03671322e-01 4.69376578e-01
 -6.31115266e-01 1.57671540e-01
 -2.87038762e-01 6.24671167e-01
 4.60176072e-01 -5.00018308e-01
 -4.49272154e-01 5.33868723e-01
 -2.29612882e-01 5.55870478e-01
 6.76981025e-01 3.51627994e-01
 -2.72376567e-01 4.17726684e-01
 -3.10917067e-01 5.76428375e-01
 -5.24070290e-01 -5.94022602e-01
 -1.91365271e-01 4.35371243e-01
 -3.04321189e-01 5.28289709e-01
 -2.48040483e-01 4.31771270e-01
 -7.11235347e-02 -6.72974549e-01
 3.77958624e-01 5.70518502e-01
 -2.66686936e-01 -1.06423737e-01
 -3.44162503e-02 8.20394691e-01
 -3.00762632e-01 4.76126863e-01
 -3.62229875e-01 5.89088215e-01
 -3.28661803e-01 -2.10162849e-01
 -5.98433091e-01 1.77754516e-01
 -1.53484787e-01 4.16746278e-01
 -3.70604479e-01 5.41935966e-01
 -6.52806227e-01 2.29723952e-01
 -6.83244874e-01 2.36642411e-01
 -1.17373509e-01 -7.06110132e-01
 -5.66631100e-01 7.34281412e-02
 -1.94717261e-01 5.14818230e-01
 -4.90397669e-01 5.46564586e-01
 6.29042096e-01 4.54419341e-01
 -5.19684959e-01 5.58078751e-01
 2.11731078e-01 7.58593180e-01
 -4.61961828e-01 5.78075348e-01
 3.60778631e-01 1.34198202e-01
 -6.01401974e-01 3.98586902e-01
 -6.84140652e-01 2.54853757e-01
 -5.80718521e-01 1.41969904e-01
 4.20030129e-02 -6.28988446e-01
 3.45718434e-01 -1.13221108e-01
 -5.90080577e-01 5.32395059e-01
 4.27055011e-01 7.91010197e-01
 2.12978381e-01 1.16705985e-01
 -4.72924626e-01 4.50015065e-01
 2.42140881e-01 -6.58595329e-01
 -3.99375594e-01 5.27667599e-01
 5.72593017e-01 -4.52485697e-01
 -2.81021417e-01 4.64632701e-01
 -2.99675268e-01 5.52856144e-01
 -3.74357163e-01 5.51097205e-01
 -6.17065934e-01 3.74263724e-01
 3.82983962e-02 6.01829089e-01
 -6.70548587e-01 4.23314834e-01
 3.83443819e-01 2.56801241e-01
 -3.18246448e-01 5.41157478e-01
 -1.18745821e-01 7.28138438e-01
 -4.83003095e-01 -3.34587113e-01
 -3.37082902e-01 5.80191415e-01
 -1.96123840e-01 4.53915774e-01
 4.34887713e-01 -7.92621210e-02
 -3.94414680e-01 5.74331437e-01
 -1.99640930e-01 5.07282612e-01
 -6.25242832e-01 2.05074978e-01
 -6.40038071e-01 2.00957506e-01
 -3.78810556e-01 6.32342149e-01
 -3.68337470e-01 5.78837493e-01
 -5.98726946e-01 4.41768222e-01
 -6.04706837e-01 1.59518539e-01
 -3.31136361e-01 3.92342682e-01
 -5.47061755e-01 2.81619482e-01
 -2.50420756e-01 5.10332592e-01
 -7.89853399e-01 4.45625797e-01
 5.28567180e-01 1.45660665e-01
 -5.52624225e-01 1.84334290e-01
 4.98489993e-01 -7.06356644e-01
 -4.56929167e-01 5.38611269e-01
 -2.80599484e-01 5.71626955e-01
 -4.96908379e-01 5.95719226e-01
 -3.35132847e-01 5.32149012e-01
 3.70845892e-01 4.75884462e-02
 -3.25653982e-01 -4.16567376e-01
 -2.90033213e-01 4.62856450e-01
 -6.54160260e-01 -4.47820868e-02
 -5.51445159e-01 3.71008525e-01
 -6.42172961e-01 1.21819040e-01
 -2.58421824e-01 4.74278232e-01
 -4.87027421e-01 -3.56058286e-02
 -1.35771819e-01 -8.27786871e-02
 -5.49276082e-01 5.50987883e-01
 -3.67251056e-01 5.71440972e-01
 -6.55049845e-01 1.94841425e-01
 -6.56458706e-01 2.51251705e-01
 -6.59630705e-01 1.85592642e-01
 7.51215675e-01 -4.48385849e-01
 -2.03837386e-01 5.02250749e-01
 -2.66721360e-01 -2.93568532e-02
 -6.79277288e-01 1.55556057e-01
 6.39137696e-01 -5.44395306e-01
 -2.24335204e-01 5.36828288e-01
 -3.81806382e-01 -6.45275256e-01
 -6.88761770e-01 3.17798777e-01
 -2.06355396e-01 5.21817674e-01
 -5.56514810e-01 2.38187758e-01
 -2.68370917e-01 5.51475473e-01
 -5.59180065e-01 1.72757322e-01
 -5.38046417e-01 5.41053655e-01
 -6.76365717e-01 3.87902624e-01
 -6.89750316e-01 2.02459623e-01
 -5.16874734e-01 5.70092449e-01
 -6.70404068e-01 4.80150220e-01
 -3.53995612e-01 4.74572943e-01
 -5.67696446e-01 3.45779126e-01
 -5.09869382e-01 5.17578428e-01
 -2.59113586e-01 4.31047382e-01
 3.57030428e-01 -1.08801708e-01
 -3.05859405e-01 5.49244194e-01
 -5.56024267e-01 4.41247352e-01
 -5.59315192e-01 4.74126263e-01
 -3.47609055e-01 5.85346384e-01
 6.12033023e-01 6.56876626e-01
 5.87460210e-01 -6.55720039e-01
 -3.96562538e-01 5.80495423e-01
 -4.57046349e-01 5.91002525e-01
 -6.53051066e-01 2.28080125e-01
 -2.35686122e-01 -9.18257848e-02
 7.53057881e-01 -3.38940711e-01
 -5.09699736e-01 5.91097733e-01
 -3.71110499e-01 5.62658800e-01
 7.75889732e-01 2.70761636e-01
 -1.43871563e-01 -7.39364764e-01
 7.45465695e-01 2.96036861e-02
 -3.47354303e-01 5.81007474e-01
 -3.06908260e-02 -3.34859704e-01
 -4.76016822e-01 5.74266550e-01
 -2.65205855e-01 4.59827789e-01
 -6.55221210e-01 4.33771181e-01
 -4.12192203e-01 5.44446451e-01
 6.71872722e-01 1.94786674e-01
 -2.73047285e-01 3.96200972e-01
 2.05323772e-01 3.76258001e-01
 -1.75393298e-01 3.39437865e-01
 -2.43867148e-01 5.42692736e-01
 -5.30369143e-01 5.80469457e-01
 -5.73110889e-01 1.76108769e-01
 2.74690307e-02 8.31799426e-01
 -6.14109529e-01 2.39014284e-01
 -6.26669309e-01 8.00876287e-02
 1.47586800e-01 3.39009372e-01
 -3.06424802e-01 5.54583002e-01
 -5.75655380e-01 3.24472325e-01
 -3.96625581e-01 -6.24595710e-01
 6.05109691e-01 6.34260154e-01
 -6.52968514e-01 3.85341375e-01
 -5.49959001e-01 5.26163488e-01
 -4.34163540e-01 5.52125993e-01
 -2.59177326e-01 3.42348390e-01
 -6.74406032e-01 3.71686600e-01
 -2.03019161e-01 3.45675248e-01
 -5.96601877e-01 9.50524077e-02
 -6.14018947e-01 3.51739754e-01
 -2.82686936e-01 5.26976419e-01
 -2.63884276e-01 5.20694288e-01
 -6.26216682e-01 3.07677852e-01
 -1.48834430e-01 3.33896475e-01
 -6.32544742e-01 5.05268605e-01
 -5.89961192e-01 3.76182750e-01
 -5.32708660e-01 5.25386639e-01
 -6.11396024e-01 4.70427195e-01
 -4.67550743e-01 5.66222264e-01
 -4.97472603e-01 5.70651302e-01
 -4.22669869e-01 5.67207500e-01
 -3.86919348e-01 5.42544104e-01
 -2.76137580e-01 4.68794384e-01
 -7.82936180e-02 4.40914001e-01
 -4.89206028e-01 -4.52444413e-03
 -6.89071981e-01 3.73882428e-01
 -5.22597344e-01 4.45906500e-01
 -5.57851774e-01 4.00012767e-01
 -1.17978077e-01 -4.81485802e-01
 -3.99695253e-01 5.86094180e-01
 -6.84171700e-01 3.71950783e-01
 3.25407049e-01 -7.38801431e-01
 -6.08417873e-01 6.91913736e-01
 -5.03254921e-01 4.60170871e-01
 -5.40736403e-01 4.21845410e-01
 -5.04717720e-01 -3.83184169e-01
 -5.10005885e-01 5.78242309e-01
 -3.55441119e-01 5.98228896e-01
 -3.93789606e-01 5.16311911e-01
 -3.88397476e-01 5.85866854e-01
 -1.52897168e-01 5.54021347e-01
 -5.74093270e-01 5.46931265e-01
 -3.33891022e-01 5.08524115e-01
 -4.62056528e-01 5.63120961e-01
 -3.40261040e-01 5.60998582e-01
 5.95118701e-01 8.03912556e-01
 -9.69459182e-02 -7.02242817e-01
 3.80492725e-01 -2.07270056e-02
 -7.31586164e-01 3.24819564e-01
 -4.66543047e-01 5.48691181e-01
 -2.88989080e-01 4.82357407e-01
 6.80165422e-02 5.50693299e-01
 -6.41901910e-01 3.74912220e-01
 -7.03408814e-01 -3.66633879e-02
 -7.19581578e-01 3.33583794e-01
 -6.23301377e-01 3.01389688e-01
 -4.21959548e-01 5.28968849e-01
 -2.75395230e-01 5.28389378e-01
 -5.54512477e-01 -6.18447256e-01
 -6.80927951e-01 1.29729196e-01
 -5.96680607e-01 2.74324223e-01
 -5.90411358e-01 4.93481308e-01
 1.43681463e-01 7.89933576e-01
 -6.72739791e-01 3.62008997e-01
 -2.66799305e-02 -1.19280354e-01
 8.98389185e-02 -5.95662726e-01
 -6.15291805e-01 2.61879820e-01
 -4.19667051e-01 6.05812334e-01
 -4.82929007e-01 5.48520988e-01
 -6.22096287e-01 1.90252787e-01
 -2.17353075e-01 5.88078077e-01
 3.85036481e-01 -4.12844098e-01
 -6.93546019e-01 1.61660554e-01
 -4.59357728e-01 5.84682937e-01
 -6.48564628e-01 1.25124759e-01
 3.04954103e-01 -4.38733987e-01
 -5.43589330e-01 5.58734307e-01
 -1.76049213e-01 4.93389922e-01
 4.93191067e-01 6.98172686e-01
 -2.15633108e-01 -4.80318810e-01
 -7.04890661e-01 1.89388565e-01
 2.86980267e-01 7.87014748e-01
 -6.09473184e-01 3.21157695e-01
 -2.98718902e-01 4.92702848e-01
 -4.22736495e-01 4.47066621e-01
 -4.98006883e-01 5.30417404e-01
 2.18019241e-02 -8.28995160e-01
 -2.50552157e-01 5.52572443e-01
 -6.38389772e-01 3.66034068e-01
 -2.92334926e-01 4.88921394e-01
 -5.99714733e-01 4.59248489e-01
 -3.92595376e-01 4.90771424e-01
 -4.48629896e-01 -8.80388135e-02
 -7.03917136e-01 1.64494196e-01
 3.94376232e-01 2.14460394e-02
 -4.55964362e-01 5.91500995e-01
 -6.74923662e-01 3.07635600e-01
 -3.27800142e-01 -2.12412673e-01
 -6.85218651e-01 1.45825886e-01
 5.38178025e-01 6.02132198e-01
 -6.33191921e-01 2.14210404e-01
 6.32969317e-01 -6.50303284e-01
 -4.86494632e-01 4.34095414e-01
 4.04021100e-01 -9.41532786e-02
 -2.61772919e-01 4.95289876e-01
 5.38864812e-01 6.84586669e-01
 2.32959714e-01 1.25589771e-01
 -4.12085955e-01 5.14600704e-01
 -5.13814183e-01 4.05660898e-01
 -6.67774459e-01 2.00866305e-01
 -2.65802170e-01 4.37091372e-01
 -6.44922911e-01 3.77227944e-01
 6.07111424e-01 9.72285870e-02
 1.74385964e-01 3.13162463e-01
 -5.49793187e-01 3.82031886e-01
 -3.90085050e-01 5.10210118e-01
 -5.03736849e-01 7.10775308e-01
 -5.38562278e-01 5.38841286e-01
 -6.08097911e-01 2.14921346e-01
 -2.79963473e-01 3.58378442e-01
 -6.55887358e-01 3.06533474e-01
 -6.25563936e-01 1.13500364e-01
 -3.16825317e-01 5.77248360e-01
 -2.15895443e-01 5.16661700e-01
 -5.15859836e-02 -2.24593053e-01
 -5.74026916e-01 2.47554035e-01
 -5.53003861e-01 5.43381887e-01
 -3.65447208e-01 5.62539810e-01
 -2.60491421e-01 5.18979845e-01
 -7.17074587e-01 1.46647154e-01
 -6.89589923e-01 1.53522724e-01
 -6.03627122e-01 2.64168711e-01
 -5.57004505e-01 5.29825220e-01
 -1.82537285e-01 -3.41724342e-01
 -3.33385966e-01 5.59730756e-01
 -3.69709291e-01 4.64311036e-01
 -6.17354904e-01 2.92554016e-01
 -1.56451875e-01 4.43072504e-01
 -7.05244192e-01 1.35485829e-01
 -3.38016138e-01 5.83633066e-01
 6.02022114e-02 8.35278970e-01
 -3.81942866e-01 5.72175709e-01
 7.59598863e-02 -6.49785757e-01
 -5.62732043e-01 3.37031781e-01
 5.79090127e-01 -3.60511606e-01
 6.51320633e-01 -6.14687568e-01
 -1.12192506e-01 7.71896059e-01
 -3.77567074e-01 5.01040673e-01
 -6.69590422e-01 1.17084036e-01
 -4.32364938e-01 5.99535462e-01
 2.43859887e-01 -5.56781620e-01
 -3.27888403e-01 5.18496588e-01
 -3.88100557e-01 -3.23316872e-01
 -5.54778414e-01 5.56882140e-01
 6.96498455e-01 7.15100528e-01
 -6.41117480e-01 3.26868131e-01
 -4.87986071e-01 5.67585830e-01
 -6.64622062e-01 3.62151613e-01
 -6.10054383e-01 5.02126780e-01
 -4.68841314e-01 5.56468335e-01
 -5.24628131e-01 4.74720674e-01
 -3.83662052e-01 4.72371474e-01
 -2.74099643e-01 5.33201590e-01
 -6.93397910e-01 3.84379392e-01
 1.70705182e-01 2.60029401e-01
 -7.04814757e-01 3.09662829e-01
 -5.65728431e-01 4.54270927e-01
 -4.78141455e-01 5.68744635e-01
 -8.41600778e-02 -5.81677495e-01
 -4.85681702e-01 4.11300998e-01
 -6.77629966e-01 3.59406668e-01
 5.07649993e-01 -7.56029093e-02
 -3.73495269e-01 5.44479357e-01
 -4.64782196e-01 5.78963166e-01
 -2.34304695e-01 4.09607307e-01
 -5.36709550e-01 4.21514305e-01
 -3.21819256e-01 4.97107893e-01
 -6.35845844e-01 2.13219815e-01
 -6.70121815e-01 4.21163616e-01
 -5.90845505e-01 3.48324031e-01
 -5.82118306e-01 4.58044220e-01
 -4.94677011e-01 -4.02658684e-02
 -5.61639697e-01 4.71808838e-01
 -5.97423766e-01 5.08667416e-01
 -3.22782439e-01 5.79180562e-01
 -2.61296688e-01 5.53661759e-01
 -5.52780751e-01 4.95450876e-01
 1.17632952e-01 -4.67681198e-01
 1.76206617e-01 7.46358659e-01
 -6.17940368e-01 3.85536500e-01
 -3.94199532e-01 5.93701939e-01
 -1.94140331e-01 5.02109680e-01
 -3.45492316e-01 5.80981769e-01
 -4.41994164e-01 -2.15880120e-01
 -3.64701369e-01 4.77943081e-01
 -6.44956878e-01 2.45464618e-01
 -2.87921816e-01 4.93129775e-01
 -2.45187959e-01 4.41873123e-01
 -1.40821049e-01 3.65743894e-01
 3.88103998e-01 -6.31381360e-01
 -3.85720131e-01 4.67626778e-01
 -4.99986944e-01 5.41861092e-01
 -5.07905093e-01 5.85694436e-01
 -3.98525194e-01 6.23288837e-01
 -5.95337471e-01 4.31239531e-02
 1.15148067e-01 -7.01364272e-01
 -2.53672937e-01 4.22284739e-01
 -3.12285038e-01 6.14468737e-01
 -5.36976265e-01 3.04098394e-01
 -5.18360395e-01 5.47523916e-01
 -2.54123569e-01 6.18758656e-01
 -3.72861092e-01 5.69070050e-01
 -3.78947817e-01 6.03636823e-01
 4.76060263e-01 -7.02317558e-01
 -3.99288173e-01 4.33641066e-01
 -6.37003675e-01 1.16673166e-01
 -3.14240589e-01 6.23728440e-01
 -4.79708104e-01 5.25663928e-01
 -3.73363582e-01 5.05098592e-01
 -1.89483689e-01 -6.19098420e-01
 6.45688609e-01 -6.28282237e-01
 -6.49129829e-01 1.04691971e-01
 -5.02486237e-01 4.58253955e-01
 -5.50369305e-01 4.23467632e-01
 -2.48819882e-01 4.82060977e-01
 -4.10334174e-01 5.57462069e-01
 -3.84141505e-01 5.81163723e-01
 -2.77660524e-01 4.12127092e-01
 -3.74556876e-01 6.15845776e-01
 -3.70343575e-01 5.04971079e-01
 -2.53026089e-01 -2.25393104e-02
 -5.36832558e-01 5.75445254e-01
 1.20880272e-02 -1.37475445e-01
 -4.75480954e-01 5.98987658e-01
 -4.55787963e-01 4.43550712e-01
 -1.38289819e-01 -4.80145048e-01
 -4.24145440e-01 -9.50656147e-02
 -7.10084325e-01 3.68916316e-01
 -6.47275369e-01 1.59748881e-01
 2.93876593e-01 -8.12348271e-01
 -2.33193826e-01 5.22776815e-01
 -4.94345205e-01 -2.92818321e-01
 -2.12408323e-01 3.55675011e-01
 -4.49341977e-01 5.72943326e-01
 -3.72106084e-01 6.01682029e-01
 -5.43237111e-01 4.27058578e-01
 -7.04708291e-01 4.44631811e-01
 -1.96666656e-01 5.41613494e-01
 -1.48568563e-01 4.33233478e-01
 -5.09425242e-01 1.29288417e-02
 -6.48917480e-01 2.09446438e-01
 -2.21262972e-01 5.29722028e-01
 -6.39264172e-01 -2.10399408e-01
 -5.41677889e-01 1.45036068e-01
 -5.97483778e-01 1.18483470e-01
 -1.17025249e-01 7.85305952e-01
 -6.80742344e-01 2.71231427e-01
 -2.82765071e-01 4.08000464e-01
 -5.55264457e-01 3.95067244e-01
 -2.42535888e-01 5.08496266e-01
 -8.46392052e-01 8.54126128e-02
 -2.60542697e-01 -7.32354536e-01
 -5.78834445e-02 -2.22888204e-01
 -1.58376600e-01 5.42958477e-01
 4.11618592e-01 3.20792056e-01
 -3.60431596e-01 4.96251721e-01
 6.53698945e-01 6.43422040e-01
 -2.13529297e-01 5.10466716e-01
 -5.22000428e-03 -3.48417986e-01
 -3.58076793e-01 5.72328474e-01
 -4.28284733e-01 6.14252740e-01
 -2.32928322e-01 4.85269332e-01
 -6.15920500e-01 4.07565632e-01
 -6.45286491e-01 1.86572449e-01
 -3.62298986e-01 6.26312898e-01
 -6.46121011e-01 -4.88311639e-01
 1.04667350e-01 8.10851309e-01
 -2.26489937e-01 4.31624471e-01
 -3.12923318e-01 4.96483570e-01
 -6.49452460e-01 2.15856450e-01
 4.55708817e-01 -6.04905645e-01
 -6.82417440e-01 2.53737200e-01
 -2.24753827e-01 5.39773107e-01
 -2.76608417e-01 4.62413691e-01
 2.92454925e-01 -4.88634549e-01
 -6.73929191e-01 3.69638213e-01
 -2.11667268e-01 3.16914760e-01
 -5.96207231e-01 5.50973237e-01
 4.35715532e-01 6.76268449e-01
 -4.98751727e-01 -2.49462766e-01
 -6.41923978e-01 2.38466829e-01
 -1.28715652e-01 4.80186792e-01
 -4.28508268e-01 5.29491862e-01
 -3.86506596e-01 5.80994957e-01
 -3.60927674e-01 5.77820203e-01
 -6.63319258e-01 1.63311793e-01
 -5.60515630e-01 4.50377489e-01
 2.67971763e-01 -4.30295922e-01
 -6.12763671e-01 1.41648498e-01
 -2.75170840e-01 5.68318765e-01
 -5.54759552e-01 4.28065976e-01
 -3.29071373e-01 5.70983736e-01
 -6.71036461e-01 3.22454510e-01
 -4.51879327e-01 6.20241729e-01
 -6.35809272e-01 1.14184666e-01
 -3.97335001e-01 4.64656010e-01
 -5.42088446e-01 1.11844221e-01
 -4.07836333e-01 5.77092659e-01
 -3.95165121e-01 5.45713964e-01
 -5.46931673e-01 5.34339462e-01
 -4.61838721e-01 5.57723697e-01
 -1.72750240e-02 -6.64906400e-01
 -7.87686333e-01 4.63782867e-02
 2.45214996e-01 1.04037886e-01
 6.88455206e-01 -1.07206375e-02
 -4.78092203e-01 4.98756944e-01
 -5.90867517e-01 1.27708115e-01
 -4.73438932e-01 -1.39674069e-02
 -4.18954721e-01 5.53276225e-01
 -5.79599352e-01 4.45401475e-01
 -6.65480895e-01 3.56007947e-01
 -3.95923157e-01 5.01525031e-01
 -2.24834152e-01 3.41200419e-01
 -6.21771138e-01 4.40909283e-01
 2.81662206e-01 -6.57518295e-01
 7.72564945e-01 -1.26028647e-01
 3.02542906e-01 3.20818866e-01
 -5.82836381e-01 4.47605252e-01
 5.37585979e-01 6.58067351e-01
 -4.07754317e-01 5.37386617e-01
 -6.93975483e-01 4.23920230e-01
 -4.93333197e-01 5.53489651e-01
 -3.92489187e-01 5.80716160e-01
 -2.81601177e-01 3.55298995e-01
 -6.05218576e-01 2.40145693e-01
 -5.88726515e-01 4.45624323e-01
 3.54420876e-01 -6.11031144e-01
 -4.01959644e-01 5.41483471e-01
 -1.79865336e-01 4.18553391e-01
 -1.58974082e-01 -5.99274419e-01
 -6.00448103e-01 4.72806826e-01
 -2.14454193e-01 4.78530533e-01
 3.20455202e-01 2.99732046e-01
 1.44473762e-02 -3.90820835e-01
 -5.63066760e-01 3.63466194e-01
 6.42372948e-01 -2.72948095e-01
 -6.29016773e-01 1.20295910e-01
 -5.92231666e-01 5.06799864e-01
 -2.29260857e-01 3.62715589e-01
 -6.55641018e-01 4.82313988e-01
 -3.36213073e-01 6.00289070e-01
 -4.28055574e-01 6.13438763e-01
 -3.00070387e-01 4.13241054e-01
 -6.67612427e-02 -4.56403482e-01
 3.82895783e-01 -4.18335214e-01
 -2.30172465e-01 5.36071653e-01
 -4.55327976e-01 4.77060010e-01
 -2.80544016e-01 5.94766548e-01
 -4.66155295e-01 5.10949841e-01
 -2.17637244e-01 -7.71253081e-03
 -1.13314577e-01 4.20114193e-01
 -7.01245663e-01 3.98298029e-01
 -6.58700835e-01 3.63667752e-01
 -4.05313282e-01 5.86976627e-01
 -2.26826278e-01 3.86916727e-01
 -3.21613261e-01 6.17990923e-01
 -3.81626490e-01 5.61685271e-01
 -4.96463996e-01 5.66932327e-01
 -6.41758760e-01 1.30440999e-01
 -1.49254797e-02 8.29524030e-01
 -2.55424327e-01 3.95978440e-01
 -6.46478555e-01 1.29178700e-01
 -4.33354326e-01 4.62835682e-01
 -6.21712177e-01 3.22549805e-01
 -6.53477299e-01 4.88714981e-02
 -5.80641964e-01 4.66113149e-01
 -5.71353333e-01 5.00085968e-01
 -3.30474675e-01 5.76542301e-01
 -5.17803045e-01 5.40133169e-01
 -5.48717390e-01 4.71959025e-01
 2.76868796e-01 -8.18051329e-01
 1.14108512e-01 -5.79307716e-01
 -7.02347883e-01 1.84070082e-01
 -1.51080648e-01 -1.75598167e-01
 -1.97470327e-01 3.38243300e-01
 -6.48334668e-01 2.50776350e-01
 -4.79589197e-01 5.67485832e-01
 -3.94001166e-01 5.55293229e-01
 -6.43067460e-01 1.12198358e-01
 6.56332436e-01 -2.28923278e-01
 -6.11077971e-01 2.57001140e-01
 -6.04332056e-01 5.35785607e-01
 -5.57311141e-01 2.42968655e-01
 -6.46776760e-01 3.44307569e-01
 1.71464088e-01 2.84510509e-01
 -3.54847358e-01 5.77871927e-01
 -4.87656587e-01 -1.99998343e-02
 -4.86156184e-01 5.48938283e-01
 -2.59521208e-01 4.99180367e-01
 -7.15439292e-01 2.02310621e-01
 -6.29604147e-01 7.60711089e-02
 -6.52710967e-01 1.60348341e-01
 3.99590322e-01 -2.02021879e-01
 -5.62473704e-01 3.16853196e-01
 7.96347223e-01 1.40819749e-01
 -6.87923047e-01 3.31162637e-01
 -5.69036439e-01 5.20100324e-01
 -9.98767515e-03 -2.88239947e-01
 -6.61261818e-01 4.51269233e-01
 8.71166308e-01 5.12055597e-01
 -1.31868312e-01 3.83567779e-01
 -6.32101971e-01 8.53745436e-02
 -2.68557745e-01 4.58980781e-01
 -3.86416357e-01 5.77636149e-01
 -1.16571526e-01 5.40873799e-01
 -3.08378235e-01 4.74701012e-01
 -1.59637630e-01 4.94202793e-01
 -5.39126008e-01 5.05751636e-01
 -6.26160124e-01 1.82635665e-01
 3.31465901e-01 -7.85689679e-01
 5.44289213e-01 -6.98405631e-01
 -1.78166251e-01 5.06111800e-01
 -4.38161528e-01 -6.08675287e-01
 -4.57761566e-01 4.68676090e-01
 -6.18773354e-01 4.43195567e-01
 -2.22213187e-01 5.12305307e-01
 -6.04947569e-01 5.31490783e-01
 5.67078867e-01 -6.76650582e-02
 -6.94440662e-01 3.12636155e-01
 -3.54950772e-01 5.06204962e-01
 -5.84164407e-01 1.57970132e-01
 -3.06284777e-01 4.05879773e-01
 -5.59988395e-01 3.12998750e-01
 7.55728609e-01 1.72674875e-01
 -5.61906165e-01 -1.91816571e-01
 -6.58563591e-01 1.63855804e-01
 -4.50015971e-01 4.74779776e-01
 -5.28057878e-01 5.12392308e-01
 -2.82130884e-01 5.92361899e-01
 -5.80651854e-01 5.57874915e-01
 -4.60366381e-01 5.40645488e-01
 -5.98500574e-01 2.02224989e-01
 4.25385628e-01 -6.76882328e-01
 -6.97431671e-01 3.47292918e-01
 1.35263674e-01 -4.13737864e-01
 -6.84844618e-01 2.55836996e-01
 4.56209184e-01 -4.15355020e-01
 -5.92359123e-01 7.40920885e-02
 -4.92412399e-01 -6.20496600e-01
 -1.96646835e-01 5.05673060e-01
 -3.00377159e-01 3.79846092e-01
 6.59276050e-01 5.33071064e-01
 -5.33675142e-01 5.10772671e-01
 2.21042187e-01 6.88896676e-01
 -6.28031276e-01 -7.93250753e-02
 -1.40245999e-01 -4.35205544e-01
 -5.68700985e-01 5.23138658e-01
 -5.81859835e-01 4.72111321e-01
 5.33984667e-01 -5.86511640e-01
 -4.51742375e-01 5.71847938e-01
 -4.12288090e-01 6.39550743e-01
 -2.56256933e-01 4.07821060e-01
 -6.52050076e-01 3.85160893e-01
 -4.46349306e-01 -3.93494772e-01
 7.13894346e-01 2.61164728e-01
 -3.71881658e-01 5.81154654e-01
 -5.10965470e-01 4.78684401e-01
 -5.71899998e-01 5.09183672e-01
 -1.91565883e-01 4.32917461e-01
 -2.80095358e-01 5.43240175e-01
 -6.53286497e-01 2.50804133e-01
 4.37165561e-01 5.76717459e-01
 -3.74994084e-01 4.70519247e-01
 -1.52121908e-01 4.56134857e-01
 -3.37325260e-01 5.80232270e-01
 -4.52743562e-01 5.33173430e-01
 -5.51584956e-01 5.12073200e-01
 -2.10978986e-01 4.50332782e-01
 6.03034548e-01 -6.07093169e-01
 -9.45156556e-02 4.11561109e-01
 -6.41246608e-01 2.41647585e-01
 -3.43005600e-01 -5.13312654e-01
 -2.22788072e-01 3.49432970e-01
 -1.47014685e-01 3.95380585e-01
 -2.88058754e-01 3.80308622e-01
 -6.35323550e-01 2.08654659e-01
 -3.27728139e-01 5.86285906e-01
 -6.07453584e-01 3.77752261e-01
 -5.78205086e-01 3.35893035e-01
 -3.96042734e-01 5.79531597e-01
 -4.53565249e-01 5.93480026e-01
 -6.20107126e-01 5.31124534e-01
 -1.32067213e-01 3.83709918e-01
 -1.72445096e-01 4.09558730e-01
 -1.90855764e-01 4.20924370e-01
 -6.69700173e-01 4.10937581e-01
 8.43078876e-01 6.62133671e-01
 5.81447486e-01 6.23625802e-01
 -3.03987384e-01 4.82080885e-01
 6.11950389e-01 -1.24388545e-01
 -4.04333221e-01 -8.94893695e-02
 -5.21564575e-01 8.30613538e-02
 -5.12560540e-01 5.98113310e-01
 -3.59190403e-01 5.95941672e-01
 -3.54796106e-01 5.90550357e-01
 -6.48192185e-01 4.51690331e-01
 -1.46266090e-01 8.26011837e-01
 7.00175083e-01 -3.54646801e-02
 -4.50955874e-01 8.47617975e-02
 -2.28871842e-01 3.46968539e-01
 -4.80633084e-01 6.61430374e-02
 -5.10751379e-01 1.30586643e-01
 -3.08284265e-01 4.75090871e-01
 -6.48624197e-01 1.78139125e-01
 -4.05762309e-01 5.12211019e-01
 1.94268595e-01 9.89644438e-02
 -5.92669578e-01 4.29336186e-01
 -4.56759726e-01 6.04661438e-01
 -6.43070713e-01 2.64118860e-01
 4.33058857e-01 7.16032324e-01
 -5.15105874e-01 2.08884297e-01
 -3.43002531e-01 3.65227829e-01
 -5.68214498e-01 1.18449064e-01
 -3.89262616e-01 5.80731041e-01
 2.15736532e-02 3.85027426e-01
 7.44784268e-01 -3.85401842e-01
 1.01711653e-01 -4.18995307e-01
 -5.59538789e-01 4.20700840e-01
 -4.60519641e-01 4.88733998e-01
 -2.44281838e-01 4.54650865e-01
 -3.54452650e-01 5.84961824e-01
 -5.59164908e-01 4.47610854e-01
 -3.38240172e-01 -4.25054452e-01
 3.62669136e-01 -6.21524803e-01
 -4.42514971e-01 5.74462654e-01
 -3.93905726e-01 5.51070013e-01
 3.59533053e-01 3.19960353e-02
 -5.00328779e-01 4.28330573e-01
 7.30816122e-01 2.65883021e-02
 6.29515682e-01 -2.03636782e-03
 -5.21830500e-01 -2.92165891e-02
 -2.70543111e-01 5.03002283e-01
 2.41586329e-02 -4.47994878e-01
 -4.69620329e-01 4.98714188e-01
 -3.80716760e-01 5.95020487e-01
 -4.18627227e-01 -3.63955630e-01
 -4.01677728e-01 5.97359765e-01
 1.03607595e-02 -2.36586319e-01
 -6.04156644e-01 3.68257806e-01
 -3.98574177e-01 5.80332731e-01
 -3.25667015e-01 5.01783262e-01
 3.74042680e-01 -6.32620935e-01
 -4.82481349e-01 1.33268808e-03
 7.91327478e-01 1.78489001e-01
 -2.89724212e-01 5.40571874e-01
 4.40956459e-01 8.48534910e-01
 -2.26912794e-01 5.03442161e-01
 -4.50336361e-01 5.91668904e-01
 -4.81478716e-01 5.27734992e-03
 -1.94034364e-01 4.22560951e-01
 -5.32334285e-01 1.01838031e-01
 -4.99015068e-01 5.55686463e-01
 -2.27849881e-01 -1.88831582e-01
 -5.80942908e-01 2.00343095e-01
 -4.00660788e-01 6.26866903e-01
 -5.71785298e-01 4.23278817e-01
 -3.15177893e-01 5.27672365e-01
 -1.55598578e-01 -7.81426606e-01
 4.96486189e-01 -5.52957593e-01
 -5.45429895e-01 3.07729288e-02
 -6.46531835e-01 1.37902601e-01
 3.30823157e-01 5.91178344e-01
 -6.03492734e-01 1.04462566e-01
 -5.22067255e-01 5.02889064e-02
 -1.91275047e-01 4.17764603e-01
 7.96220601e-02 6.82262281e-01
 -3.61915992e-01 4.94433706e-01
 -3.77426037e-01 6.47122661e-01
 -2.79146011e-01 4.26848302e-01
 1.47743718e-01 6.34902528e-01
 4.82364834e-01 7.17467319e-01
 -5.99192904e-01 2.61196979e-01
 -5.02854417e-01 4.38743399e-01
 7.30441233e-01 2.44702758e-01
 -1.09067496e-01 4.05538078e-01
 4.19355465e-01 -1.47518691e-01
 -8.22441308e-02 3.86431495e-01
 5.84771863e-01 5.30584130e-01
 -2.83388591e-01 4.96130100e-01
 -4.80924374e-01 4.38519146e-01
 -2.71100506e-01 5.69213498e-01
 7.00164958e-01 -1.14466597e-01
 2.13446767e-01 8.24327528e-01
 -5.69019025e-01 1.40265744e-01
 1.41830714e-01 8.25528049e-01
 -3.19328752e-01 5.29145311e-01
 -4.78380171e-01 5.30111369e-01
 -2.49813817e-01 4.87363747e-01
 -5.20371954e-01 3.95261117e-01
 -3.44018674e-01 5.63357847e-01
 -5.26834062e-01 4.63317917e-01
 -3.64878785e-01 5.68476270e-01
 -2.91516996e-01 6.13481191e-01
 -1.38124047e-01 -6.35775104e-01
 -3.81422851e-01 5.32355784e-01
 -2.85979014e-01 5.09102898e-01
 -1.67238338e-01 4.25924176e-01
 -5.26512041e-01 5.53096793e-01
 -1.09150191e-01 -2.84832348e-01
 4.02548629e-01 6.22097558e-01
 -4.53494685e-01 -2.04569283e-01
 -5.60814583e-01 2.69346540e-01
 5.06704204e-01 -2.08554253e-01
 2.40707674e-01 -5.44198892e-01
 -6.50530149e-01 3.40997927e-01
 -3.54821348e-01 5.65100998e-01
 -3.26850907e-01 5.91092371e-01
 -2.38992648e-01 4.93054817e-01
 -3.98907983e-01 5.06606693e-01
 -3.44802008e-01 4.76609275e-01
 -6.33075899e-01 5.00104440e-01
 -3.82441437e-01 6.04468001e-01
 5.57289076e-01 -6.47473077e-01
 -6.76037622e-01 1.88220620e-01
 7.91347017e-01 -4.08628371e-01
 5.62714496e-01 2.37847414e-01
 -4.67931972e-01 5.77312757e-01
 3.09867963e-01 3.69368604e-01
 -2.45991859e-01 4.49121420e-01
 -5.41591671e-01 3.94404322e-01
 -1.73506048e-01 -4.21341383e-01
 -5.01017552e-01 3.54141802e-02
 -3.79947483e-01 6.10859689e-01
 -3.95873198e-01 -4.00624241e-01
 -2.42894005e-01 5.55116222e-01
 -8.17328557e-02 -7.58334522e-01
 6.68680464e-01 -5.89381124e-01
 -4.99844576e-01 5.54205644e-01
 -5.43328393e-01 4.77449621e-01
 -3.75524108e-01 5.84136817e-01
 -5.18638250e-01 4.85548240e-01
 5.75690211e-02 -3.70234402e-01
 -3.37573534e-01 4.86138421e-01
 -5.64853388e-01 2.49674905e-01
 -6.26698136e-01 2.28684637e-01
 -6.92903864e-01 1.18797440e-01
 -5.88229531e-01 5.62897946e-01
 7.47090642e-01 2.50834822e-01
 -3.53536480e-01 6.04483186e-01
 -5.48397231e-01 5.65646562e-01
 -5.96630650e-01 1.49231330e-01
 -5.05063714e-01 9.49621149e-03
 -3.52089051e-01 6.47980421e-01
 -4.49197945e-01 6.16171570e-01
 -6.27226229e-01 6.05591936e-02
 -3.04425468e-01 5.82650171e-01
 -4.30053652e-01 5.52188446e-01
 7.60468125e-01 -1.06860060e-01
 -4.52847342e-01 -3.24797756e-01
 6.33776804e-01 -5.28539100e-01
 -2.17741117e-01 -1.73365952e-01
 6.39921072e-01 2.50187321e-01
 3.10908971e-01 6.72669297e-01
 -5.34590701e-01 -6.23363693e-01
 -5.32270451e-01 4.39463084e-01
 -7.05184177e-01 3.16469927e-01
 -2.92972443e-01 8.20702055e-01
 -4.82271003e-01 4.09309210e-01
 -5.82649568e-01 2.67933384e-01
 4.42342230e-01 -7.78401396e-02
 9.72675868e-02 -6.92057019e-01
 -8.01563204e-01 -1.83156185e-01
 -4.86440301e-01 5.67727201e-01
 6.20698235e-01 -2.26804346e-01
 3.78282131e-01 -4.46001492e-01
 -3.18138516e-01 -5.62634044e-02
 -5.99934195e-01 4.96482465e-01
 -3.79959961e-01 4.78308454e-01
 -6.38923125e-01 3.31721526e-01
 -4.89511878e-01 5.94205884e-01
 -4.35581636e-01 6.01541319e-01
 -5.04112474e-01 -6.65786885e-01
 -2.95067251e-01 5.37859789e-01
 -5.17350488e-01 5.46436139e-01
 -5.27941192e-01 4.80621416e-01
 2.90903729e-01 -5.90871149e-01
 -7.37209330e-01 5.93262899e-01
 -5.01587759e-01 5.13486155e-01
 -2.19428742e-01 5.44963653e-01
 -6.34330843e-01 3.27523602e-01
 -4.18056372e-01 5.99585928e-01
 5.42407956e-01 -6.21275038e-01
 -2.24135157e-01 -5.86537950e-01
 -2.49961363e-01 5.39121367e-01
 -3.76212382e-01 5.46200252e-01
 -6.84736296e-01 -7.76032184e-02
 -4.92840575e-01 6.09437728e-01
 -5.59939198e-01 5.11950886e-01
 -3.37701497e-01 6.26186889e-01
 -4.74231243e-01 5.99986560e-01
 -6.02298526e-01 3.55454132e-01
 -6.20429625e-01 3.61242888e-01
 3.54987179e-01 3.95537237e-01
 -4.77477512e-02 8.35256185e-01
 -6.02113432e-01 9.87493793e-02
 2.15832340e-01 6.16878525e-01
 -2.33009610e-01 -1.93019531e-01
 -5.54629453e-01 4.15986143e-01
 -6.71370648e-01 2.31475555e-01
 5.01087661e-01 -3.13539133e-01
 4.97353603e-01 -5.89787416e-01
 -5.41562913e-01 4.31906547e-01
 -5.60542644e-01 3.42552442e-01
 4.04154923e-01 -8.07324892e-01
 -4.02142875e-01 4.66523676e-01
 -1.80367927e-01 4.92568590e-01
 -6.75857903e-01 3.51587492e-01
 -1.96451808e-01 4.28015939e-01
 -4.47825819e-01 -6.27295145e-01
 7.15993417e-01 1.64203922e-01
 -4.65589099e-01 6.20778507e-01
 5.09057682e-01 -2.62788017e-01
 -4.81763201e-01 -3.15545684e-01
 4.70512683e-01 3.92663871e-02
 3.14527799e-01 -7.69999115e-01
 -4.90548785e-01 4.57643600e-01
 -2.99348437e-01 5.62522409e-01
 -5.32069699e-01 5.26917263e-01
 -2.59073832e-01 5.65942298e-01
 -5.44476651e-02 8.15283313e-01
 2.74217348e-02 -3.52998666e-01
 4.57664419e-02 8.55691592e-01
 -6.48038117e-01 2.94440177e-01
 5.88684984e-01 -5.43962052e-01
 -2.28473147e-01 -9.30982799e-02
 -7.05066001e-01 2.46996191e-01
 -5.24874246e-01 3.73191232e-02
 -5.02103723e-01 9.52956334e-02
 -4.23373494e-01 5.77480614e-01
 -4.20001027e-01 5.01382543e-01
 4.13354377e-01 -7.74558479e-02
 -3.25899586e-01 5.08030477e-01
 -4.60456098e-01 5.02417195e-01
 -4.32303973e-01 4.63680163e-01
 -5.63400194e-01 2.20916045e-02
 1.84455366e-01 2.63465887e-01
 -2.37256702e-01 5.49115059e-01
 -5.56394471e-01 5.28299466e-01
 5.80641598e-01 7.09280804e-01
 -3.14811341e-01 5.17020262e-01
 7.50744510e-03 8.91462656e-01
 -2.43111493e-01 5.37642394e-01
 -5.04864076e-02 7.01102258e-01
 5.08482506e-01 -3.80528834e-01
 -5.77274232e-01 2.70209823e-01
 -2.08852218e-01 4.86334680e-01
 -3.72133033e-01 5.80581134e-01
 7.97660729e-01 1.14487962e-01
 -5.77246014e-01 4.62547137e-01
 -2.50292533e-01 5.47049584e-01
 -3.34683008e-01 4.97570120e-01
 -5.34373825e-01 4.62588560e-01
 -5.65398947e-01 3.94834999e-01
 -5.83482858e-01 5.25458058e-01
 2.00852916e-02 5.97418451e-01
 -3.02296913e-01 5.96346093e-01
 -2.32635412e-01 4.05355886e-01
 1.48488169e-01 -5.09132228e-01
 4.21109677e-01 2.92952325e-02
 -7.11383820e-01 3.76766681e-01
 -5.74994659e-01 5.38115847e-02
 -2.84758712e-01 4.47916540e-01
 -3.34459920e-01 5.48371455e-01
 -2.21303347e-01 4.01784408e-01
 -6.82410244e-01 3.62809371e-01
 -2.60061336e-01 5.66572715e-01
 -1.40546348e-01 -4.96371553e-01
 -5.94387023e-01 2.86750115e-01
 -6.92457373e-01 3.31499522e-01
 -5.92521256e-01 -2.54116878e-01
 -6.11378628e-01 5.01250969e-01
 -4.59916298e-01 5.95456693e-01
 -5.53715853e-03 6.37287494e-01
 -3.41835955e-01 7.28314010e-01
 -3.68722009e-01 5.60793891e-01
 -3.63590966e-01 5.77223100e-01
 -6.35711389e-01 2.95475420e-01
 -2.70094923e-01 5.78881118e-01
 -3.75038012e-01 5.13970525e-01
 -4.44514123e-01 6.14753906e-01
 -5.24426434e-01 5.16715583e-01
 2.00722865e-01 2.72981146e-01
 -4.80210513e-01 4.24031157e-01
 -3.46241550e-01 5.85128399e-01
 -6.27402802e-01 3.62630631e-01
 5.35895979e-01 -5.15119269e-01
 -6.36738722e-01 3.94059019e-01
 -7.05673193e-01 3.35782749e-01
 -3.96921972e-01 5.38605817e-01
 -4.46721985e-01 6.16875500e-01
 -5.48877178e-01 5.66503321e-01
 -3.61171426e-01 5.62931904e-01
 -5.48833834e-01 3.97439874e-01
 -5.58058058e-01 1.69383112e-01
 -1.32932769e-01 -2.04039237e-01
 -4.41985452e-01 5.74517639e-01
 -1.97880500e-01 4.22461380e-01
 1.55157498e-01 -4.37515224e-01
 -5.61363123e-01 3.07334668e-01
 -1.97336125e-01 5.15296430e-01
 -5.62639268e-01 3.04594142e-01
 -3.39270698e-01 4.51743847e-01
 2.17219674e-01 4.57279977e-01
 -5.76692615e-01 2.12924633e-02
 -6.62795835e-01 5.15095014e-01
 1.57779493e-01 7.58533912e-01
 -4.48916901e-01 5.58275972e-01
 3.36713607e-01 -7.32241201e-01
 -1.53284016e-01 -4.16606973e-01
 -1.81377994e-01 7.92217663e-01
 -5.12356381e-01 6.17880381e-01
 5.90273583e-01 -6.61514750e-01
 5.27530561e-01 -4.44822358e-02
 -3.62139292e-01 -1.52841472e-01
 -8.46935820e-01 2.12740961e-01
 -5.97366449e-01 2.71349892e-01
 -1.74007455e-01 -6.74571576e-01
 -5.03952034e-01 5.56172841e-01
 -1.60477086e-01 5.85628307e-01
 -5.59258827e-01 2.95886751e-01
 -6.44401444e-01 3.66456248e-01
 -4.76842920e-01 4.22511105e-01
 -5.88398341e-01 4.12353682e-01
 -4.02282414e-01 5.80519229e-01
 -7.19519727e-01 3.39141140e-01
 -5.34604734e-01 5.10796018e-01
 -4.53049333e-01 -6.16384507e-02
 -9.72025939e-02 -7.84468169e-01
 -2.79346000e-01 6.07228948e-01
 -2.51126044e-01 5.52842749e-01
 -6.80340963e-01 3.36114722e-01
 -3.33681757e-01 -8.29187701e-02
 7.43284399e-02 -8.28559071e-01
 -6.30145725e-01 2.51041327e-01
 -5.31046218e-01 2.79062553e-02
 -4.84957588e-01 -4.70252182e-03
 -2.77786816e-01 5.40773476e-01
 5.69041144e-01 3.48743668e-02
 -5.59452556e-01 3.99925694e-01
 -2.84924940e-01 5.03600826e-01
 -5.16610099e-01 5.28547814e-01
 4.25990580e-02 -3.67513892e-01
 -6.85702408e-01 3.70205260e-01
 -4.56613571e-01 5.70912647e-01
 4.45998939e-01 6.64401909e-01
 -3.14079250e-01 4.84351506e-01
 -4.24833174e-01 6.07497242e-01
 -4.40441382e-01 5.91820723e-01
 7.40485033e-01 2.71563401e-01
 -1.47858955e-01 8.87373735e-01
 -2.58117405e-01 4.11174476e-01
 -7.06729834e-01 3.18553270e-01
 -4.51236027e-01 5.52408997e-01
 -5.75351756e-01 1.57112213e-01
 -5.60524397e-01 3.99572589e-01
 -5.88997662e-01 2.06579880e-01
 -3.10958243e-01 5.19321612e-01
 -5.19247416e-01 5.41247345e-01
 -3.01740396e-01 4.49871126e-01
 -6.58126955e-01 2.31590113e-01
 7.44643483e-01 -4.80610148e-01
 -2.19094244e-01 3.52335326e-01
 -1.79983511e-01 4.69122231e-01
 -4.91406922e-01 5.51511910e-01
 -5.67520802e-01 1.15637600e-01
 -4.09552796e-02 6.07028830e-01
 -5.61099432e-01 5.21289042e-02
 -1.96310844e-01 4.05809786e-01
 -6.58206808e-01 1.63474911e-01
 -6.67640808e-01 3.31463195e-01
 -2.41961793e-01 4.32352999e-01
 -7.01451560e-01 4.47813673e-01
 -4.86481374e-01 5.00025076e-01
 -3.33141196e-01 5.67692813e-01
 8.04197085e-01 -2.27796628e-02
 -5.21852023e-01 5.07931637e-01
 2.09941887e-01 8.06846229e-01
 -5.32700218e-01 5.43829969e-01
 -4.91227899e-01 6.11608203e-01
 -1.70669559e-01 4.65230236e-01
 4.37875749e-01 5.93403833e-02
 -3.31377738e-01 5.79904623e-01
 -5.04744197e-01 5.86402102e-01
 -6.80698639e-01 3.58494619e-01
 -3.24952554e-01 5.79093226e-01
 -5.42362220e-01 6.21707546e-02
 -5.46725258e-01 3.53110066e-01
 -5.50657915e-01 4.99782071e-01
 4.36659734e-01 -5.81004130e-01
 -5.73903488e-01 4.81998371e-01
 6.05868397e-01 7.26734057e-01
 -1.13535776e-03 6.48555290e-01
 -4.37819632e-01 -6.42664068e-01
 -2.70646556e-01 5.33942681e-01
 -7.13428106e-01 4.30361864e-01
 -6.67483924e-01 3.38537604e-01
 -8.25297276e-01 1.42138395e-01
 -5.35260482e-01 5.53425858e-01
 -3.52166904e-01 5.43567687e-01
 -6.81019861e-01 3.60228676e-01
 2.72513896e-02 -5.12580520e-01
 -4.15378630e-02 -4.15039582e-01
 7.49478993e-01 9.39115613e-03
 -6.50917971e-01 3.79254576e-01
 -5.33926818e-01 4.50847110e-01
 -4.78969563e-01 5.27013797e-01
 -6.70473549e-01 1.72742036e-01
 -3.76108184e-01 5.97478619e-01
 -5.58832734e-01 -6.07667356e-01
 -5.60402979e-01 1.24745294e-01
 -2.97126511e-01 5.75092392e-01
 -4.01247467e-01 6.07845699e-01
 -3.66275745e-01 5.82512774e-01
 -6.62191101e-01 1.30942357e-01
 2.10307538e-01 7.98587618e-01
 -4.37581299e-01 -3.41341321e-02
 -4.70184054e-01 5.44024849e-01
 -5.80408369e-01 2.90233233e-01
 -4.50434121e-01 5.02240540e-01
 -1.58796336e-01 -4.30528698e-01
 2.25237245e-01 -4.90976429e-01
 -6.53316432e-01 3.29619464e-01
 -6.01586661e-01 3.57888800e-01
 -6.66254683e-01 1.91567266e-01
 -3.91766573e-01 5.80824235e-01
 4.03016693e-01 -4.50978781e-01
 -1.03779571e-01 3.16880103e-01
 -3.26874156e-01 5.71159264e-01
 5.77470093e-01 -1.00828710e-02
 -7.96216660e-01 -7.36015474e-02
 4.07570918e-01 -1.20540972e-01
 -2.21825745e-01 3.50989579e-01
 3.37040658e-01 6.37855571e-02
 -1.35231925e-01 3.82228416e-01
 2.42206731e-01 -7.76663723e-01
 -5.18885238e-01 1.51746488e-01
 -4.13488359e-01 6.13101511e-01
 -5.92788102e-01 4.59419891e-01
 -4.44194545e-01 5.78686187e-01
 -5.28031571e-02 -7.65034160e-01
 -6.53493224e-01 -3.67062847e-01
 -1.23689048e-01 -4.38506956e-01
 4.47680418e-01 2.33481199e-02
 3.71029034e-02 -4.00342634e-01
 -6.57549855e-01 2.10065847e-01
 -6.18639698e-01 2.08246813e-01
 -3.69087058e-02 -5.40769477e-01
 -3.00353680e-01 4.35006967e-01
 -3.06892057e-01 5.40974466e-01
 -4.77869018e-01 5.80356394e-01
 4.23037316e-01 -1.05579088e-01
 3.87310053e-01 7.93547370e-01
 -2.71652083e-01 4.96961835e-01
 -7.01672305e-01 3.63316536e-01
 -3.63406233e-01 6.14246274e-01
 5.26079687e-01 -3.84039631e-01
 -5.29310909e-01 2.12242135e-01
 7.69055946e-01 1.47166143e-02
 -6.41831007e-01 1.57571249e-01
 -2.21260135e-01 4.21310081e-01
 -3.54115076e-01 5.97173562e-01
 -6.75771581e-01 1.73274619e-01
 -3.86557402e-01 4.68917579e-01
 3.12528887e-01 5.82108357e-01
 -3.01381290e-01 5.91785978e-01
 5.60355489e-01 -6.89604282e-01
 -6.37535536e-01 -4.59931567e-01
 -6.56329966e-01 4.88737334e-01
 4.04676586e-02 7.30333357e-01
 -5.48124668e-01 5.31415881e-01
 -1.08347966e-01 4.74385695e-01
 -4.60513663e-01 -1.45589707e-01
 -3.20151709e-01 4.34625580e-01
 -3.28805807e-01 4.66456824e-01
 -5.64860316e-01 5.68786775e-01
 -4.00961827e-01 5.81604264e-01
 -6.12411014e-01 4.77987213e-01
 -4.89657343e-01 5.07823176e-01
 -3.88556929e-01 6.34498425e-01
 -5.35398984e-01 5.37876328e-01
 3.68307644e-01 1.21422430e-01
 -6.75977717e-01 2.77375178e-01
 -7.82439093e-02 -8.22028927e-02
 5.87849824e-01 2.32528615e-01
 7.77639724e-01 6.01986620e-02
 -5.80605472e-01 5.04649783e-01
 -4.61121928e-02 -3.13292837e-01
 -6.03676901e-01 4.80292350e-01
 -1.15759487e-01 -6.57543196e-01
 -5.35170994e-01 5.60504110e-01
 -6.10791326e-01 4.80679851e-01
 -7.12969894e-01 3.05249606e-01
 -4.49338924e-01 5.93461314e-01
 -4.04860151e-01 6.16276311e-01
 6.93690044e-01 3.72606734e-01
 -2.07996752e-01 3.44513268e-01
 -5.66213944e-01 3.42820201e-01
 -3.93049546e-01 6.24595185e-01
 -4.09558569e-01 6.33113329e-01
 -4.20973537e-01 4.64301544e-01
 -4.68682290e-01 5.01289900e-01
 -5.29717556e-01 -6.19112928e-01
 -6.06735373e-01 1.95463697e-01
 -1.98858071e-01 4.00271582e-01
 -1.83550137e-01 -5.04097305e-02
 -9.61573662e-03 -2.60480119e-01
 1.34570143e-01 6.43136630e-01
 -4.20920251e-01 5.66618170e-01
 -4.02851176e-01 6.31802771e-01
 -3.73523462e-01 5.76446801e-01
 -5.74989951e-01 4.28325960e-01
 4.79811276e-01 3.99780531e-01
 6.96773306e-01 2.45860464e-01
 2.65537912e-01 8.05800013e-01
 -4.64340857e-01 5.01150931e-01
 -6.75321441e-01 2.38929850e-01
 -6.99755742e-01 1.32741208e-01
 3.23463269e-01 -6.31985748e-01
 -4.05435903e-01 4.29982053e-01
 -6.31415417e-01 9.66196960e-02
 -1.45463096e-01 -3.14666890e-01
 -3.75200490e-01 5.09493561e-01
 -2.55286659e-01 6.40843234e-01
 -2.74652101e-01 5.58317417e-01
 -2.05235907e-01 4.44575629e-01
 -5.51156922e-01 4.06588293e-01
 9.59911390e-02 3.59080171e-01
 -5.31984649e-01 2.87796700e-02
 -1.82668958e-01 3.68642525e-01
 4.26942184e-01 -1.12498680e-01
 -6.85462244e-01 3.52340153e-01
 1.52922034e-02 -3.52029124e-01
 -4.62019849e-01 5.13130994e-01
 -1.70702136e-01 3.21137894e-01
 7.59230527e-01 -4.17130257e-01
 -8.41870165e-01 9.97933227e-02
 -6.44066992e-01 1.89182083e-01
 -2.63837529e-01 5.58326748e-01
 -4.96906088e-01 4.81534563e-01
 7.24077933e-01 -3.61861681e-01
 -4.55273078e-01 -6.31075472e-01
 -6.25734384e-01 2.59628220e-01
 -1.51924432e-01 3.83850432e-01
 -6.94111590e-01 2.97131659e-01
 7.39252989e-01 -4.12645856e-01
 -2.46173960e-01 5.41195139e-01
 1.76896354e-01 7.44248090e-01
 -4.13178885e-01 4.92668243e-01
 -1.75865867e-01 5.42709049e-01
 -6.37937377e-01 1.46459029e-01
 5.82031055e-01 -7.20439314e-01
 -3.46616728e-01 -2.65937975e-01
 -5.96304788e-01 3.41430240e-01
 -5.87456538e-02 -1.49156048e-01
 6.45894067e-01 -6.19496827e-01
 -3.44955529e-01 4.33943079e-01
 -9.00000000e-01 2.72508947e-01
 6.66625493e-01 -5.09725351e-01
 -5.79932475e-01 4.28505578e-01
 -4.57169258e-01 5.17971885e-01
 -2.84084417e-01 5.52460584e-01
 -4.17927561e-01 4.69008668e-01
 -3.45520337e-01 6.19747283e-01
 -3.39403487e-01 5.72417618e-01
 -2.32984199e-01 3.39898440e-01
 2.09764490e-01 -8.17927540e-01
 2.20306505e-01 9.99291394e-02
 4.38826274e-01 -6.18700670e-01
 -5.40733978e-01 4.60658997e-01
 -3.23847113e-01 7.04593342e-01
 1.23386336e-01 4.09438720e-01
 3.05905728e-01 2.83049150e-01
 -2.31670911e-01 5.44161675e-01
 -4.53673952e-01 5.95995893e-01
 -6.49289890e-01 1.63870826e-01
 -6.97184485e-01 1.84768818e-01
 -1.15369200e-01 -2.81611266e-01
 -6.64840562e-01 1.88284671e-01
 -3.08793737e-01 5.30853368e-01
 -4.09706410e-01 6.00994748e-01
 -3.86281785e-01 5.81180911e-01
 -2.20751192e-01 3.51191117e-01
 -6.83327485e-01 3.67450767e-01
 7.10686135e-01 3.28600972e-01
 -4.48433958e-01 5.72722877e-01
 -5.52262055e-01 3.82030137e-01
 -3.49236669e-01 5.27469608e-01
 -1.57297388e-02 7.50793657e-01
 -2.15575515e-01 5.11928370e-01
 -4.12305445e-01 5.15402509e-01
 -6.14935350e-01 3.66805872e-01
 -3.37416008e-01 5.53503775e-01
 -4.68847244e-01 4.37980759e-01
 -2.76218079e-01 4.65629089e-01
 5.73281026e-01 -6.47235208e-01
 -3.16000416e-01 4.89141344e-01
 -3.92327372e-01 5.94584057e-01
