1006 301 490
310 943 1970
310 943 255
1674 1052 627
1811 166 1016
1811 166 758
1396 166 506
1396 166 758
2008 109 1156
1086 440 1970
632 486 163
1014 303 490
1724 301 490
545 1569 295
801 1006 490
801 1309 1006
801 490 428
307 560 61
1995 310 1970
237 919 157
246 166 506
246 166 1016
246 574 1016
1520 109 1156
1520 109 295
1520 1235 1156
1520 1235 442
165 943 255
382 2008 1494
1114 382 1410
1114 382 2008
1061 1514 126
581 1086 763
581 1086 440
1934 308 1889
1488 1955 548
1488 1208 1243
1488 1208 209
227 1537 278
227 1594 1537
214 2008 1494
214 2008 1156
927 632 1008
1066 303 548
1066 935 548
1320 1066 303
855 2014 1711
427 855 1189
550 1569 1171
550 545 1569
1502 109 295
1502 545 295
774 1569 1171
828 310 1217
828 1624 1217
1903 291 157
1903 237 157
400 237 919
479 574 1016
1325 246 506
1325 1520 1058
1325 1520 615
1325 574 615
1325 246 574
752 1520 442
747 1695 1255
747 1255 627
747 1674 627
1930 1695 1255
302 943 177
302 165 943
990 306 1016
990 425 306
990 425 255
990 310 255
990 310 1217
1112 1955 548
1896 1112 548
1896 1112 1173
1546 2008 109
964 1114 1410
964 1410 1243
964 1208 1243
514 1840 2034
384 1136 1032
384 1136 1489
888 1523 666
912 1086 763
912 1086 1970
912 1523 1970
912 1984 1523
366 581 763
1719 366 440
1719 366 1012
1501 691 261
1102 632 163
1102 691 163
1102 691 261
1679 1102 632
1679 1102 261
398 1639 1693
398 1693 163
398 691 163
256 1623 160
12 227 919
12 227 1594
12 400 919
1415 227 386
537 1475 809
537 1475 386
565 1415 386
565 537 386
1869 415 1156
26 632 1008
1098 26 632
767 486 1243
1172 507 192
1172 971 192
1172 507 1494
1172 1410 1243
1172 971 1243
1172 382 1494
1172 382 1410
1701 1295 486
1712 1295 486
1712 632 486
1712 927 632
123 1320 1066
1020 1320 303
1020 1320 1711
1020 855 1711
1378 181 1189
1378 855 1189
1378 142 181
438 1014 303
438 1020 303
830 2014 1711
830 1320 1711
1964 1502 427
660 1569 295
660 774 1569
989 1520 295
989 1520 1058
35 266 1309
757 560 61
757 1062 560
1440 1702 61
770 624 143
174 211 690
313 152 1846
186 2020 1400
1635 1165 1214
551 1994 583
1200 1994 583
251 100 344
325 186 2020
1131 1594 1537
1660 400 237
1015 306 1016
1015 479 1016
1279 479 574
1819 574 1873
938 1819 574
1833 1000 1623
318 1520 615
318 752 1520
1476 752 442
1476 1235 442
1610 1052 735
1948 425 306
1948 847 425
1643 747 1695
155 1930 1695
155 1643 1280
155 1643 1695
793 822 1677
1664 425 255
1240 1225 1280
354 793 1677
354 1225 1280
354 155 1280
354 155 1930
610 1396 758
610 527 1396
1671 527 1126
1671 2048 1126
1223 935 548
1223 1896 548
1223 935 109
1223 1173 109
1223 1896 1173
1844 1114 2008
1844 1546 2008
1175 1173 109
1175 1546 109
1327 1488 1955
1861 514 773
87 1514 602
87 1061 1514
900 514 773
1904 1688 1061
229 1855 1665
229 1855 1733
229 1733 627
229 1514 627
1374 1805 125
748 73 1136
748 73 540
1227 1902 125
1232 1733 627
94 748 78
94 1136 1032
94 748 1136
71 78 955
71 94 78
200 1855 1733
200 384 1489
200 1275 1489
205 888 666
205 2009 478
1728 912 1984
1578 1923 1452
1578 1728 1984
1578 1728 1923
1578 1814 666
1578 1523 666
1578 1984 1523
102 581 440
102 366 440
102 366 581
1921 302 177
1921 302 1012
1921 943 177
1921 943 1970
1921 440 1970
1921 1719 440
1777 366 1012
350 52 419
350 391 52
429 1934 1889
429 793 1889
429 793 822
1466 822 1677
1959 1235 1156
1959 1037 1235
1647 1959 1156
1749 672 704
1362 1959 1037
1860 1501 261
1860 1679 261
1860 1679 704
1808 693 993
1798 1475 386
1798 227 386
69 398 691
1013 322 1602
1013 405 1602
1013 322 678
875 1037 678
875 1037 1235
875 1013 678
875 1013 405
875 1476 1235
1460 693 993
1460 838 993
1460 838 1241
30 565 658
30 565 537
30 537 809
530 1869 159
1931 1679 632
1931 1098 632
1931 1679 704
1931 1098 704
635 971 192
1901 1701 1295
257 26 1008
257 927 1008
756 1869 159
756 1869 415
643 1712 1434
1388 1712 1434
1388 1712 927
1388 257 927
485 1014 490
378 142 181
378 485 490
378 485 142
1662 1006 301
1662 266 910
1662 1309 1006
1662 266 1309
1630 1066 935
1630 123 935
1630 123 1066
286 1378 855
1606 550 1171
556 830 2014
556 830 1502
556 855 2014
37 830 1320
37 123 1320
37 1502 109
37 830 1502
37 935 109
37 123 935
1759 550 545
1759 1502 545
1759 1964 1502
1321 989 1058
1188 660 295
1188 989 295
1516 1671 2048
167 1446 1770
1567 1261 307
1567 331 428
909 1151 88
193 1151 88
1841 977 2042
1393 469 61
1393 1440 61
304 211 1770
304 1446 1770
1128 770 624
1128 757 624
1128 757 1062
1128 770 646
652 174 646
652 174 211
652 304 211
724 174 646
1344 1804 1304
1479 1163 1505
1479 266 910
1479 1163 266
1803 422 738
1803 1344 1204
1803 1344 1304
894 521 1004
1010 1667 179
617 448 1554
617 448 1244
293 1565 954
293 1939 954
293 1939 917
293 1292 780
293 1565 1292
206 1341 1914
206 953 1914
206 953 351
1433 293 917
1433 953 351
1433 1616 780
1433 293 780
566 772 207
1301 1939 1684
1301 98 1684
1301 1619 1914
1301 1619 329
1347 329 583
1347 1200 583
1347 1619 722
1347 1619 329
1906 1341 1914
1906 1619 1914
1906 1619 722
1124 977 2042
680 2031 252
680 1124 2031
275 100 435
275 100 404
275 162 404
742 251 1165
742 100 435
742 251 100
918 251 1165
918 251 344
1134 551 1994
1571 1903 291
1571 1385 1903
1571 1510 1385
1582 1903 237
314 1131 1594
92 574 1873
92 1279 574
1802 1000 1623
1802 1623 160
730 322 1602
730 256 322
686 256 1623
686 1833 1623
686 730 256
686 730 1833
300 1948 306
858 1925 1225
33 747 1674
80 33 747
80 33 449
1670 1499 1353
785 165 255
785 1499 165
785 1664 255
785 1670 1664
785 1670 1499
171 1042 825
1168 302 165
1168 1413 302
1405 1413 302
1689 1240 1225
908 1689 1123
908 1689 1240
908 80 449
908 80 1240
1355 354 1930
1355 354 793
1355 793 1889
1355 308 1889
1355 308 1255
1355 1930 1255
1444 1052 735
1444 899 1052
1299 1610 735
1867 1939 954
534 1939 1684
534 1867 1939
1765 990 1217
1765 510 990
223 1811 758
223 1811 1016
1663 1565 1292
1663 1516 1292
1663 1516 2048
1663 1565 954
1265 964 1114
1265 1844 1114
1265 964 1208
1513 1844 1546
1513 1488 209
1513 1844 209
1216 1175 1546
1216 1327 1955
1357 412 1840
250 1357 907
250 187 1840
250 1357 1840
800 1082 345
800 1597 1082
368 773 937
368 1861 773
753 412 1840
797 1578 1452
797 1578 1814
810 1061 126
810 1904 1061
1617 1688 327
1617 1361 327
18 1377 511
1340 78 955
1340 332 955
1340 1377 591
1340 1904 591
1340 810 1904
394 309 591
202 1776 540
202 1776 497
798 332 955
1137 1018 763
1137 1777 1374
1137 1374 1805
1137 1018 1805
1137 366 763
1137 1777 366
1791 1805 497
1791 1018 1805
1791 1018 1820
1968 888 1523
1968 1523 1970
1213 1898 1806
1213 1917 1995
1213 1330 1995
1213 1330 1898
777 1611 1909
113 1611 563
144 1227 125
144 1374 125
443 1227 1902
844 1275 1489
844 1136 1489
844 73 1136
1650 1232 1733
856 948 764
856 94 1032
1367 764 1855
1367 948 764
1367 948 384
1367 200 1855
1367 200 384
199 1485 393
108 71 94
842 1968 888
653 912 763
653 1728 912
653 1018 763
834 1719 1012
834 1921 1012
834 1921 1719
1262 429 1934
1262 350 391
1262 429 822
1262 1466 391
1262 1466 822
1183 1098 698
1864 256 322
1864 322 678
1864 1037 678
1864 1362 1037
618 1647 1959
618 1362 1959
618 1362 701
811 2005 160
811 1823 512
1317 1808 923
1317 1808 693
509 1639 1693
509 1693 163
509 1798 163
1071 1798 1475
575 1823 512
1764 875 405
1764 875 1476
1764 1680 1476
1166 1415 201
1166 565 1415
283 565 658
1675 13 1449
2043 1415 227
1059 587 1639
2046 30 658
320 30 809
1358 530 159
1358 1098 698
1358 1098 159
1358 530 1869
1358 698 1156
1358 1869 1156
1558 971 1243
1033 767 486
1033 77 1960
1847 1701 486
1847 1033 486
1847 1033 1960
966 633 214
731 214 1494
731 966 214
731 966 1901
212 756 159
212 257 1077
212 756 1077
1866 1077 415
1866 756 415
1866 756 1077
1741 643 633
1741 633 214
1741 1077 415
1741 643 1077
1741 415 1156
1741 214 1156
60 257 1077
60 1388 257
60 1388 1434
60 643 1434
60 643 1077
1576 423 1592
1470 423 181
1470 378 181
1470 1724 490
1470 378 490
1150 1470 1724
1150 1470 423
1472 423 181
1472 423 1592
1472 181 1189
1472 1592 1189
31 172 1268
31 172 1905
1270 818 1268
1270 172 1268
1270 1150 818
1270 1150 172
242 286 1014
242 286 1378
242 1378 142
242 485 1014
242 485 142
458 286 855
458 1020 855
458 438 1020
1384 1606 1171
1364 1759 550
1364 1759 1964
1281 1502 427
1281 556 1502
1281 427 855
1281 556 855
373 238 655
1757 1321 1058
1757 1325 506
1757 1325 1058
360 989 451
360 1188 989
1138 167 1446
1894 909 88
985 624 143
161 469 61
161 757 61
161 985 1579
161 757 624
161 985 624
1795 2029 1151
1795 193 1151
532 1841 2042
603 532 1841
141 521 1004
141 893 521
141 893 1702
141 1563 1927
141 1702 1846
1981 1446 560
1981 304 1446
1981 1062 560
1929 770 143
1929 476 770
1201 1929 143
274 1128 646
274 652 646
274 1128 1062
274 1981 1062
1324 1435 1050
1007 1435 1050
1490 174 690
1490 724 174
1490 1435 690
1490 1007 1435
1490 1007 724
975 418 1304
975 1803 738
975 1803 1304
880 1616 780
880 1804 780
525 418 1304
525 1804 1304
1577 880 1616
1577 880 1804
1834 1928 1204
835 1991 252
835 2031 252
835 2031 1341
1831 1690 351
1831 595 1690
434 418 1314
523 1830 1919
523 81 1742
523 81 1830
1615 1479 1505
749 801 428
218 35 266
457 331 428
459 1163 1505
608 211 690
759 152 1846
759 1238 1846
759 38 1238
1043 313 152
744 638 1220
744 1043 313
744 1043 638
16 38 217
16 38 1238
16 1451 1238
1625 1238 2034
1625 1451 1238
358 16 217
358 16 1451
1971 1049 1563
1971 141 1846
1971 141 1563
27 1667 179
1269 663 1220
1269 663 1667
1480 772 554
1648 2044 179
1648 1096 554
267 531 1010
267 1010 179
1966 1480 554
1497 186 1400
944 1497 1224
1641 1029 1400
1996 20 346
1996 1773 346
1853 1966 1672
1853 1966 1511
1853 1511 1554
1853 448 1554
1865 448 1169
1865 1853 1672
1865 1853 448
606 617 1554
606 1511 1554
105 1773 230
1205 1773 1244
1205 617 1244
1205 105 1773
1205 617 1022
1289 1942 1001
1676 1480 1587
1676 566 772
1676 1480 772
956 1890 88
328 551 583
328 329 583
328 1301 329
328 1301 98
1747 1301 1939
1747 1939 917
1747 953 1914
1747 1301 1914
1747 1433 917
1747 1433 953
814 1347 722
814 1124 2042
814 1124 722
1079 1347 1200
1079 814 1347
1079 814 2042
500 1124 2031
500 2031 1341
500 1906 1341
500 1906 722
500 1124 722
1438 1732 404
1438 1986 1732
629 1732 404
629 162 404
339 162 1067
339 275 162
939 1089 1330
939 1898 1323
939 1330 1898
939 2035 1323
677 1089 576
677 1089 1330
1139 1089 576
1139 280 576
1139 280 795
549 1048 535
1343 1635 1165
1343 918 1165
1343 325 344
1343 918 344
1535 220 2045
1535 1134 1994
1535 1134 2045
1535 220 1067
1535 162 1067
1535 1200 1994
1859 1134 1624
1859 1134 2045
265 551 1217
265 1134 551
265 1624 1217
265 1134 1624
341 706 535
341 1048 535
341 751 1048
1589 706 2045
1978 220 2045
1978 706 2045
1417 706 535
1417 742 435
433 1660 237
433 1660 1316
569 1385 1903
569 1582 1903
1178 1660 1316
1178 314 1131
1178 1660 400
111 1279 479
111 866 1279
111 1015 479
111 866 1015
1709 1015 306
1709 866 1015
1709 300 306
1351 1000 1110
1351 1802 1000
1351 1808 1110
1351 1808 923
1351 466 923
2024 1833 1000
620 1453 1339
620 1074 1449
620 1453 1449
1649 2043 227
1649 2043 552
1063 574 615
311 1414 430
311 734 2016
1935 734 2017
86 1913 43
1065 838 993
1065 1808 1110
1065 1808 993
1303 1000 1110
1303 1987 1110
1962 1291 1857
1730 1056 755
285 1537 278
285 1131 1537
285 1178 1131
1726 1191 1407
1726 1191 519
29 1407 1456
29 1191 1407
36 1948 847
36 1709 1187
36 300 1948
36 1709 300
1526 802 1326
1526 482 1541
872 802 1363
832 802 1326
832 802 1363
921 2013 2038
84 1913 43
480 1643 1280
480 1240 1280
480 80 1240
480 1643 747
480 80 747
1601 1499 1353
1425 858 1225
1425 1689 1225
1425 1689 1123
338 1925 1225
593 1405 1413
1403 899 2011
1403 1444 899
729 482 1541
754 1772 1326
754 858 1925
754 832 1326
1069 908 449
930 1069 836
930 1484 836
83 1403 1444
83 1444 735
83 1299 735
83 1403 2011
1783 2025 954
1783 1867 954
1783 990 2025
1783 510 990
1783 1867 510
1761 1867 510
1761 534 1867
1761 534 1684
1761 98 1684
456 551 1217
456 1765 1217
621 610 758
621 223 758
1972 621 223
1349 1844 209
1349 1265 1844
1349 1208 209
1349 1265 1208
1397 1513 1546
1397 1216 1546
1397 1216 1327
1471 1216 1175
1471 1112 1173
1471 1175 1173
1471 1112 1955
1471 1216 1955
1977 368 937
1455 131 846
1455 1357 907
1455 1357 412
1247 1597 1082
1247 1789 1082
377 1247 1657
377 1247 1789
377 131 1211
377 1789 1211
968 743 846
968 743 931
1333 1247 1657
1333 1247 1597
47 931 513
957 1688 1061
957 87 1061
957 87 679
721 87 679
721 87 602
721 173 602
499 139 173
1359 1814 666
1406 1611 1909
1406 682 1909
1412 1904 1688
1412 1617 1688
1412 1904 591
1412 309 591
1412 1617 309
70 18 597
70 1791 1820
21 1340 78
21 1340 1377
21 202 540
21 1377 511
21 202 511
21 748 540
21 748 78
568 1340 332
568 1340 810
568 332 126
568 810 126
781 1377 591
781 394 591
781 18 1377
494 1923 1452
494 797 1452
494 797 309
1771 1485 393
1771 393 1665
1771 229 1665
1329 229 1514
1329 229 128
1329 1514 126
1329 332 126
904 18 511
904 1791 497
904 70 18
904 70 1791
904 202 497
904 202 511
1040 144 1227
1040 443 1227
1040 52 419
1040 144 52
619 1232 627
619 1255 627
619 308 1255
2022 844 73
2022 73 540
2022 1776 540
1974 2022 1776
1974 2022 844
1974 1805 125
1974 1902 125
1974 1805 497
1974 1776 497
1458 844 1275
1458 1974 1902
1458 1974 844
871 200 1733
871 1650 1733
871 200 1275
1543 1458 1902
1543 1458 1275
946 619 1232
1454 856 1032
1454 856 948
1454 384 1032
1454 948 384
1229 71 955
1229 199 71
1229 798 955
1212 393 1665
1212 199 393
1212 108 764
1212 199 71
1212 108 71
1212 1855 1665
1212 764 1855
1549 856 94
1549 108 94
1549 856 764
1549 108 764
189 205 888
189 842 888
189 205 2009
189 842 2009
564 842 1968
564 1968 1970
564 1995 1970
564 1917 1995
1154 842 2009
1154 2009 1806
1154 1213 1806
2019 1018 1820
2019 597 1923
2019 70 1820
2019 70 597
1193 1262 443
1193 1040 419
1193 1040 443
1193 350 419
1193 1262 350
91 316 463
1376 1183 1098
1376 1183 1749
1376 1098 704
1376 1749 704
6 698 1156
6 1183 698
6 1183 1749
1286 1749 672
1286 196 1749
1286 196 701
712 1647 1156
712 6 1156
712 196 1749
712 6 1749
1389 509 1639
1389 903 1639
1226 1047 1234
1226 1071 1047
1226 903 1234
1226 1389 903
1226 1071 1798
1046 69 463
934 1764 405
934 405 1602
1439 1764 1680
783 1626 1074
783 1415 201
783 2043 1074
783 2043 1415
133 1166 565
133 283 565
133 283 1122
925 1317 693
705 1626 1122
705 283 1122
705 1626 1074
705 620 1074
705 620 1339
705 1460 1339
705 1460 693
1379 1675 13
333 2043 1074
49 1047 1234
1613 69 398
1613 398 1639
1613 1059 1639
873 1059 587
873 112 982
873 112 587
1721 575 1823
1721 1823 982
1721 873 982
1721 873 1059
1293 466 2005
1293 2005 160
1293 1802 160
1293 1351 1802
1293 1351 466
153 2046 863
153 2046 30
153 320 30
1547 1071 1047
1547 320 1047
1547 320 809
1547 1475 809
1547 1071 1475
1093 635 971
1093 1558 971
1954 767 1243
1954 1558 1243
1954 1093 635
1954 1093 1558
1508 1954 767
1508 1954 635
1508 635 192
1508 1960 192
1508 77 1960
1167 1033 767
1167 1033 77
1167 1508 767
1167 1508 77
1469 1701 507
1469 1847 1701
1469 1847 1960
1469 507 192
1469 1960 192
1430 643 633
1430 966 633
1430 966 1901
562 1901 1701
562 731 1901
562 731 1494
562 507 1494
562 1701 507
376 212 159
376 1098 159
376 1098 26
1612 198 1268
1612 1384 1171
1612 1384 198
239 1576 423
239 1150 818
239 1150 423
239 1576 198
239 818 1268
239 198 1268
1621 1592 1189
1621 427 1189
1564 286 1014
1564 458 286
1564 438 1014
1564 458 438
319 1364 550
1627 972 238
820 1627 1716
820 373 238
820 1627 238
916 360 1188
916 1188 660
916 660 774
886 1138 1446
886 307 560
886 1446 560
886 1261 307
886 1138 1261
1943 985 1579
1506 161 469
1506 161 1579
1973 282 909
1973 1894 909
1973 1495 151
1973 1894 1495
1108 1393 1440
1108 408 1393
1938 408 1393
1371 1004 1927
1371 141 1927
1371 141 1004
1164 652 304
1164 1981 304
1164 274 652
1164 274 1981
1083 1532 1877
1133 1007 1050
1950 770 646
1950 476 770
1950 724 646
1950 1007 724
1550 418 1314
1550 525 418
1661 441 736
1418 1834 1690
1418 1834 1928
1418 1661 441
998 595 1690
998 1418 1690
998 1418 441
998 835 595
1432 1834 1690
1432 1690 351
1432 1433 351
1432 1433 1616
353 835 1341
353 206 1341
1575 523 1742
1060 1575 1742
1060 1575 434
1143 1615 1479
539 459 1163
279 539 2026
279 539 1163
279 1163 266
279 218 266
336 1567 1261
336 1138 1261
336 1138 167
1967 1435 690
1967 1324 1435
1967 1324 297
1967 688 297
247 297 1001
247 688 297
247 1289 1001
1907 1803 1204
1907 1928 1204
1961 732 547
1961 1830 1919
1961 732 1919
1961 547 1505
1961 1615 1505
1091 459 1505
1609 638 217
1609 1043 638
1609 38 217
1609 759 38
1646 900 514
421 773 937
1258 2044 179
1258 1912 2044
696 744 313
932 2020 1400
932 1029 1400
932 1676 1029
932 1676 1587
1666 325 2020
1666 898 2020
1666 1343 325
1666 1343 1635
1666 606 1635
1666 606 898
958 1480 1587
958 1966 1511
958 1966 1480
913 772 207
913 772 554
913 1648 554
913 1912 2044
913 1648 2044
1221 1004 1927
1221 1563 1927
1221 1258 1563
1221 1258 1912
204 27 1667
204 1269 1667
1990 663 571
1990 1993 571
1990 694 1993
79 1993 2021
79 694 1993
79 358 217
67 1990 663
1720 571 1169
1720 663 571
1720 663 1667
1720 1010 1667
1720 531 1010
1354 1648 1096
1354 267 1672
1354 1648 179
1354 267 179
273 1966 1672
273 1354 1672
273 1354 1096
273 1096 554
273 1966 554
1918 944 1224
648 1641 1400
648 1497 1400
648 1497 1224
1147 1773 1244
1147 1996 1773
710 267 531
710 1720 531
710 267 1672
710 1865 1672
710 1865 1169
710 1720 1169
390 617 1022
390 606 617
390 606 1635
390 1635 1214
1899 1205 1022
1899 1205 105
134 193 88
134 956 88
134 1795 193
134 1586 1795
950 956 1890
950 134 956
950 1586 1443
950 134 1586
561 893 521
940 1079 2042
940 532 2042
940 532 1992
106 1438 404
106 100 344
106 100 404
388 1438 1986
365 1986 1732
365 629 1732
365 1986 592
983 1535 1200
983 1535 162
983 940 1992
983 1079 1200
983 940 1079
1422 1898 1323
1422 2035 1323
1422 164 2035
1422 1898 1806
1422 164 1806
503 164 1474
215 777 345
129 20 346
129 431 20
584 280 576
584 280 870
1064 105 230
1064 1899 1022
1064 1899 105
1652 1995 310
1652 751 1995
1652 828 310
1652 751 828
127 751 1048
127 677 576
127 677 1330
127 1330 1995
127 751 1995
342 341 706
342 1589 706
342 751 828
342 341 751
1155 1859 2045
1155 1589 2045
1155 1859 1624
1155 828 1624
1155 342 828
1155 342 1589
1876 1417 435
1876 1417 706
1876 275 435
1876 339 275
1876 339 1067
1632 742 1165
1632 1417 742
1632 1165 1214
1632 879 1214
62 1582 237
62 433 237
1534 1510 1385
1534 569 1385
1534 569 1582
1111 12 400
1111 1178 400
1111 1178 314
1111 12 1594
1111 314 1594
468 1709 866
468 1709 1187
1517 730 1602
1517 934 1602
1517 934 15
2010 2024 1000
2010 2024 695
2010 254 695
2010 1303 1000
2010 254 634
2010 1303 634
792 318 615
792 1063 615
260 340 1893
813 311 1414
813 311 2016
813 938 2016
813 938 574
195 734 2016
195 1935 734
195 938 2016
195 1717 938
195 1717 1935
1891 15 634
1891 1303 634
281 1730 755
1958 1730 1836
3 340 1836
3 1730 1836
3 340 446
3 1056 446
3 1730 1056
1186 604 430
1186 570 604
145 241 2027
1837 1348 169
553 1383 1068
1531 1997 1437
298 1726 905
1793 737 169
1328 737 169
1263 285 1562
1263 285 278
542 1263 233
1254 29 1191
1254 1610 1456
1254 29 1456
952 1935 2017
952 1318 2017
1248 1772 1326
1248 1526 1326
1727 1937 1445
1084 872 335
1084 1526 482
1084 1526 802
1084 872 802
1084 269 335
117 832 1363
2015 171 1042
2015 117 1363
2015 117 1042
2015 491 154
2015 1937 1363
578 1664 425
578 1670 1664
582 36 1187
1036 578 425
447 36 847
447 1036 649
447 582 36
447 582 649
1826 2013 397
1826 2013 2038
1631 921 2038
1631 84 1913
839 92 1279
50 2013 645
50 921 2013
50 839 921
50 1187 645
50 468 1187
50 839 1279
50 866 1279
50 468 866
34 1478 1551
34 1478 1207
1448 582 649
1448 649 1209
1448 154 1209
1448 491 154
1298 2015 1937
1298 2015 491
760 144 52
760 391 52
760 461 391
760 1777 1374
760 144 1374
1021 1466 391
1021 461 391
1021 461 1405
1054 1772 845
1054 1425 1772
1054 1425 1123
364 1168 1413
364 1101 1413
364 1168 165
607 225 825
544 225 825
544 1925 825
544 338 1925
1982 593 354
1982 354 1225
1982 338 1225
1249 1101 1413
1249 593 1413
1658 1772 845
1197 1425 1772
1197 754 1772
1197 1425 858
1197 754 858
596 754 1925
596 754 832
596 117 832
596 1925 825
596 1042 825
596 117 1042
1618 224 1528
745 1674 1052
745 899 1052
1839 745 1674
1839 745 444
1839 1069 836
1580 930 1484
1854 1299 1272
1854 83 1299
1411 1299 1610
1411 1306 1610
1411 1299 1272
116 224 1528
116 224 1194
1512 1765 510
1512 1761 510
1512 456 551
1512 456 1765
1512 1761 98
1512 328 551
1512 328 98
1177 2025 954
1177 2048 1126
1177 1663 954
1177 1663 2048
978 621 610
978 1972 621
1094 1327 1488
1094 1513 1488
915 368 1861
915 1977 368
522 1977 937
1827 131 1211
1827 1455 131
1827 1455 412
1827 753 412
1827 1941 753
1827 915 1211
1827 915 1941
558 1082 345
558 1450 345
1908 1450 650
995 1941 753
995 1861 514
995 915 1861
995 915 1941
995 514 1840
995 753 1840
854 743 846
854 131 846
854 377 131
1591 800 1597
1591 1333 1597
385 47 931
385 47 1464
385 743 1657
385 743 931
385 1333 1657
385 1333 1464
585 187 602
891 931 513
741 797 1814
741 1180 797
852 797 309
852 1180 797
852 1617 309
852 1617 1361
852 1180 1361
1236 1359 666
1236 205 478
1236 205 666
10 768 682
10 1359 682
546 777 345
546 777 1909
546 682 1909
546 768 682
928 781 18
928 781 394
928 18 597
928 597 1923
928 494 1923
1735 1771 229
1735 1771 1485
1735 229 128
1735 1485 128
1198 1650 1232
1198 946 1232
1198 871 1650
1198 946 443
1198 871 1275
1198 1543 1275
1198 443 1902
1198 1543 1902
1573 946 443
1573 946 619
1573 619 308
1573 1934 308
1573 1262 1934
1573 1262 443
1382 1229 798
1382 1329 128
1382 1485 128
1382 798 332
1382 1329 332
1382 199 1485
1382 1229 199
1019 1213 1917
1019 1154 1213
1019 1154 842
1019 564 1917
1019 564 842
1496 653 1728
1496 1728 1923
1496 2019 1923
1496 653 1018
1496 2019 1018
1199 91 1501
1199 91 316
1199 1860 1501
1199 1860 704
1199 672 704
1199 316 672
1334 1501 691
1334 91 1501
1334 69 691
1334 69 463
1334 91 463
1555 1286 701
1555 1286 672
1555 1362 701
1555 1515 1362
90 316 672
90 1555 672
90 1555 1515
1202 1515 1362
1202 1864 1362
1202 1864 256
1312 618 1647
1312 712 1647
1312 618 701
1312 196 701
1312 712 196
356 509 1798
356 1389 509
356 1226 1798
356 1226 1389
1162 1046 575
1162 1046 69
1039 1056 446
1039 1056 402
2004 1439 1680
1985 934 1764
1985 1439 1764
1985 934 15
1985 1039 402
1985 1039 1439
1985 1891 402
1985 1891 15
1088 283 658
1088 925 658
626 925 1317
626 1317 923
626 2046 658
626 925 658
626 2046 1669
976 2043 552
976 333 2043
1436 2046 863
1436 2046 1669
465 466 923
465 191 466
465 626 923
465 626 1669
465 1436 1669
465 1436 191
188 112 587
496 320 1047
496 49 1047
496 49 863
496 153 863
496 153 320
1087 413 191
1087 49 863
1087 1436 863
1087 1436 191
370 1430 643
370 1712 1295
370 643 1712
370 1901 1295
370 1430 1901
826 376 26
826 376 212
826 257 26
826 212 257
1092 31 1268
1092 1612 1268
1092 31 1905
1002 1724 301
980 1002 1724
980 1002 1072
1645 148 910
1645 148 168
1645 1479 910
1645 1143 168
1645 1143 1479
616 974 464
616 501 168
138 1606 550
138 319 550
1875 573 1219
557 916 360
557 1875 1835
557 1875 573
1740 573 1219
1338 1627 1716
1338 974 464
1338 81 464
1338 81 1742
1338 1060 1742
1282 985 143
1282 1943 985
1282 1877 143
436 1506 1495
436 1943 1579
436 1506 1579
665 1894 1495
665 1506 1495
665 1506 1203
665 317 1203
665 1894 88
665 317 88
837 1443 592
837 1586 1443
1888 379 1845
1888 379 2029
454 1108 408
150 1532 151
150 1532 282
150 1973 151
150 1973 282
315 1532 282
315 909 1151
315 282 909
315 1083 1532
1159 999 1409
1159 1083 1409
1159 1083 1877
804 2029 1151
804 379 2029
41 379 1845
41 977 1845
41 1124 977
41 680 1124
708 258 1999
708 258 1863
708 1863 1409
1503 1942 101
572 1023 1999
572 1694 1999
572 1659 439
330 1503 1991
330 1503 1694
1755 1929 476
1755 1201 1929
1755 1950 476
1755 1133 1007
1755 1950 1007
299 1863 1050
299 1133 1050
299 999 1409
299 1863 1409
299 1755 1133
299 999 1201
299 1755 1201
1158 1804 780
1158 525 1804
1158 1292 780
1158 1516 1292
1158 59 1516
1026 441 736
1026 998 441
675 1344 1204
675 1834 1204
1368 206 351
1368 353 206
1368 1831 351
1368 1831 595
1368 835 595
1368 353 835
118 523 1919
118 1575 523
118 732 1919
874 1575 434
874 975 418
874 434 418
874 975 738
874 422 738
1734 81 464
1734 81 1830
1734 616 464
1734 1961 1830
1734 1961 121
1807 279 749
1807 279 218
1807 218 35
1807 35 1309
1807 801 1309
1807 749 801
1277 457 428
1277 622 457
1593 688 1533
1556 1418 1928
1556 1418 1661
1713 445 784
1713 1828 1104
1713 1828 784
1372 1556 1661
1372 1556 445
1900 445 784
1900 1335 784
1900 1372 445
1900 101 736
1900 1335 101
1900 1661 736
1900 1372 1661
1687 732 547
1687 732 422
1687 2036 422
960 1687 547
960 1687 2036
609 1803 422
609 2036 422
1420 1961 121
1420 1143 1615
1420 1961 1615
1420 1143 168
1428 547 1505
1428 1091 1505
1428 960 547
728 1043 152
728 1609 1043
728 759 152
728 1609 759
1423 1705 56
1423 1993 2021
1980 431 20
1257 1993 571
1073 358 1451
1073 1625 1451
1246 1625 2034
51 1073 358
296 699 900
296 1646 900
723 900 773
723 421 773
723 699 900
723 421 699
263 27 179
263 1258 179
1120 932 1587
1120 898 2020
1120 932 2020
208 958 1511
208 606 1511
208 606 898
208 1120 898
208 958 1587
208 1120 1587
249 913 894
249 913 1912
249 1221 1912
249 894 1004
249 1221 1004
631 204 696
631 204 27
631 313 1846
631 696 313
1870 1269 1220
1870 204 1269
1870 204 696
1310 67 1990
1310 638 1220
1310 663 1220
1310 67 663
1310 638 217
2012 448 1244
2012 1147 1244
2012 448 1169
1055 1147 1996
1055 1996 20
1055 1507 20
55 390 1214
55 390 1022
55 879 1214
55 879 1022
1561 950 1443
1118 1239 1797
684 1676 1029
1380 1676 566
1380 374 566
1380 684 1676
1380 684 374
697 561 521
1053 272 1311
1682 1918 1224
1682 648 1224
1682 648 1641
312 981 389
1651 106 344
1651 325 344
1651 325 186
1656 1986 592
1656 388 1986
1656 1443 592
1656 1561 1443
1467 388 1438
1467 106 1438
484 629 162
484 983 162
484 983 1992
484 365 629
484 532 1992
882 889 2035
882 889 1858
882 1139 795
882 1139 1089
882 939 1089
882 939 2035
85 503 1474
843 85 503
1892 164 1806
1892 503 164
1892 503 113
1892 113 1611
865 215 345
865 1450 345
865 1450 650
765 113 563
683 584 870
2006 549 1048
2006 584 576
2006 683 584
2006 127 576
2006 127 1048
2006 549 870
2006 683 870
687 280 870
687 1064 280
687 879 1022
687 1064 1022
876 1978 706
876 1876 706
876 1978 220
876 220 1067
876 1876 1067
1287 1632 1417
1287 1632 879
692 1517 15
692 15 634
692 254 634
692 254 695
692 2024 1833
692 2024 695
692 730 1833
692 1517 730
668 1649 552
1274 1379 1675
1274 976 1675
1274 1379 1447
1274 668 628
1274 976 552
1274 668 552
2030 340 1893
2030 1818 1893
588 1414 430
588 1463 430
588 1463 1836
24 1476 752
24 1680 1476
24 318 752
24 792 318
149 2004 1680
149 340 446
149 260 340
149 24 1680
149 24 260
555 1818 1893
555 1063 1893
555 1063 574
555 813 574
1366 1717 1935
48 401 1953
48 938 1819
1174 401 1953
1174 1366 1810
1174 1366 1953
1259 1962 1291
1259 281 1291
289 1303 1987
289 1781 1987
289 1891 1303
769 1891 402
769 281 755
769 1056 755
769 1056 402
614 1958 1730
614 570 1291
614 1186 570
614 1186 430
614 281 1291
614 281 1730
614 1958 1836
614 1463 430
614 1463 1836
949 570 1291
949 1291 1857
949 145 1857
859 890 1874
859 1595 1874
661 1595 1407
661 1595 1874
726 808 1456
1185 1373 1068
1185 709 243
1185 1373 243
410 1383 805
1600 1383 805
1600 553 1383
1642 175 1207
1642 1478 1207
1642 1997 1437
1642 1478 1997
17 984 1437
17 1642 1437
17 1642 175
17 175 1920
1342 1881 1997
941 1478 1997
941 1881 1997
941 1478 1551
1297 1348 169
1297 1793 169
1297 231 1348
1107 1328 890
1107 1837 169
1107 1328 169
623 524 243
623 1837 243
623 1837 1348
1530 1144 1562
1530 1263 1562
1530 1144 233
1530 1263 233
135 1379 1447
135 1379 13
1605 1987 1110
1605 1065 1110
1842 1781 1987
395 145 1857
236 158 1215
1879 1946 542
1879 1263 278
1879 542 1263
1956 984 1527
1346 495 170
11 495 170
11 241 2027
11 241 170
234 1254 1191
234 1306 1610
234 1254 1610
2002 241 170
1637 1318 2017
1637 1318 604
1637 734 2017
1637 311 734
1637 604 430
1637 311 430
2 570 604
2 1318 604
2 145 241
2 2002 241
2 2002 1318
292 86 1913
979 952 1775
979 673 1775
979 1366 1810
979 292 1810
979 292 673
979 952 1935
979 1366 1935
986 1937 1363
986 1727 1937
986 872 1363
986 872 335
986 1727 335
711 2015 171
711 1670 1353
711 578 1670
711 1601 1353
711 1601 171
1276 2015 154
1276 1036 578
1276 711 2015
1276 711 578
1044 2013 645
1044 1187 645
1044 582 1187
1230 447 847
1230 447 1036
1230 847 425
1230 1036 425
1273 1631 921
253 1631 2038
253 1631 84
1850 1448 491
1850 1448 582
599 1850 1153
599 1850 397
1486 1298 491
1486 1850 491
1486 1850 1153
1486 1153 1445
1486 1937 1445
1486 1298 1937
1192 760 461
1192 302 1012
1192 1777 1012
1192 760 1777
1192 1405 302
1192 461 1405
268 593 1405
268 1021 1405
268 354 1677
268 593 354
268 1466 1677
268 1021 1466
1557 930 1069
1557 1069 908
1557 908 1123
1557 1054 1123
997 364 165
997 364 1101
997 1249 1101
997 1249 607
541 1982 338
541 1982 593
541 593 225
541 544 225
541 544 338
1599 593 225
1599 1249 593
1599 607 225
1599 1249 607
455 1248 1772
455 1526 1541
455 1248 1526
455 729 1541
1149 1618 1528
1149 1580 1484
1149 444 1484
42 745 444
42 1149 2011
42 1149 444
42 899 2011
42 745 899
460 1839 1069
460 33 449
460 1069 449
460 33 1674
460 1839 1674
1774 444 1484
1774 1839 444
1774 1484 836
1774 1839 836
667 1580 930
667 1557 930
667 1557 1054
667 1054 845
667 1580 845
516 1411 1306
516 234 1306
516 1191 519
516 234 1191
381 116 1528
381 488 116
381 1149 2011
381 1149 1528
381 488 1272
1250 729 482
1872 978 610
1872 527 1126
1872 610 527
1872 1177 1126
1872 1177 2025
926 1397 1327
926 1094 1327
926 1397 1513
926 1094 1513
717 1789 1082
717 558 1082
733 558 1450
213 854 377
213 854 743
213 377 1657
213 743 1657
498 47 1464
2041 957 679
1936 250 907
1936 1455 907
276 499 139
276 891 499
276 891 513
992 891 931
992 1936 585
232 173 602
232 585 602
232 499 173
232 891 499
1394 1236 478
1394 2009 478
1394 2009 1806
1394 1892 1806
1394 1406 1611
1394 1892 1611
1862 1406 682
1862 1394 1406
1862 1394 1236
1880 1359 1814
1880 10 1359
1880 741 1814
659 1688 327
1148 928 394
1148 928 494
1148 394 309
1148 494 309
1369 90 316
1369 316 463
1369 1046 463
1369 90 1515
787 1721 575
787 1162 575
120 1721 1059
120 1613 1059
120 787 1721
120 787 1162
120 1613 69
120 1162 69
671 133 1166
671 133 1122
671 1626 1122
136 1166 201
136 1736 1166
136 783 201
136 783 1626
136 1736 1626
32 705 283
32 1088 283
32 705 693
32 925 693
32 1088 925
1886 976 1675
1886 976 333
1886 1675 1449
1886 1074 1449
1886 333 1074
1332 1823 982
1332 1087 413
1332 811 1823
1884 191 466
1884 413 191
1884 466 2005
99 188 587
99 587 1639
99 903 1639
99 903 1234
99 49 1234
99 188 49
1620 112 982
1620 1332 982
1620 1332 1087
1620 188 112
1620 188 49
1620 1087 49
640 1092 1612
1307 774 1171
1307 664 1171
1307 916 655
1307 916 774
775 1612 1171
775 664 1171
841 1285 972
841 972 238
841 238 655
841 1307 655
219 647 337
219 647 1285
219 1285 972
1117 1627 972
1117 219 972
1117 219 788
1117 788 974
1117 1338 974
1117 1338 1627
1988 138 1606
719 319 1364
719 138 319
719 1988 138
988 1875 1835
1933 557 1835
1933 557 916
1933 916 655
1933 373 655
1933 820 373
1933 988 1835
1933 988 820
1748 1787 573
1748 557 573
1748 557 360
1748 360 451
1748 1787 451
65 1550 1314
65 8 1314
65 1550 525
65 1158 525
65 8 2023
65 1158 2023
1644 1740 1219
1644 1740 2023
1644 8 2023
1228 1740 573
1714 1282 1877
1714 1282 1943
1714 1532 151
1714 1532 1877
1714 436 1943
1714 1495 151
1714 436 1495
2033 1890 88
2033 317 88
2033 317 1239
1785 1586 603
1785 837 1586
1785 603 532
1785 484 532
1785 484 365
1785 365 592
1785 837 592
1322 1586 603
1322 1888 2029
1322 1795 2029
1322 1586 1795
1812 603 1841
1812 1841 977
1812 1322 603
1812 1322 1888
1812 977 1845
1812 1888 1845
1568 1487 1938
1568 1393 469
1568 1938 1393
1568 1506 469
1568 1506 1203
1568 1487 1203
1041 1239 1797
1041 317 1203
1041 317 1239
1769 1118 1797
1170 1487 1797
1170 1487 1938
1170 1769 1797
363 1938 408
363 454 408
363 1170 1938
363 1769 454
363 1170 1769
1518 1159 1877
1518 1159 999
1518 1877 143
1518 1201 143
1518 999 1201
1509 804 1151
1509 315 1151
1509 315 1083
902 1023 1999
902 708 1999
902 1023 1409
902 708 1409
1636 1694 1999
1636 1503 1694
1636 1942 1001
1636 1503 1942
689 572 1023
689 572 1659
689 1023 1409
689 1659 439
1539 680 252
1539 1991 252
1539 330 1991
1387 572 1694
1387 330 1694
1387 1539 330
1387 41 680
1387 1539 680
493 998 835
493 1026 998
493 835 1991
1640 1432 1834
1640 675 1834
1640 1577 1804
1640 1344 1804
1640 675 1344
1751 118 1575
959 118 732
959 732 422
959 874 422
959 1751 118
959 874 1575
959 1751 1575
590 1290 1060
590 1338 1716
590 1338 1060
9 1644 1219
9 1644 8
9 8 1314
942 75 674
942 75 622
371 622 457
371 75 622
371 457 331
371 75 336
355 749 428
355 1277 428
355 279 749
409 1593 688
409 1967 688
409 1967 690
409 608 690
409 1085 608
124 539 2026
124 771 2026
124 539 459
124 420 459
1634 771 2026
1473 688 1533
1473 247 688
1473 1289 1942
1473 247 1289
1057 1335 784
1057 1828 784
1057 1828 1533
1057 1473 1533
1099 1556 445
1099 1907 1928
1099 1556 1928
1099 1713 1104
1099 1713 445
22 960 1882
22 1428 1091
22 1428 960
1817 609 1843
1817 960 1882
1817 960 2036
1817 609 2036
951 1843 1907
951 609 1843
951 1907 1803
951 609 1803
920 1420 121
920 1734 121
920 1734 616
920 616 168
920 1420 168
586 1423 1705
586 1980 1705
586 1423 1993
586 1980 20
1813 1423 2021
489 571 1169
489 1257 571
766 296 1646
1762 51 1073
1762 853 1246
1762 1073 1625
1762 1246 1625
816 1583 296
326 699 1763
326 296 699
326 1583 296
1426 1260 580
823 129 431
823 1980 431
823 1980 1705
641 1462 176
685 1971 1846
685 631 1846
685 1971 1049
685 631 1049
598 263 27
598 631 27
598 631 1049
598 263 1258
598 1049 1563
598 1258 1563
969 696 744
969 1870 696
969 744 1220
969 1870 1220
1686 1990 694
1686 1310 1990
1686 1310 217
1686 79 217
1686 79 694
1038 1118 981
1038 1118 1239
1581 566 207
1581 894 521
1581 697 521
334 1053 1311
334 1053 1218
533 312 389
533 950 1890
533 1561 950
222 334 1218
1607 697 561
1607 697 272
1607 272 1311
807 893 1702
807 561 893
1360 1651 106
1360 1467 944
1360 1467 106
850 1656 388
850 1656 1561
1408 1561 1090
1408 850 1561
1408 1467 388
1408 850 388
1989 889 2035
1989 164 1474
1989 164 2035
1887 1773 346
929 882 795
929 882 1858
929 132 795
929 132 1858
2032 1064 230
2032 1064 280
2032 280 795
2032 132 795
115 843 1951
115 843 85
115 375 1951
107 215 777
107 765 215
107 765 563
107 1611 563
107 777 1611
1195 843 503
1195 503 113
1195 765 113
1195 843 1951
1195 215 1951
1195 765 215
97 549 870
97 1287 879
97 687 870
97 687 879
1115 1417 535
1115 549 535
1115 97 549
1129 1534 1582
25 433 1316
25 1944 285
25 1178 1316
25 285 1178
1738 1944 285
642 1738 1144
625 628 1215
625 668 628
625 668 1649
625 236 1215
625 236 1649
2039 588 1414
2039 555 1818
2039 813 1414
2039 555 813
1685 2030 1818
1685 2039 1818
1685 2039 588
1685 588 1836
1685 340 1836
1685 2030 340
1011 792 1063
1011 24 792
1011 24 260
883 149 446
883 149 2004
883 1039 446
883 1039 1439
883 2004 1439
104 1366 1953
605 48 401
605 48 1819
1196 1174 401
1196 1174 1810
1196 292 1913
1196 292 1810
651 1259 281
651 1781 1962
651 1259 1962
996 289 1891
996 289 1781
996 769 1891
996 769 281
996 651 281
996 651 1781
2040 1726 1407
2040 661 1407
2040 298 1726
2040 298 1874
2040 661 1874
1822 1407 1456
1822 726 1456
1822 1595 1407
1822 726 1595
1027 859 1595
1027 726 1595
1027 726 808
1459 1373 243
829 859 890
1976 1837 243
1976 896 1837
1976 709 243
1976 896 709
58 1185 709
1768 1531 1997
1768 1342 1997
453 84 43
453 1342 43
140 1328 737
140 897 737
140 1328 890
140 890 1874
140 897 1874
1103 175 1920
1103 1130 1920
392 17 231
392 1297 231
392 17 1920
392 1297 1920
66 1107 890
66 829 890
66 829 896
66 896 1837
66 1107 1837
1146 623 524
1146 623 1348
594 776 1527
594 714 1527
1302 17 231
1302 776 231
1302 17 984
1302 984 1527
1302 776 1527
520 1605 1065
520 838 1241
520 1065 838
543 1460 1241
543 1460 1339
1778 1842 1987
1442 395 1857
1442 1962 1857
1442 395 72
1442 1781 1962
1442 1842 1781
1181 395 72
1181 145 2027
1181 395 145
508 1109 1030
508 1109 1522
1045 1553 495
1045 11 495
1045 11 2027
1574 236 158
1949 611 1030
1949 1294 1070
1949 1294 611
1305 508 1030
1305 508 1140
1305 1949 1030
1179 1468 1070
1179 1468 135
630 542 233
630 1144 233
475 416 1140
475 477 1140
1210 984 1437
1210 1531 1437
1081 1346 495
369 673 1775
369 1346 673
1370 1553 495
1370 1081 495
1370 1081 727
1370 1553 639
348 952 1318
348 2002 1318
348 2002 170
348 952 1775
348 369 1775
348 1346 170
348 369 1346
1767 949 570
1767 2 570
1767 949 145
1767 2 145
796 292 86
796 292 673
884 1276 1036
884 649 1209
884 1036 649
884 154 1209
884 1276 154
1375 1631 1913
1375 1273 1631
1256 1375 1521
1256 1375 1273
644 1044 582
644 1850 582
644 1850 397
644 2013 397
644 1044 2013
277 1826 2038
277 1826 397
277 599 397
288 997 165
288 1499 165
288 1601 1499
288 1601 171
288 171 825
288 607 825
288 997 607
1760 1658 729
1760 455 729
1760 1658 1772
1760 455 1772
1206 1580 845
1206 1149 1580
1206 1149 1618
1206 1658 845
1206 1658 729
1206 1618 729
1017 516 519
1017 1608 323
1559 1726 905
868 1608 323
407 116 1194
407 868 323
567 1854 1272
567 381 1272
567 381 2011
567 83 2011
567 1854 83
1336 224 1194
669 990 2025
669 990 1016
669 223 1016
669 1972 223
361 733 558
361 1789 1211
361 733 1211
740 733 1450
740 1908 1450
740 782 1908
740 782 1977
740 915 1977
740 915 1211
740 733 1211
2001 522 937
2001 147 176
2001 473 176
2001 421 937
2001 147 1763
2001 699 1763
2001 421 699
1560 522 1977
1560 782 1977
1560 2001 522
1560 2001 473
1560 782 1908
1560 473 1908
877 2041 1945
877 1633 1945
877 1633 761
372 498 47
1477 721 679
1477 276 139
1477 276 824
1477 721 173
1477 139 173
1253 2041 679
1253 1477 679
1253 1477 824
1253 2041 1945
1963 585 187
1963 1936 585
1963 250 187
1963 1936 250
1222 276 513
1222 276 824
1222 47 513
1222 372 47
1222 372 824
1952 1936 1455
1952 992 1936
1952 1455 846
1952 968 846
1952 968 931
1952 992 931
1160 992 891
1160 232 891
1160 992 585
1160 232 585
1051 1359 682
1051 1862 682
1051 1236 1359
1051 1862 1236
1681 1361 327
1794 741 1180
1794 1880 741
1794 1180 1361
1794 1681 1361
19 957 1688
19 659 1688
19 2041 957
19 877 2041
19 659 761
19 877 761
1731 546 768
1852 1333 1464
1852 1591 1333
1897 1633 1945
1897 498 1464
1897 498 1945
1897 1852 1464
1897 1852 1591
487 1369 1046
487 575 512
487 1046 575
487 1369 1515
487 811 512
487 811 160
1758 1736 1166
1758 671 1166
1758 1736 1626
1758 671 1626
1792 1332 413
1792 1884 413
1792 1884 2005
1792 811 2005
1792 1332 811
1233 1150 1724
1233 172 1905
1233 1150 172
1696 980 1072
1696 647 1072
1696 980 1724
1696 1233 1724
1673 647 1285
1673 1696 647
471 640 1285
471 640 1612
471 775 1612
1832 1307 664
1832 841 1307
1832 775 664
1832 471 775
1832 841 1285
1832 471 1285
226 501 337
226 1161 337
226 501 168
1821 1662 910
1821 148 910
53 647 1072
53 647 337
53 1161 337
183 501 337
183 219 337
183 616 974
183 616 501
183 788 974
183 219 788
357 719 1364
357 1364 1964
357 1964 427
357 1621 427
357 1576 1592
357 1621 1592
1737 719 1988
1737 357 719
74 1228 573
74 989 451
1075 1158 2023
1075 1158 59
1075 1740 2023
1075 703 1740
1915 1228 1740
1915 703 1740
1542 1075 59
1542 1075 703
417 1487 1203
417 1041 1203
417 1487 1797
417 1041 1797
1698 981 1034
1698 1118 981
1698 1769 1118
1585 1509 804
1585 804 379
1585 689 439
1756 1324 297
1756 470 297
1756 1324 1050
324 470 297
324 297 1001
324 258 1999
324 470 258
324 1636 1001
324 1636 1999
1910 1585 439
1910 1585 379
1910 41 379
1524 572 439
1524 1387 572
1524 1910 439
1524 1387 41
1524 1910 41
1492 493 1026
1492 101 736
1492 1026 736
1492 1503 101
1492 1503 1991
1492 493 1991
790 1432 1616
790 1640 1432
790 1577 1616
790 1640 1577
1708 820 1716
1708 590 1716
1708 988 820
1431 1290 1060
1431 9 1314
1431 1290 1219
1431 9 1219
1431 434 1314
1431 1060 434
1097 1567 331
1097 371 331
1097 336 1567
1097 371 336
739 279 2026
739 355 279
739 355 1277
739 1634 2026
739 1634 674
739 942 674
739 1277 622
739 942 622
2018 124 771
1331 124 420
1331 2018 124
1331 2018 1401
1483 1057 1335
1483 1057 1473
1483 1335 101
1483 1942 101
1483 1473 1942
750 1843 1907
750 1099 1907
750 1099 1104
146 1507 20
146 586 20
146 586 1993
5 1423 56
5 1813 1423
399 1055 1507
399 1055 1147
1570 399 1507
831 1646 514
831 766 1646
831 514 2034
831 1246 2034
831 766 1246
702 1426 580
702 1426 1132
472 816 1583
472 702 259
472 702 816
1786 1426 1132
1786 1707 1132
1786 1707 358
1700 1762 51
1700 1426 51
676 79 358
676 1707 358
676 79 2021
676 1707 2021
2037 823 129
2037 823 1462
2037 375 1462
2037 115 375
2037 115 85
1653 1462 176
1653 823 1462
1653 823 1705
1536 215 1951
1536 375 1951
240 1908 650
240 473 1908
240 473 176
240 641 176
481 2033 1239
481 1038 1239
481 2033 1890
481 533 1890
481 533 389
887 913 207
887 913 894
1614 1053 1218
1614 1365 1218
1604 684 1029
819 1365 1218
819 222 1218
819 222 1682
819 1682 1641
819 1604 1365
819 1641 1029
819 1604 1029
1668 981 1311
1668 334 1311
1668 312 981
1668 334 312
1628 222 1682
1628 1918 1090
1628 1682 1918
1628 222 312
1628 533 312
1628 1561 1090
1628 533 1561
1552 334 312
1552 222 312
1552 222 334
44 1352 1034
44 981 1311
44 981 1034
467 1698 1034
467 1769 454
467 1698 1769
406 1352 1350
406 1607 1350
406 1607 1311
406 44 1311
406 44 1352
287 1607 561
287 807 561
1399 1360 1651
1399 1497 186
1399 1651 186
1399 944 1497
1399 1360 944
2028 1467 944
2028 1408 1467
2028 1918 944
2028 1918 1090
2028 1408 1090
1031 129 346
1031 1887 346
1031 889 1858
1031 1887 1858
1031 85 1474
1031 2037 129
1031 2037 85
1703 132 1858
1703 1887 1858
1703 2032 230
1703 2032 132
1703 1773 230
1703 1887 1773
347 1287 1417
347 1115 1417
347 97 1287
347 1115 97
803 1922 1582
803 1129 1582
182 1766 805
182 1129 1766
182 291 805
182 1571 291
182 1571 1510
182 1534 1510
182 1129 1534
914 1144 1562
914 1738 1144
914 285 1562
914 1738 285
961 1944 1824
961 1738 1944
961 642 1738
906 642 1144
906 642 528
1629 1266 528
403 1956 1278
922 403 861
922 403 1278
670 861 714
670 1983 714
670 1983 1697
1416 260 1893
1416 1011 260
1416 1063 1893
1416 1011 1063
1142 48 1953
1142 104 1953
1142 48 938
343 1366 1717
343 104 1366
343 1717 938
343 1142 938
343 1142 104
799 605 401
799 1196 401
1498 1027 808
1498 1027 859
1838 1983 1697
1715 524 243
1715 1459 243
1715 594 524
1715 1983 714
1715 594 714
869 410 805
869 808 1456
869 291 805
869 1456 291
947 869 410
947 829 896
947 896 709
947 58 709
1638 410 1383
1638 1383 1068
1638 947 410
1638 947 58
1638 1185 1068
1638 58 1185
426 1342 1881
426 1252 1881
426 453 1342
612 599 1153
612 453 84
264 941 1881
264 1252 1881
264 941 1551
264 269 335
791 231 1348
791 1146 1348
450 594 776
450 791 1146
450 776 231
450 791 231
817 1815 892
817 543 1815
817 520 1241
817 543 1241
924 1468 1070
924 1294 1070
924 1294 1453
924 13 1449
924 1453 1449
924 135 13
924 1468 135
352 543 1815
352 1294 1453
352 1453 1339
352 543 1339
352 1815 892
1398 817 892
1398 520 1605
1398 817 520
63 1181 72
63 1181 2027
63 1045 2027
864 1305 1140
862 135 1447
862 1179 135
725 864 779
725 477 779
725 477 1179
725 1179 1070
1504 630 1144
1504 906 1144
1504 906 878
1588 1924 794
1588 1025 794
1588 1025 1266
216 1504 878
216 1504 630
362 216 878
1979 475 416
45 962 778
235 1956 984
235 1210 984
194 1081 137
194 1081 727
1529 796 673
1529 1342 43
1529 86 43
1529 796 86
720 1256 1873
720 92 1873
720 839 92
720 839 921
720 1273 921
720 1256 1273
1678 1559 1608
1678 1726 519
1678 1559 1726
815 868 1608
1746 407 323
1746 516 1411
1746 1017 323
1746 1017 516
437 488 116
437 407 116
437 1746 407
437 488 1272
437 1411 1272
437 1746 1411
1024 1250 729
1024 1618 729
1024 1618 224
1078 1336 1194
1078 407 1194
1078 407 868
1003 1800 713
1003 1084 269
1003 1800 1084
1095 2007 203
1965 713 203
1965 1800 713
1965 1095 203
1965 1095 1250
1691 175 1207
1723 1872 978
1723 978 1972
1723 669 1972
1723 1872 2025
1723 669 2025
1722 361 558
1722 717 1789
1722 361 1789
82 372 824
82 1253 824
82 1253 1945
82 498 1945
82 372 498
1745 659 327
1745 1681 327
1745 659 761
1745 1794 1681
1745 1633 761
1745 1794 1880
1745 10 768
1745 1880 10
122 1591 800
122 1897 1591
122 1897 1731
901 1897 1633
901 1897 1731
901 1731 768
901 1745 768
901 1745 1633
1356 1202 1515
1356 487 1515
1356 487 160
1356 256 160
1356 1202 256
76 640 1285
76 1673 1285
76 640 1092
28 226 1161
28 1821 148
28 1821 1161
881 1821 1161
881 1821 1662
881 1662 301
881 1002 301
1796 1002 1072
1796 881 1002
1796 881 1161
284 1737 1988
284 1384 198
284 1737 357
284 1384 1606
284 1988 1606
284 1576 198
284 357 1576
860 1787 451
860 74 451
860 1787 573
860 74 573
321 1757 1321
885 321 1321
1780 1516 1671
359 1585 1509
359 1585 689
359 1509 1083
359 1083 1409
359 689 1409
1390 470 258
1390 1756 470
1390 258 1863
1390 1863 1050
1390 1756 1050
656 988 1875
656 1708 988
656 1875 1219
656 1290 1219
656 590 1290
656 1708 590
538 211 1770
1753 608 211
1753 538 211
1753 538 1704
1753 1085 608
1753 1401 1085
1753 1704 1401
1267 1704 1401
1267 2018 1401
1267 75 674
1267 75 336
1267 1634 674
1267 1634 771
1267 2018 771
1035 1401 1085
1035 1331 1401
1035 409 1085
1035 409 1593
1035 1331 1593
505 750 1843
505 700 1843
505 700 1868
505 750 1104
1271 700 1843
1271 1817 1882
1271 1817 1843
1271 700 1091
1271 22 1882
1271 22 1091
228 700 1868
228 700 1091
228 1091 459
228 420 459
662 1828 1533
2047 1593 1533
2047 1331 1593
2047 1331 420
1245 1257 1993
536 1245 1257
536 1570 1507
536 1245 1507
857 184 853
857 1260 580
857 853 1260
1544 853 1246
1544 184 853
1544 1152 184
1544 766 1246
1544 1152 766
1009 326 1583
1009 349 1583
1009 326 1763
1009 147 1763
197 702 259
197 5 259
197 5 1813
1315 816 296
1315 702 816
1315 296 580
1315 702 580
1313 5 259
1313 472 259
1313 5 56
1313 472 1583
1729 1426 51
1729 1786 1426
1729 51 358
1729 1786 358
1849 1426 1260
1849 1700 1426
1849 1700 1762
1849 853 1260
1849 1762 853
221 349 1583
221 1009 147
221 1009 349
221 1313 1583
221 1653 1705
221 1705 56
221 1313 56
827 641 1462
827 375 1462
827 1536 375
827 1536 215
827 865 215
827 240 641
827 865 650
827 240 650
1392 481 389
1392 481 1038
1392 981 389
1392 1038 981
1457 1581 894
1457 887 894
1457 1581 207
1457 887 207
452 684 374
452 697 272
452 1604 684
452 1581 697
452 1614 1365
452 1604 1365
452 374 566
452 1581 566
716 1352 1034
716 467 1034
23 1108 1440
707 807 1702
1538 1989 889
1538 1031 889
1538 1989 1474
1538 1031 1474
1799 1588 1924
1799 1588 1266
1799 1629 1266
1799 1629 210
483 1080 1924
559 1629 210
559 1629 1242
559 1242 1856
1283 403 861
1283 714 1527
1283 861 714
1283 1956 1527
1283 403 1956
1135 387 639
1135 1395 387
1135 1395 1278
130 922 861
130 670 861
1237 1395 1278
1237 922 1278
1028 821 1766
1028 1600 553
1028 1766 805
1028 1600 805
994 1459 1373
994 1028 553
994 1028 821
994 553 1068
994 1373 1068
474 718 1926
786 62 433
786 1548 62
1598 718 1926
991 1697 1856
991 1242 1856
991 110 1242
526 110 1242
526 1629 528
526 1629 1242
526 642 528
526 961 642
1947 799 1196
1947 1375 1521
1947 1196 1913
1947 1375 1913
432 1256 1521
432 1256 1873
1127 829 859
1127 1498 859
1127 1498 808
1127 869 808
1127 947 829
1127 947 869
1525 1838 1697
1525 7 110
1525 991 1697
1525 991 110
1829 426 453
1829 426 1252
1829 612 453
1829 612 1252
1590 277 599
1590 612 599
1590 612 84
1590 253 84
1590 253 2038
1590 277 2038
57 264 1551
57 264 269
57 34 1551
290 1153 1445
290 612 1153
290 612 1252
290 1727 335
290 1727 1445
1308 450 1146
1308 450 594
1308 1146 524
1308 594 524
1545 1398 1605
1545 1605 1987
1545 1778 1987
1113 1442 72
1113 1442 1842
2000 1113 1842
504 63 72
504 63 1109
504 1113 72
1319 1109 1522
1319 63 1109
1319 305 1522
14 508 1522
14 305 1522
93 962 778
93 45 778
967 477 1140
967 864 1140
967 477 779
967 864 779
1932 862 1447
1932 1274 1447
1932 1274 628
1932 628 1215
1932 158 1215
1345 864 1305
1345 725 864
1345 1305 1949
1345 1949 1070
1345 725 1070
68 1603 1190
68 362 1190
68 362 216
68 1946 542
68 1603 1946
1744 630 542
1744 216 630
1744 68 542
1744 68 216
103 906 528
103 906 878
103 362 878
1005 475 477
1005 1100 477
1005 1100 1419
1005 1979 1419
1005 1979 475
1871 1574 158
1871 1100 1419
1381 1337 962
1381 45 962
1381 1337 794
1381 1924 794
517 1956 1278
517 235 1956
244 1210 1531
577 1768 137
577 1081 137
577 1768 1342
577 1529 1342
577 1081 1346
577 1346 673
577 1529 673
637 1017 1608
637 1678 1608
637 1017 519
637 1678 519
1911 298 905
1911 1559 905
1754 815 868
1790 1024 1250
1790 1095 1250
1790 1095 2007
1790 2007 1336
1790 1336 224
1790 1024 224
1182 1003 840
1182 1003 269
1182 57 269
1182 57 34
654 1250 482
654 1965 1250
654 1965 1800
654 1084 482
654 1800 1084
54 1103 1130
54 1103 175
54 1130 1920
54 1297 1920
54 1297 1793
833 717 558
833 1722 558
833 1722 717
424 122 800
424 800 345
424 546 345
424 1731 546
424 122 1731
965 76 1092
965 76 1673
965 1092 1905
965 1233 1905
965 1696 1233
965 1673 1696
1779 28 148
1779 28 226
1779 148 168
1779 226 168
1782 53 1072
1782 1796 1072
1782 53 1161
1782 1796 1161
1386 1915 1228
1386 74 1228
1386 74 989
1386 1321 989
1386 885 1321
1940 1915 703
1940 885 321
1654 336 167
1654 1267 336
970 505 1104
970 662 1076
970 1828 1104
970 662 1828
1176 1076 1868
1176 505 1868
1176 970 1076
1176 970 505
1105 1076 1868
1105 2047 1533
1105 662 1533
1105 662 1076
1743 146 1507
1743 1245 1507
1743 146 1993
1743 1245 1993
1878 489 1257
1878 536 1257
1878 536 489
1461 536 1570
1461 2012 1169
1461 489 1169
1461 536 489
1461 2012 1147
1461 399 1147
1461 1570 399
601 857 580
601 857 184
601 1152 184
601 296 580
601 766 296
601 1152 766
1441 702 1132
1441 197 702
1441 197 1813
1441 1707 1132
1441 1813 2021
1441 1707 2021
1566 1653 176
1566 221 1653
1566 147 176
1566 221 147
1801 1614 1053
1801 452 1614
1801 1053 272
1801 452 272
849 707 716
462 467 454
462 23 467
462 454 1108
462 23 1108
1752 23 467
1752 716 467
1752 707 716
1752 23 1440
1752 1440 1702
1752 707 1702
1969 803 1922
262 1739 245
156 1799 210
156 1237 210
156 1237 1395
1116 1799 1924
1116 483 1924
1424 670 1697
1424 130 670
1424 1697 1856
396 1237 922
396 130 922
396 559 210
396 1237 210
396 559 1856
396 1424 1856
396 1424 130
911 474 718
911 262 245
911 262 474
1 786 1548
1 786 433
987 526 110
987 961 1824
987 526 961
40 1947 1521
40 432 1521
40 1947 799
40 799 605
40 605 1819
40 1819 1873
40 432 1873
1584 7 46
1584 1525 7
806 264 1252
806 290 1252
806 264 335
806 290 335
1816 1545 1778
1816 1545 1398
1816 1288 1398
1119 1288 2000
1119 2000 1113
1119 504 1113
1296 1398 892
1296 1288 1398
1296 1119 1184
1296 1119 1288
492 504 1109
492 1109 1030
492 1119 1184
492 1119 504
1809 63 1045
1809 1319 63
383 14 305
383 93 962
383 93 515
383 14 508
383 1080 515
1427 1932 158
1427 1871 158
1427 1100 477
1427 1871 1100
1427 1932 862
1402 1603 1190
1141 1871 1419
1141 1871 1574
4 1879 278
4 227 278
936 103 528
936 1266 528
936 1025 1266
518 1979 362
518 103 362
95 1381 45
95 93 45
95 1080 1924
95 1381 1924
95 1080 515
95 93 515
1125 244 1531
1125 1768 137
1125 1768 1531
1125 194 137
1125 244 194
1300 1135 1278
1300 517 1278
1300 235 1210
1300 517 235
746 713 203
715 1421 96
715 1421 1911
1706 715 945
867 1182 840
867 1691 175
867 54 175
380 1421 96
367 1911 298
367 1421 1911
367 298 1874
367 897 1874
367 897 737
367 380 737
367 380 1421
657 1386 1915
657 1386 885
657 1940 1915
657 1940 885
248 1940 703
248 1940 1780
248 1542 703
248 1542 59
248 59 1516
248 1780 1516
1121 1396 506
1121 1757 506
1916 1940 1780
1916 1121 1396
294 1267 1704
294 1654 1267
294 538 1704
294 1654 167
294 167 1770
294 538 1770
1404 228 1868
1404 1105 1868
1404 228 420
636 716 1352
636 849 716
636 1352 1350
1975 707 807
1975 287 807
1975 1607 1350
1975 287 1607
1750 1969 1922
1750 1969 1739
1750 1739 1548
600 1969 1739
600 1969 803
600 1129 1766
600 803 1129
1465 156 1799
1465 1116 1799
1465 1116 387
1465 1395 387
1465 156 1395
812 1116 387
2003 414 1548
2003 1739 245
2003 1739 1548
502 911 718
502 2003 414
502 911 245
502 2003 245
1725 39 1459
1725 1715 1983
1725 1715 1459
1482 994 1459
1482 39 1459
1482 994 821
1482 262 821
1482 262 474
1482 39 474
1391 474 1926
1391 39 474
411 414 1548
411 1 1548
973 7 46
973 89 46
114 411 1
1493 7 110
1493 987 110
1493 973 7
1264 1584 46
1264 1598 1926
1264 1598 46
1264 1391 1926
1699 1288 2000
1699 1816 1288
1699 2000 1842
1699 1778 1842
1699 1816 1778
1784 1296 892
1784 352 892
1784 1294 611
1784 352 1294
1519 1296 1184
1519 492 1184
1519 1784 611
1519 1784 1296
1519 611 1030
1519 492 1030
851 1319 305
851 1809 1319
851 383 305
851 383 1080
851 1080 1045
851 1809 1045
1572 508 1140
1572 383 508
1572 416 1140
1572 1337 416
1572 1337 962
1572 383 962
933 862 1179
933 1427 862
933 477 1179
933 1427 477
589 362 1190
589 1402 1190
178 1603 1946
178 1402 1603
178 1879 1946
178 4 1879
178 4 1251
1429 4 227
1429 1649 227
1429 236 1649
1500 1141 1251
1500 1141 1574
963 936 103
963 518 103
963 1025 794
963 936 1025
963 1337 794
963 1337 416
963 1979 416
963 518 1979
1883 244 194
1883 244 1210
1883 1300 1210
1231 1003 840
1231 1003 713
1231 746 713
271 2007 203
271 746 203
271 2007 1336
180 1182 34
180 867 1182
180 867 1691
180 34 1207
180 1691 1207
185 867 840
185 715 96
185 715 945
681 54 1793
681 1793 737
681 380 737
1885 321 1757
1885 1121 1757
1885 1121 321
1284 1780 1671
1284 1916 1780
1284 1671 527
1284 527 1396
1284 1916 1396
789 1940 321
789 1916 1940
789 1121 321
789 1916 1121
1788 1105 2047
1788 1404 1105
1788 2047 420
1788 1404 420
895 849 707
895 1975 707
895 636 849
895 636 1350
895 1975 1350
1683 1750 1922
1683 62 1582
1683 1922 1582
1491 1548 62
1491 1750 1548
1491 1683 62
1491 1683 1750
1540 600 1766
1540 600 1739
1540 821 1766
1540 262 821
1540 262 1739
270 1116 483
270 812 1116
270 812 1553
270 1045 1553
270 1080 1045
270 483 1080
1481 387 639
1481 812 387
1481 1553 639
1481 812 1553
579 1725 39
190 1598 718
190 114 718
190 1598 46
190 89 46
190 1 433
190 114 1
190 25 433
190 25 1944
190 1944 1824
190 89 1824
1825 114 411
1825 502 414
1825 411 414
1825 502 718
1825 114 718
1851 973 89
1851 1493 973
1851 1493 987
1851 89 1824
1851 987 1824
1596 1264 1584
1596 1264 1391
1596 1525 1838
1596 1584 1525
1848 1141 1419
1848 1979 1419
1848 1979 362
1848 589 362
1895 1429 236
1895 1574 236
1895 1500 1574
64 1883 194
64 1883 1300
64 194 727
64 1135 639
64 1300 1135
64 1370 639
64 1370 727
1106 1231 840
1106 185 840
1106 185 945
1957 1106 945
1957 1231 746
1957 1106 1231
1655 1706 945
1655 271 1706
1655 1957 945
1655 271 746
1655 1957 746
1998 271 1336
1998 1078 868
1998 1078 1336
1998 1754 868
1692 815 1608
1692 1559 1608
1692 1911 1559
1718 1706 715
1718 1622 1706
1718 715 1911
1718 1692 1911
613 867 54
613 185 867
613 185 96
613 380 96
613 681 54
613 681 380
1157 1391 39
1157 579 39
1157 1596 1391
1157 1596 1838
848 589 1402
848 1848 589
848 178 1251
848 178 1402
848 1141 1251
848 1848 1141
529 1895 1429
529 1895 1500
529 1429 4
529 4 1251
529 1500 1251
762 1622 1706
762 271 1706
762 1998 271
1145 1718 1622
1145 1718 1692
1145 1622 815
1145 1692 815
119 1157 1838
119 1157 579
119 1838 1983
119 1725 1983
119 579 1725
1710 762 1998
1710 1754 815
1710 1998 1754
1710 1622 815
1710 762 1622
