 5.61149488e-01 7.10257222e-01
 1.56062379e-01 4.79396774e-01
 -3.89251675e-03 4.75319758e-01
 3.31915165e-01 7.95850241e-01
 3.52863609e-01 -7.74081240e-01
 -3.20187818e-01 6.73697074e-01
 5.01505963e-01 6.54718698e-01
 -3.39682047e-01 -2.49065900e-01
 -3.50990634e-01 -2.47721540e-01
 5.19953039e-01 -5.36287887e-01
 2.23124309e-01 5.04165157e-01
 5.35135586e-01 8.21864410e-01
 1.65072547e-01 7.87102936e-01
 2.36973398e-01 6.13833632e-01
 -2.39556458e-02 5.82696048e-01
 3.06826149e-01 -8.90317770e-01
 5.25424335e-01 4.32705760e-01
 6.46684800e-01 -4.11102500e-01
 6.18406241e-01 -5.68462710e-01
 3.08944494e-01 -6.97766174e-01
 7.04074362e-01 -4.07019403e-01
 -4.03194519e-01 -4.03518944e-01
 -6.41154202e-02 -7.99244491e-01
 -6.65168853e-02 4.36582911e-01
 5.37951542e-01 7.50012572e-01
 -4.33915296e-01 7.42856881e-01
 1.99818612e-01 -8.29212312e-01
 -5.86550608e-01 -3.06871609e-01
 7.70255215e-01 4.13523793e-01
 -2.73236877e-03 8.33863768e-01
 -6.37673332e-01 -1.63394096e-01
 5.11488453e-02 7.92617151e-01
 7.98505962e-01 9.64031755e-02
 5.07877981e-01 3.44429719e-01
 -6.20846793e-01 -4.46125276e-01
 2.64220782e-01 7.62298040e-02
 -7.35626625e-01 1.50305733e-01
 2.80685685e-01 -8.82893458e-01
 5.74660319e-01 6.20305533e-01
 2.06118304e-01 2.55241343e-01
 -1.54859472e-01 -5.39040521e-01
 7.78914580e-01 1.92120109e-01
 3.04832471e-01 3.01146360e-01
 -2.70003397e-02 -7.58933915e-01
 3.10903385e-01 6.33338108e-01
 5.28476675e-01 6.58287150e-01
 6.07347929e-01 -6.50937991e-01
 1.72635195e-01 2.74778213e-01
 -5.45500175e-02 8.22050844e-01
 2.55139299e-01 1.64790935e-01
 3.45570705e-01 -8.45731296e-01
 6.46205147e-01 -2.31006297e-01
 -6.17940141e-01 -2.62380781e-01
 5.71356493e-01 3.98208717e-01
 1.82184885e-01 -6.10181451e-01
 3.46213222e-01 -7.54873986e-01
 4.84985015e-01 3.03533571e-01
 6.57380560e-01 5.58733227e-01
 -2.62055084e-01 -2.12218948e-01
 -4.98558202e-01 7.04059496e-01
 -2.05079241e-01 -8.39238327e-01
 5.86683003e-01 7.16199591e-01
 1.89001164e-01 5.76196657e-01
 3.77243141e-01 4.75775031e-01
 -3.32165088e-01 -2.69046435e-01
 6.56568328e-01 4.85152010e-01
 2.56944626e-01 -7.95713757e-01
 3.69653636e-01 7.63125889e-01
 -1.75607786e-01 7.93859120e-01
 6.27602819e-01 -3.80943237e-01
 7.62232378e-01 -4.36071485e-01
 1.59306686e-01 5.97810034e-01
 7.41339204e-01 -3.79796578e-01
 -3.31335191e-01 -1.19870786e-01
 -5.39183351e-01 -6.08435717e-01
 -5.88669066e-01 -1.81166593e-01
 -7.11080073e-01 6.80908063e-01
 7.46229584e-01 -4.23732511e-01
 3.04055576e-01 -8.09756997e-01
 7.48369836e-01 3.42103356e-02
 -4.56532253e-01 -2.84907026e-01
 6.12518598e-01 -6.32338797e-01
 7.76982058e-01 2.47724903e-01
 3.04195017e-01 2.48381930e-01
 3.77383004e-01 -6.26918763e-01
 2.87536796e-01 3.08092994e-01
 7.01045994e-01 -6.44259745e-01
 -1.25919555e-01 -6.70579488e-01
 5.10569230e-01 6.74218465e-01
 -1.88613236e-01 7.27717696e-01
 -2.04901314e-01 7.73329579e-01
 1.83946764e-01 1.84443072e-01
 3.03144489e-01 6.20205767e-01
 7.69676064e-01 -4.13137027e-01
 3.09465504e-01 6.06706035e-01
 6.02881789e-01 3.81679847e-01
 1.77090147e-01 -5.41644937e-01
 -5.53180828e-02 -3.90360967e-01
 -7.80902516e-02 8.28666842e-01
 4.82718332e-02 -5.71264945e-01
 -2.83705324e-01 -5.04930458e-01
 5.24005517e-01 -2.95068482e-01
 3.69368537e-01 7.00116079e-01
 1.63155327e-01 3.04634898e-01
 2.30343115e-01 -6.28353049e-01
 3.07146484e-02 -6.18510309e-01
 4.63275585e-01 -6.07668164e-01
 7.76201923e-01 -4.28298881e-01
 -7.37323300e-01 1.91333327e-01
 4.84160187e-01 6.48238047e-01
 1.99220242e-01 1.14836901e-01
 -8.30434925e-02 8.05457820e-01
 4.52877970e-01 -5.90908194e-01
 5.49819164e-01 6.87608200e-01
 3.84313146e-01 -6.32753056e-01
 7.15690989e-01 2.48408626e-01
 5.16502556e-01 7.61272171e-02
 -4.09841235e-01 -3.32162635e-01
 5.53340468e-01 6.08511216e-01
 -1.37861589e-01 7.76132646e-01
 -4.69712750e-01 -3.32107262e-01
 5.30633854e-01 -6.30987106e-01
 -8.34349246e-01 1.44958599e-01
 -4.55967892e-01 -5.09293444e-01
 6.58081207e-01 -2.86334649e-01
 7.14454284e-01 -5.15840144e-01
 2.80389226e-01 -4.82229479e-01
 7.78636290e-01 -4.94317741e-01
 3.44922195e-01 -6.71853684e-01
 4.68343547e-01 5.88005376e-01
 5.74869579e-01 -7.22783953e-01
 2.81686692e-01 -5.96255356e-01
 6.99882193e-02 8.47046342e-01
 -1.08212402e-01 -6.32467423e-01
 1.79302027e-01 7.68672535e-01
 8.88587794e-02 8.53265275e-01
 3.51693189e-01 4.12669754e-01
 -6.20898099e-01 -5.69760183e-02
 6.52521414e-01 -6.47432385e-01
 6.45865187e-01 4.45951855e-01
 7.58811440e-02 -8.71487740e-01
 -8.14375836e-01 -1.20277781e-01
 -2.25778947e-01 -6.96736287e-01
 6.60749978e-01 -2.57493185e-01
 1.49539462e-01 5.12760532e-01
 3.12384599e-01 -7.40766192e-01
 4.27434786e-01 -7.42031091e-01
 -5.74891206e-01 -3.35194868e-01
 -3.75841874e-02 4.76776538e-01
 -1.73879894e-01 -6.80034234e-01
 -1.75988566e-01 -6.84705699e-01
 2.56556461e-01 -8.71600458e-01
 -1.84109606e-02 8.32674576e-01
 3.68857102e-01 7.23911836e-02
 7.41466223e-01 -1.62571148e-02
 3.98307071e-01 5.73973303e-01
 6.14123688e-01 8.06821065e-01
 2.41046530e-01 7.90528974e-01
 -4.14079938e-01 7.03776613e-01
 -9.58033505e-02 6.94231644e-01
 -2.01554512e-01 -7.36742419e-01
 1.76149466e-02 -5.28682533e-01
 -1.91884094e-01 8.80744165e-01
 3.83910817e-01 -5.34968621e-01
 4.81898269e-01 -1.07337380e-01
 -1.35533579e-01 -7.64882382e-02
 -4.93428624e-01 -6.47943047e-01
 -5.19716877e-01 -3.34705592e-01
 6.02055532e-01 4.67605390e-01
 2.36172112e-01 4.52259898e-01
 4.66603960e-01 -1.33885387e-03
 -6.51277297e-01 -1.61888547e-01
 6.80615912e-01 -6.62921835e-01
 -3.48483903e-01 -6.80757805e-01
 5.39895004e-01 4.05132002e-01
 4.23641074e-01 -7.25621277e-01
 4.80316245e-01 -1.97895766e-01
 3.54897411e-01 7.80266469e-01
 1.74356111e-01 -7.93455310e-01
 5.24157925e-01 3.47006242e-01
 -7.47789216e-01 -1.20582002e-01
 6.38732854e-01 7.30531890e-01
 -5.33835951e-01 -2.52995178e-01
 3.96339249e-01 -8.50534863e-01
 5.72942972e-01 3.35814515e-01
 6.03685209e-02 -6.49830633e-01
 6.21042107e-01 -7.48921979e-01
 -7.17977807e-02 8.18522184e-01
 4.37558177e-01 -4.77521933e-01
 5.31185017e-01 6.82433404e-01
 -4.17626861e-02 7.71534513e-01
 -7.14919764e-01 6.58590523e-01
 -1.09264344e-01 -6.32468776e-01
 3.65180665e-01 4.58926068e-01
 1.33287896e-01 3.45218262e-01
 -2.45884331e-01 6.74892268e-01
 3.60555594e-01 -7.86853367e-01
 -6.24606337e-01 -9.47067793e-02
 7.75966381e-01 -4.64411932e-01
 8.15752191e-01 -3.57187188e-01
 1.02152771e-01 8.57626178e-01
 6.90804875e-01 -3.89184672e-01
 6.12862674e-01 2.59444224e-01
 2.09807071e-01 -8.30580733e-01
 4.36145831e-01 -4.82504455e-01
 -1.54536843e-01 -4.35123564e-01
 8.34130455e-02 -7.85782272e-01
 1.31278585e-01 -6.74157067e-01
 -8.06748901e-01 4.97584279e-01
 4.15964630e-01 6.14481870e-01
 -4.05898374e-01 -6.49887578e-01
 -4.33455624e-01 7.12017129e-01
 5.66216163e-01 -6.95174122e-01
 -5.72471022e-01 6.11995169e-01
 4.39141942e-01 -6.54601870e-01
 3.93155099e-01 7.49457644e-01
 2.86777496e-01 -8.45954781e-01
 -6.09521792e-01 -4.48724425e-01
 -5.33954126e-01 -2.39963886e-01
 6.30289644e-02 -4.99725276e-01
 4.03187516e-01 -7.41064907e-01
 3.46107926e-03 -7.00302227e-01
 -9.84456269e-02 -1.38558313e-01
 6.88157738e-01 2.29571276e-01
 5.62630975e-01 -3.80043185e-02
 -5.71318867e-01 -2.91195512e-01
 3.30353169e-01 8.76739559e-01
 -3.91700752e-01 -4.63151091e-01
 7.93351441e-01 -5.19225285e-01
 2.41857186e-01 -6.16820298e-01
 5.55935188e-01 4.66886833e-01
 6.72114693e-01 -7.00542996e-01
 4.10482023e-01 7.62784290e-01
 7.65014285e-01 3.56759214e-01
 4.53735418e-01 4.88928639e-01
 2.69178906e-01 8.01103022e-01
 5.85961180e-01 7.77309169e-01
 -4.92562658e-01 -1.89212734e-01
 -6.66327161e-01 -1.41630926e-01
 4.41374672e-01 -6.96434717e-01
 2.03746717e-01 4.93579001e-01
 -8.09495297e-01 -7.01656439e-02
 6.17262033e-01 5.28908846e-01
 3.96227303e-01 4.29779638e-01
 5.76699634e-01 6.73803207e-01
 -1.37486703e-01 -6.63016559e-02
 -3.02751937e-01 -5.46024190e-01
 -2.36527241e-01 -1.88995172e-01
 1.15975490e-01 -8.21170083e-01
 6.16917908e-01 -7.48312661e-01
 1.10135771e-01 -5.88105640e-01
 -1.92920220e-01 -5.14027219e-01
 2.92929653e-01 2.22366314e-01
 -1.69219936e-02 6.12149439e-01
 3.79014013e-01 -9.99967908e-02
 -7.85911245e-02 6.54274052e-01
 -4.54018440e-01 7.23076982e-01
 -2.65221368e-01 -5.91538254e-01
 3.66272222e-01 -7.79524769e-01
 -3.49749699e-02 4.11466252e-01
 -2.43058737e-01 8.21348312e-01
 5.89762848e-01 6.53688251e-01
 1.90307478e-01 -8.29830169e-01
 4.67928328e-01 2.81790179e-01
 6.73401565e-02 -4.25655643e-01
 -6.10386765e-01 -4.07227064e-01
 1.92308757e-01 -7.58714483e-01
 6.17570620e-01 -1.16030133e-01
 5.02440314e-01 2.94896310e-01
 3.32048048e-01 5.68377583e-01
 6.24750451e-01 2.92687555e-01
 2.01757546e-02 -7.57083472e-01
 1.61210586e-01 -7.53130552e-01
 -3.91947340e-01 -7.08806892e-01
 5.15809837e-02 -5.52434366e-01
 6.48237832e-01 -6.51027331e-01
 3.24775807e-01 2.00017329e-01
 4.02777396e-01 8.19389222e-01
 -5.88026264e-01 -4.75273838e-01
 2.48308400e-01 -5.61500274e-01
 6.24005257e-02 5.13545380e-01
 -1.68382995e-01 -6.75637650e-01
 5.08340249e-02 8.04712973e-01
 -6.37308112e-01 -8.32949667e-02
 4.75554810e-01 7.72895953e-01
 -8.15181941e-01 -4.52870120e-02
 2.55115850e-03 -8.12842173e-01
 5.05221804e-01 -4.38195592e-02
 4.15666505e-02 5.82679295e-01
 4.41984008e-01 2.23599512e-01
 6.51254671e-01 7.54158712e-01
 2.69050387e-01 3.20786928e-01
 -1.65262745e-01 -3.36197323e-01
 -4.80081625e-01 -6.34964959e-01
 -4.92630562e-01 -5.21165935e-02
 4.21297118e-01 -8.03214540e-01
 -2.91369267e-01 -5.75787941e-01
 6.83426849e-01 3.87508538e-01
 -2.69153428e-01 -6.46832065e-01
 2.19520905e-01 9.08935007e-02
 -6.80408572e-01 -3.31018126e-01
 5.23263348e-01 -1.66873171e-01
 -8.75417136e-01 7.64161364e-02
 -4.13612349e-01 -6.79862405e-01
 2.38422828e-01 6.11900932e-01
 2.12678739e-01 8.90215165e-02
 -5.24142422e-01 -6.80721313e-01
 7.80424600e-01 -1.69347494e-01
 6.23301591e-01 -4.64264040e-01
 1.79081039e-01 -3.93314950e-01
 7.53352491e-02 3.76258150e-01
 -1.13922721e-02 -7.11203484e-01
 2.51325944e-01 -8.66101187e-01
 5.27458200e-01 8.06898857e-01
 -1.71490300e-01 -6.65392603e-01
 -2.00517365e-01 7.44028795e-01
 -1.07670448e-01 -7.20219950e-01
 -8.46011028e-02 3.92795274e-01
 -6.21165191e-01 -4.75235495e-02
 -2.43136975e-02 8.39958997e-01
 -2.43269536e-01 -8.33484123e-02
 -1.23767804e-01 5.92782008e-01
 7.10383874e-01 2.99792423e-01
 -2.80918892e-01 -5.79333258e-01
 9.60066790e-02 -6.43672489e-01
 4.22729271e-01 -7.63031812e-01
 6.21289467e-01 -5.36613499e-01
 -2.89477745e-02 -4.11718061e-01
 -7.13596845e-02 -4.52977962e-01
 -2.14493603e-01 -5.27278794e-01
 -5.75219342e-01 -6.28257192e-01
 7.42147851e-01 -4.93067343e-01
 1.46694768e-01 8.28374743e-01
 3.89603985e-04 -7.20578057e-01
 4.91494756e-01 2.22514023e-01
 -5.23546155e-01 -6.32476826e-01
 -5.68532707e-01 -2.75060608e-01
 6.18929379e-01 -1.45717927e-02
 5.15843814e-02 -5.38610384e-01
 9.87709636e-03 4.30581035e-01
 1.54808752e-01 -4.64513522e-01
 1.34859529e-01 -4.38341179e-01
 1.56545976e-01 3.09212705e-01
 7.29842904e-02 -6.12212646e-01
 4.98944728e-01 -6.39972217e-01
 3.01487352e-01 -6.76262920e-01
 1.57978580e-01 -5.41534153e-01
 2.29811865e-01 4.23338375e-01
 4.08011989e-01 -7.58790817e-01
 6.66829439e-01 -1.96777402e-01
 -1.86808626e-01 -4.17472396e-01
 1.23758561e-01 7.11912206e-01
 -1.76195274e-01 -4.45817973e-01
 6.59555272e-01 -4.91535620e-02
 -5.95530702e-01 -5.36732438e-01
 -8.65524174e-02 8.86622938e-01
 -6.66128935e-01 -6.56900877e-02
 3.16614244e-01 -8.41537344e-01
 -1.88469184e-01 -6.21215502e-01
 -4.10581992e-01 -1.09038809e-01
 5.19169068e-01 -6.91446053e-01
 3.45141053e-01 7.22812835e-01
 -8.15782366e-02 -7.69580413e-01
 5.29887440e-01 -7.91429630e-02
 -1.41467959e-02 -5.80079623e-01
 5.38087836e-01 -2.78056468e-01
 6.51659528e-01 4.03960573e-01
 5.05788290e-01 -7.79502148e-01
 2.54629175e-01 4.05905687e-01
 -5.82452896e-01 6.87621897e-01
 -5.59639460e-01 -6.22283238e-01
 6.11084379e-01 -6.36126002e-01
 -4.76906949e-01 -1.71177506e-01
 5.66072827e-02 -7.37486977e-01
 3.90877633e-01 -6.68488198e-01
 -4.19633747e-01 7.12457244e-01
 5.63207861e-01 -6.96756807e-01
 -8.02919906e-01 -1.67068508e-01
 -1.65202286e-01 -5.78999948e-01
 6.00469640e-01 4.08462734e-01
 7.39795361e-01 2.36674211e-01
 -6.94545848e-01 5.38775884e-01
 2.60330124e-01 6.22984626e-01
 7.94625076e-01 -3.82935789e-01
 5.98387195e-01 -6.69718278e-01
 2.05925741e-02 8.86647777e-01
 3.78109754e-01 5.59920505e-01
 2.59344236e-03 -6.26455271e-01
 -4.88606853e-02 -7.12055990e-01
 1.73017471e-01 -6.20978261e-01
 6.63217715e-01 -1.90188014e-01
 5.51534677e-01 4.40368134e-01
 7.95123645e-01 -4.68289232e-01
 6.44993212e-01 -4.39121914e-01
 1.38353036e-01 5.41955644e-01
 4.39822263e-01 5.98454688e-01
 3.12698955e-01 1.74385900e-01
 -1.68937911e-01 8.41039575e-01
 2.83644942e-01 -7.21416965e-01
 5.61006137e-01 8.11093174e-01
 1.85315488e-01 2.83404170e-01
 -8.48209043e-03 5.40136218e-01
 4.73310237e-01 5.34401351e-01
 2.64944254e-02 -5.76904268e-01
 -1.01697284e-01 5.52798406e-01
 -1.96682448e-02 -7.58955418e-01
 7.06521138e-01 2.85371776e-01
 -9.22701070e-02 -7.90338488e-01
 -3.92616770e-01 -5.78978645e-01
 6.99047380e-01 5.75040631e-01
 5.60452592e-01 6.97944101e-01
 5.91148938e-01 -7.60779403e-01
 -5.21746776e-02 7.66617952e-01
 5.69931330e-01 6.92233878e-01
 -4.70851249e-01 6.45447717e-01
 3.03576818e-01 6.77139877e-01
 -1.05678598e-01 -7.42046461e-01
 -3.42252355e-01 -3.24963933e-01
 6.86790612e-01 -2.07141378e-01
 -4.10444456e-01 -4.95454705e-01
 4.59908365e-01 -7.68369480e-01
 -3.78253425e-01 -3.62806124e-01
 -7.03172189e-01 -1.39990318e-01
 5.21646135e-01 -6.21295951e-01
 3.36006597e-01 -1.52399631e-02
 3.64007540e-01 3.16905291e-01
 -6.68192480e-01 -1.38670966e-02
 -6.20119072e-01 -5.82825671e-01
 7.06090060e-01 -1.40084597e-01
 8.99421187e-02 4.39952867e-01
 3.42844521e-01 -7.04345867e-01
 2.07293849e-01 2.53656862e-01
 5.56312279e-01 7.26161069e-01
 -3.85635276e-01 -3.00876153e-01
 1.02189751e-01 -5.57196855e-01
 -1.81954984e-01 -7.04707653e-01
 7.26779099e-01 2.84753070e-01
 -8.51020959e-01 5.83897822e-03
 -1.95190250e-01 -5.93225591e-01
 5.06271339e-01 -2.89696449e-01
 -2.61356204e-01 -4.51544732e-01
 -1.26570825e-01 4.71894708e-01
 7.48727849e-01 -2.36377578e-01
 7.76100190e-01 1.65000060e-01
 -2.98071183e-01 -4.56351712e-01
 -1.21785658e-02 4.78949293e-01
 3.04385027e-01 5.51072747e-02
 2.06088430e-01 -7.13237608e-01
 7.66274130e-01 9.14177997e-02
 5.36657902e-01 5.00344292e-01
 -3.70214992e-01 -1.04160286e-01
 3.87846644e-02 -7.48997356e-01
 3.23158446e-01 2.91252131e-01
 -7.67536047e-02 -7.89081098e-01
 5.94863533e-01 1.64024006e-01
 1.43552828e-02 -3.71695606e-01
 -5.85930316e-01 -6.05551071e-01
 -8.20302391e-01 -6.12165325e-03
 -4.66270547e-01 -4.75458377e-01
 7.96373365e-01 9.91884961e-02
 6.01682940e-01 -1.56984822e-01
 -6.53216113e-02 -7.97491623e-01
 -1.90655076e-01 7.70671081e-01
 -4.65520786e-01 -2.85158666e-01
 -8.74828417e-03 7.64930038e-01
 -2.39840467e-02 7.42079117e-01
 -4.70215718e-02 -7.90458174e-01
 2.26158254e-01 1.07410959e-01
 -1.60168861e-01 -7.53740624e-01
 -2.80412103e-01 -5.84654521e-01
 -5.65495689e-01 -1.78122849e-01
 3.70598551e-01 -7.77073395e-01
 4.49713562e-01 -7.19804776e-01
 5.64211187e-01 6.45770799e-01
 2.69859461e-01 7.07168034e-01
 -2.76695255e-01 -6.85128565e-01
 2.30765444e-01 7.20620393e-01
 4.33138807e-01 -4.88896830e-01
 1.88215020e-01 1.07287129e-01
 7.47351192e-01 2.15869942e-02
 -7.23904721e-02 -7.07849460e-01
 5.76239876e-01 2.08270665e-01
 3.29603850e-01 5.81070099e-01
 -2.35432487e-02 -5.64925771e-01
 -8.20253154e-01 -1.24464333e-01
 -6.85636515e-01 7.06704799e-01
 -1.37580000e-01 7.23789440e-01
 7.38752101e-01 2.72738933e-01
 2.76229579e-01 -7.55524443e-01
 -8.10303011e-01 -1.76747770e-01
 3.87035728e-01 1.39525555e-01
 1.61287810e-01 6.49999330e-01
 -2.46628457e-01 -4.87519698e-01
 6.25923626e-01 -4.41204875e-01
 2.82798556e-01 4.91332379e-01
 -3.47485545e-02 8.34144000e-01
 6.71380934e-01 -3.67062015e-01
 5.97989107e-01 -6.40443663e-01
 6.60171910e-01 -6.70147933e-01
 -1.44641785e-01 -4.89064702e-01
 -5.66695968e-01 -2.77675401e-01
 5.63378559e-01 6.80725880e-01
 4.17023713e-01 -5.79216733e-01
 1.73267538e-01 6.01192268e-01
 -3.48580866e-01 -4.52238335e-01
 -1.73002979e-01 -6.80250177e-02
 -6.93919930e-01 6.43605963e-01
 2.22297491e-01 6.33887071e-01
 -9.38077308e-02 8.98112608e-01
 -3.33540794e-02 -3.43404895e-01
 6.78013042e-01 -3.93956097e-01
 -1.26752512e-01 7.47461500e-01
 6.28508962e-01 -6.59866696e-01
 4.63487709e-01 -8.47669009e-01
 3.02377062e-01 6.15995322e-01
 7.41237478e-01 3.38304308e-01
 4.49314497e-01 4.93588190e-01
 3.24813274e-01 7.06527451e-01
 7.26045128e-01 3.46170412e-01
 7.65797896e-02 6.92706671e-01
 4.62448014e-02 -8.50664084e-01
 4.71047063e-01 -7.40723838e-01
 -4.37089134e-01 -3.15775337e-01
 5.58670486e-01 5.26128626e-01
 -3.15371058e-01 -3.03323426e-01
 4.52697993e-01 6.83898745e-01
 -1.60372258e-01 -1.62978876e-01
 4.18282186e-01 6.79472230e-01
 3.03684163e-01 8.02226978e-01
 -4.05901669e-01 6.70726603e-01
 2.08196555e-01 -7.65414656e-01
 -6.89038567e-02 -5.61000727e-01
 -4.06517414e-02 -6.84093000e-01
 -6.42169480e-02 -3.59473004e-01
 1.67664962e-01 -4.94282080e-01
 2.78811533e-01 -7.47760376e-01
 1.83022337e-03 8.67344137e-01
 -4.48945326e-01 -6.38581241e-01
 -4.86127918e-01 -4.68624691e-01
 7.15697853e-01 -3.80562853e-01
 5.96189505e-01 -3.54877861e-02
 3.95505935e-01 7.63258626e-01
 9.01033493e-02 7.09214759e-01
 5.87943476e-01 -5.16967773e-03
 -6.01713106e-01 -2.41229248e-02
 4.95237882e-01 -5.93780258e-01
 -4.21010833e-01 -3.82673567e-01
 -9.00000000e-01 2.58210476e-01
 1.86848896e-01 -5.08710176e-01
 -6.05415506e-01 -2.97163009e-02
 -7.16278668e-03 -4.07744404e-01
 1.65237711e-01 8.44369316e-01
 6.39361067e-01 6.29197963e-01
 1.36669258e-01 -7.54224029e-01
 3.50920451e-02 3.81242879e-01
 -6.77019339e-01 4.24313297e-02
 -4.08871387e-01 -1.29925500e-01
 5.04845507e-01 -6.86109571e-01
 4.35180906e-01 6.23658955e-01
 -4.43980164e-01 -7.18374309e-01
 1.27989852e-02 -8.16811904e-01
 -6.37421384e-01 6.56324198e-01
 4.54828611e-01 -5.95005722e-01
 3.72372097e-01 -4.51136113e-01
 4.68520963e-02 8.66494374e-01
 8.21499468e-02 -7.47114491e-01
 7.61461872e-01 2.50535158e-01
 7.19052831e-01 -4.99307720e-01
 6.25067797e-01 7.38751630e-01
 1.18450129e-01 4.67935931e-01
 2.70660769e-01 -7.70868930e-01
 -2.12752851e-01 -5.85673124e-01
 -3.62679244e-01 -1.51205991e-01
 1.65998150e-01 1.69497291e-01
 -1.33515493e-01 7.58090783e-01
 2.74970175e-01 -5.09330667e-01
 3.28451650e-01 3.87789854e-01
 3.69472501e-01 2.35563969e-02
 5.53795951e-01 6.08706376e-01
 3.87206742e-01 -8.34705514e-01
 5.27006029e-01 -3.09942670e-01
 3.01174018e-01 1.15409924e-01
 -3.92070923e-02 -4.51599973e-01
 2.20106791e-01 -5.22094467e-01
 6.41779964e-01 -7.29031866e-01
 3.17887715e-01 -7.39557138e-01
 -8.90271120e-02 8.25254015e-01
 5.35665049e-02 4.27600512e-01
 3.51997427e-01 7.59245770e-01
 -4.25291847e-01 -2.27131257e-01
 6.58579345e-01 -4.75086624e-01
 -3.24688536e-02 -6.23014749e-01
 5.97688522e-01 -7.66564787e-02
 5.43787255e-01 5.24367452e-01
 -2.21327173e-01 -4.38306916e-01
 5.35692983e-01 4.43321900e-02
 6.15735681e-01 -3.94739194e-01
 1.87337728e-01 -8.37729755e-01
 3.39746862e-01 1.91637756e-01
 6.12801328e-01 6.84036989e-01
 3.89781834e-01 -8.39718688e-01
 7.22474416e-01 -6.60547433e-01
 -8.30491010e-02 -5.95976878e-01
 1.15401262e-01 4.36184261e-01
 1.89682616e-01 2.67154021e-01
 1.68107902e-01 -6.75615345e-01
 5.48831240e-01 -3.64531674e-02
 -3.95563259e-01 -6.28225061e-01
 -3.64295634e-01 -3.95380964e-01
 -1.24096822e-01 -1.46863557e-01
 1.46194623e-01 6.90392552e-01
 3.52248018e-01 2.16845985e-01
 5.88178521e-01 3.92358828e-01
 8.06994511e-02 4.66317775e-01
 -7.88109025e-02 3.88753297e-01
 -4.89917661e-01 -3.06070871e-01
 2.10589425e-01 -6.63083665e-01
 -2.10965553e-01 6.39798727e-01
 7.95793822e-01 -1.92936697e-01
 1.04974024e-01 7.52355753e-01
 -1.10283269e-01 -1.45150848e-01
 -5.64678078e-01 -5.84595956e-01
 5.85032628e-01 5.08050158e-01
 -2.60505699e-01 -7.64503288e-01
 2.33322505e-01 8.19087318e-01
 8.70178500e-03 7.78926456e-01
 9.00000000e-01 -1.95883922e-01
 2.23503222e-01 8.13076052e-01
 -1.52222409e-02 -5.69861712e-01
 4.04484816e-01 7.54993921e-01
 2.06293913e-01 -8.53883659e-01
 -4.03034131e-01 7.95547727e-01
 -5.47734151e-01 6.47131216e-01
 -8.35874252e-03 6.00485624e-01
 -7.21211710e-01 6.73870927e-01
 -2.27164360e-02 -7.87222397e-01
 7.12557590e-01 3.37511733e-01
 2.67005336e-01 -8.46241040e-01
 3.69999708e-01 5.09688885e-01
 -5.80479506e-01 -1.75648548e-01
 4.27183762e-01 -6.95042617e-01
 4.29930031e-01 7.08790044e-01
 -5.31062512e-01 6.75010748e-01
 3.12487139e-01 1.67706451e-01
 2.81351210e-01 1.49144131e-01
 -3.17139797e-01 -6.98765181e-01
 -6.02162590e-01 -2.34759063e-01
 4.90696475e-02 -6.75177538e-01
 3.22606578e-01 9.85411342e-02
 4.54392441e-01 -6.88932054e-01
 7.19764298e-02 5.26064449e-01
 -3.85781257e-01 -6.97966698e-01
 5.75681039e-01 -3.50240015e-01
 5.80791216e-01 2.29832769e-01
 -4.81082697e-01 -1.52758959e-01
 -3.84355677e-01 -2.08231749e-01
 -2.71518001e-01 -1.19944104e-01
 1.78943587e-02 8.05761371e-01
 6.16074866e-01 -5.65632499e-01
 -4.85598321e-01 -1.05691479e-01
 7.11661818e-01 4.16707716e-01
 -3.40014522e-01 -4.79461246e-01
 2.51206336e-01 -7.97125711e-01
 -5.43076217e-01 -1.55661312e-01
 -1.39322306e-01 -6.94248463e-01
 4.57319981e-01 -4.68858648e-01
 7.03272276e-01 1.36170096e-01
 2.26673260e-01 8.32382458e-01
 -7.56264448e-02 -1.80612162e-01
 4.99236925e-01 5.71249643e-01
 7.24724344e-02 8.45949716e-01
 -2.20992027e-01 7.05746758e-01
 2.61612364e-01 3.64928911e-01
 -5.31251968e-01 -5.80482914e-01
 -2.74163039e-01 -3.76371762e-01
 3.09561517e-01 -8.11312441e-01
 2.88416809e-01 -4.85925850e-01
 -1.49749189e-01 5.73717587e-01
 6.58807479e-01 -6.23000337e-01
 -1.57265107e-01 -5.28534311e-01
 5.94586493e-01 4.13162313e-01
 4.94021722e-01 -5.32687382e-01
 2.19606940e-01 -5.22366831e-01
 5.59628388e-02 -7.34996758e-01
 1.87628809e-01 -8.86611749e-01
 -6.60930479e-02 6.55491429e-01
 2.04836234e-01 -5.82232220e-01
 -3.29708915e-01 -5.60790557e-01
 -2.13120218e-01 -5.95631310e-01
 -3.62272261e-01 -6.31363767e-01
 -2.12344717e-01 8.20683340e-01
 -2.17096822e-02 6.10546965e-01
 3.91490966e-02 7.63968320e-01
 2.89762501e-01 -8.05755264e-01
 -2.02140098e-02 6.16611584e-01
 2.35473584e-01 -8.50152501e-01
 4.09874272e-02 -7.90995166e-01
 -3.71352451e-01 6.67389984e-01
 4.46848155e-01 -7.74426738e-01
 -3.80564420e-01 -4.40739339e-01
 -2.15914291e-01 6.73897755e-01
 3.76388733e-01 -8.04461893e-01
 -2.81359202e-01 -1.83160283e-01
 -2.72408526e-01 7.48022244e-01
 7.53031630e-02 7.82695153e-01
 1.02335220e-01 -4.93913206e-01
 -2.21204217e-02 -8.13610268e-01
 -2.32044770e-01 -6.04670615e-01
 6.47330501e-01 5.50068061e-01
 2.00064595e-01 -7.56476657e-01
 4.14786355e-01 5.50323272e-05
 -2.49032791e-01 6.58623934e-01
 5.75162907e-01 2.69081480e-01
 5.18519771e-01 5.61142675e-01
 6.19125969e-01 3.47775357e-01
 -3.15434910e-02 -7.88756649e-01
 5.19025574e-01 -6.81004928e-01
 5.50504627e-01 6.65489036e-01
 -6.33662246e-01 -5.85478229e-02
 2.13019175e-01 1.99527934e-01
 6.94813445e-01 -6.48846914e-01
 -9.74453834e-02 -4.93471309e-01
 4.53806022e-01 -7.75100625e-01
 -3.30555730e-01 -6.55395881e-01
 2.00500184e-01 7.13836683e-01
 7.49163010e-01 4.66178254e-01
 3.50484646e-01 4.70322220e-01
 2.61226281e-01 -8.69248519e-01
 6.31893738e-01 2.01499492e-01
 -6.54084689e-02 6.07683008e-01
 -6.10910287e-01 6.15070750e-01
 -4.11302999e-01 -3.59226039e-01
 5.00816170e-01 -7.06556861e-01
 1.19571146e-01 3.70569737e-01
 8.16532033e-01 2.72409214e-01
 -2.76840040e-01 -4.68128256e-01
 6.11406162e-01 4.30224536e-01
 -3.62333051e-01 -3.47448210e-01
 -5.61537669e-01 -5.49274605e-01
 4.94268192e-01 -7.12322789e-01
 5.58513614e-01 -4.86352980e-01
 1.09978793e-01 -5.70904482e-01
 5.85878844e-01 -6.92655572e-01
 2.60978849e-01 -8.44950336e-01
 7.99205362e-01 1.80964940e-01
 5.80240157e-01 2.91712070e-01
 8.07932206e-01 1.19356855e-02
 7.45075406e-01 -4.01747157e-01
 -6.10513297e-01 -5.12154815e-01
 -3.29158059e-01 -4.35612857e-01
 1.88458805e-01 -4.26273791e-01
 -1.06198094e-01 4.28447081e-01
 5.55349773e-01 -7.72394792e-01
 5.93605674e-01 9.61774270e-02
 2.63701208e-02 5.11179037e-01
 -4.44642228e-01 6.74201267e-01
 -2.57978101e-01 -7.71625551e-01
 -1.19510330e-01 -1.03161286e-01
 2.73801414e-01 -8.83762634e-01
 6.10475960e-01 -2.32643594e-01
 6.00104098e-01 -5.83192722e-01
 6.37628246e-01 3.25365425e-01
 5.76113198e-01 -3.24561679e-01
 7.86960937e-01 -4.23360305e-01
 4.47338022e-01 -6.08260263e-01
 4.16641356e-01 -8.55251972e-01
 -7.12266395e-01 6.88744714e-01
 5.28364816e-01 -5.68471888e-01
 2.48096549e-02 5.24685819e-01
 -2.85841238e-01 -7.23588234e-01
 -4.96210271e-01 -5.40640469e-01
 1.13899769e-01 -7.52280364e-01
 4.83123772e-01 -7.91985460e-01
 -5.04545106e-01 -1.10954556e-01
 -5.55668953e-01 -1.57198628e-01
 5.15010562e-01 4.96027200e-01
 4.73329801e-01 -6.09534684e-01
 3.07174625e-01 6.32556874e-01
 2.18894513e-01 7.09853967e-01
 -2.37745036e-01 -3.10065166e-01
 6.54820634e-01 -4.39477095e-01
 4.75163827e-01 -7.28446502e-01
 1.04754237e-01 8.46637550e-01
 -3.11711492e-01 -4.78480437e-01
 4.01919776e-01 -5.45985087e-02
 5.69133049e-01 7.16510591e-01
 -1.35613203e-01 7.67778131e-01
 -5.13789842e-01 -2.41185556e-01
 -2.32714761e-01 -1.13837586e-01
 -2.53501738e-01 -3.68937067e-01
 5.65851790e-01 4.78455152e-01
 -7.40456718e-02 3.89333638e-01
 6.98434449e-01 -1.16424428e-01
 3.45269862e-01 6.50331686e-01
 2.87346676e-01 -5.61133450e-01
 2.79325261e-01 3.45371683e-01
 5.84558185e-01 -4.50594347e-01
 7.55498284e-01 -4.89341870e-01
 1.98648769e-01 2.63979762e-01
 5.14556722e-01 -6.40788547e-01
 -6.74632849e-01 -4.37003363e-01
 5.25056215e-01 1.36767241e-01
 6.14870699e-01 7.02416855e-01
 -1.65580565e-01 -6.08881931e-01
 6.88630561e-01 6.26774132e-01
 4.58658536e-01 2.57088171e-01
 2.56159230e-04 -8.14004753e-01
 7.33017095e-01 5.13412109e-01
 -2.05695454e-02 8.67046663e-01
 7.15488350e-01 -5.00288856e-01
 -1.10473782e-01 7.36225130e-01
 3.41610275e-01 5.58977924e-01
 3.87174218e-02 3.80378672e-01
 -8.77452608e-02 -5.09636638e-01
 6.61908776e-01 3.19055683e-01
 3.89613506e-01 -7.86578622e-01
 9.25723014e-02 6.93467858e-01
 -6.63993803e-01 -1.48192590e-01
 3.91641872e-02 -7.14641446e-01
 -4.37735365e-01 -1.99276787e-01
 5.97974385e-01 6.49674472e-01
 7.00260395e-01 -1.36678776e-01
 3.56095248e-01 -6.98855929e-01
 6.30861970e-01 -6.37174784e-01
 5.48574240e-01 -5.29989064e-03
 -4.34071651e-01 7.22931183e-01
 4.26132521e-01 -6.79842414e-01
 1.36068347e-01 -4.27360491e-01
 6.83202661e-01 4.99229273e-01
 -7.29201904e-01 1.21851061e-01
 4.30820398e-01 -8.63627016e-01
 5.23847549e-01 8.46116975e-02
 5.18344294e-01 -6.82519890e-01
 5.06810959e-01 -2.33673171e-01
 -2.05644248e-01 -4.79892868e-01
 7.42793245e-01 1.40581845e-01
 -5.79821978e-02 -6.17366668e-01
 5.93340058e-02 7.06986292e-01
 2.05314179e-01 1.83206714e-01
 5.66770719e-01 3.28197278e-01
 -5.27713016e-01 -1.74236947e-01
 4.02604878e-01 -4.64619190e-01
 3.89919825e-01 -6.32060030e-01
 7.49714047e-01 -3.58516792e-01
 6.89539058e-01 1.71631628e-01
 5.86506981e-01 -7.11014361e-01
 2.72621612e-01 6.03961892e-02
 3.35950124e-01 7.71912265e-01
 -2.43490923e-02 -7.91034146e-01
 -1.50428651e-02 -6.35350974e-01
 2.34519108e-01 5.76419951e-01
 6.00405341e-01 -4.83576448e-01
 3.82826681e-01 -8.51040036e-01
 5.73434765e-01 -7.04302536e-01
 -7.74176341e-01 4.20901435e-03
 7.84863842e-01 -4.12461736e-01
 3.87538889e-01 -8.44015397e-01
 6.19143104e-01 7.63425854e-02
 6.99786421e-01 4.82094036e-01
 -3.67932076e-01 -1.15989342e-01
 4.81253042e-01 5.60846988e-01
 2.03599620e-01 7.69596065e-01
 -3.17517687e-02 8.16731315e-01
 2.20265668e-01 7.00319695e-01
 4.45353572e-01 -6.66337417e-01
 2.05107749e-01 1.17693383e-01
 5.46157125e-01 3.47530846e-01
 6.64432108e-01 3.09059908e-01
 7.33051612e-01 5.33243048e-01
 2.08082516e-01 -5.39845353e-01
 8.07210093e-01 -3.16291736e-01
 4.80053152e-01 1.58242274e-01
 -9.58982391e-02 8.00723846e-01
 -3.82888663e-01 -3.27995645e-01
 -1.25192495e-01 5.33989739e-01
 8.64924247e-02 -5.08296561e-01
 6.08758363e-01 -5.92081019e-01
 3.99837679e-01 7.33638857e-01
 1.79056465e-01 -5.83153893e-01
 -2.49982733e-01 -3.27210972e-01
 -6.47153562e-01 -3.16814443e-01
 3.17037748e-01 -5.63585066e-01
 -2.04451678e-02 4.82938346e-01
 3.59132678e-01 7.01411110e-02
 -2.73721389e-01 -1.01023083e-01
 -5.14369455e-01 -6.77768744e-01
 7.85916465e-02 -7.95821954e-01
 4.43847820e-01 -4.71545746e-01
 3.29513294e-01 -5.94924029e-01
 6.73133230e-01 4.81054959e-01
 6.53090745e-01 -6.76232802e-01
 1.11224325e-01 6.86846485e-01
 2.86793416e-02 -8.65080222e-01
 7.97271792e-02 -8.13569546e-01
 -1.41252054e-02 -7.98257223e-01
 6.55910811e-01 5.15788465e-01
 6.47710020e-01 4.39052857e-01
 1.28004100e-01 -6.64364260e-01
 7.94381453e-01 2.19375085e-01
 4.56300267e-01 -8.06646526e-01
 5.73315095e-01 -5.96888750e-01
 -2.30707001e-01 -6.03713025e-01
 -7.20576855e-02 8.56004013e-01
 6.71281464e-01 -3.85597629e-01
 6.86005311e-01 3.78667632e-01
 4.02811792e-01 7.19505936e-01
 6.02503356e-01 -7.47782491e-01
 7.10536302e-01 6.95201421e-02
 -1.50488886e-01 -6.79144067e-01
 -5.94184787e-01 -3.67468322e-01
 5.67827952e-01 6.72490663e-01
 5.36285417e-01 -3.64431542e-01
 1.09757547e-01 -7.94256321e-01
 4.56191998e-01 7.52689675e-01
 5.35748592e-01 -7.60750213e-01
 -4.77102968e-01 -1.27497703e-01
 -1.56444064e-01 -3.65064261e-01
 1.16831901e-01 -5.94654820e-01
 6.03537085e-01 8.10545849e-01
 -4.90504241e-01 -3.19951971e-01
 2.36078267e-01 1.99591558e-01
 4.51464646e-01 5.67665344e-01
 4.20123277e-03 7.62360288e-01
 1.53896681e-01 7.40932352e-01
 3.17832008e-02 7.86597085e-01
 -8.15873056e-01 4.09143119e-01
 -5.05208805e-01 7.42646872e-01
 6.40102140e-01 -4.16673129e-01
 2.97091473e-01 -5.92896422e-01
 7.34827167e-01 1.42746273e-01
 6.11013285e-01 -6.80266528e-01
 1.00745329e-01 -6.84582740e-01
 2.12842710e-01 7.48367875e-01
 -5.15993123e-02 5.57062752e-01
 -8.39029821e-01 1.71320423e-01
 3.71790010e-01 6.74521398e-01
 4.68335905e-01 -7.58894283e-01
 1.44013002e-01 3.06379649e-01
 3.28008063e-01 -5.24104834e-01
 -6.82340704e-02 -5.35110027e-01
 4.35911633e-01 3.38905584e-01
 -5.35406000e-01 -5.82039910e-01
 4.67819439e-01 -1.82676714e-01
 2.67857505e-02 -6.47214310e-01
 5.88354932e-01 3.20331419e-01
 7.84369806e-01 -2.30893483e-01
 6.69854730e-01 5.27532833e-01
 8.01398412e-01 -3.98816554e-01
 1.09124715e-01 4.97332185e-01
 -7.55833666e-02 -6.58552082e-01
 -3.48151332e-01 -3.95145841e-01
 1.92694404e-01 3.91451598e-01
 -1.60367917e-01 -3.93299375e-01
 -9.79254988e-02 -2.97203486e-01
 7.46370322e-01 -4.66200078e-01
 -8.44709371e-02 -6.67793422e-01
 6.51405080e-01 -5.68198720e-01
 1.38341333e-01 -7.02196158e-01
 -3.90981547e-01 -3.28724979e-01
 -3.98787125e-01 -3.91571908e-01
 4.64435009e-01 6.95389292e-01
 3.01925149e-01 6.44667922e-01
 3.18801194e-01 6.83347002e-01
 -7.87860317e-01 5.36688562e-01
 -6.06211028e-01 -2.03530891e-01
 -5.67882450e-01 6.45155288e-01
 2.25631574e-01 7.05941441e-01
 5.93997860e-01 -7.03529316e-01
 2.38226956e-01 -8.42177903e-01
 -3.38271629e-01 -4.61897402e-01
 -7.34151504e-01 6.61529116e-01
 -5.08855980e-01 -2.14388442e-01
 5.10144475e-01 6.69047549e-01
 -5.01947941e-01 -2.62153330e-01
 -3.59566469e-01 -3.44381793e-01
 1.64561984e-01 8.42805008e-01
 -1.24962257e-01 -5.54223321e-01
 -9.09318785e-02 -1.78222596e-01
 2.11708108e-01 3.46153091e-01
 -6.62268581e-01 -2.40435487e-01
 -3.40576172e-02 -7.38011373e-01
 -9.11740731e-02 7.92656181e-01
 -1.95587041e-02 -5.12475332e-01
 4.86873473e-01 4.76918864e-01
 -2.03516979e-01 -7.27557419e-01
 4.65964760e-01 1.67616722e-01
 4.84107155e-01 6.77576544e-01
 -4.26235339e-01 -1.88160432e-01
 -3.62880685e-01 -6.24323626e-02
 2.09471020e-03 -2.43560099e-01
 4.77583056e-01 6.37299032e-01
 6.21924697e-01 -7.13332175e-01
 4.66772556e-02 7.11260342e-01
 6.14139002e-01 6.29908194e-01
 5.33587684e-01 -7.79192835e-01
 3.99688490e-02 5.46056671e-01
 5.23356455e-01 -6.12625058e-02
 -2.46523816e-01 -4.54125827e-01
 -2.44869340e-01 -6.54293670e-01
 3.02152774e-03 6.46654586e-01
 -2.90569223e-01 -5.44353281e-01
 -6.60495756e-01 -3.05492386e-01
 5.47027581e-01 2.86761219e-01
 7.69272489e-02 -8.43629105e-01
 2.82398228e-01 7.26550953e-01
 -6.88800022e-01 -3.52880736e-01
 -3.08750488e-01 -6.50630680e-01
 -4.53273301e-01 7.48979248e-01
 4.14804774e-01 -7.60338452e-01
 2.06529437e-01 -7.78069988e-01
 -4.14977393e-02 4.03379417e-01
 5.34814149e-01 -2.28286663e-01
 -1.13363385e-01 5.69013440e-01
 -8.41706420e-01 -5.32542599e-02
 1.98013334e-01 9.83322700e-02
 -9.59658006e-02 -9.04343654e-02
 7.13545022e-01 3.28607935e-01
 6.23587297e-01 -3.47942792e-01
 3.82846622e-01 -4.69244654e-01
 -8.02226484e-01 7.72893558e-02
 6.03277774e-01 -1.54764966e-01
 1.93783690e-01 -6.10756448e-01
 -2.25763894e-01 -5.99422621e-01
 6.32019452e-01 2.16696389e-01
 3.68653195e-01 6.64399267e-01
 -2.65390151e-01 -4.67529305e-01
 7.43679136e-01 4.74980384e-01
 6.27054106e-01 6.52816500e-01
 6.10549981e-02 -7.07694875e-01
 1.85249841e-01 6.65146298e-01
 3.34123989e-01 -6.34232393e-01
 7.83262217e-01 -3.98697417e-01
 -7.05151644e-01 6.86997032e-01
 -4.05322238e-02 -7.60666692e-01
 -4.00856607e-01 -5.71839842e-01
 3.10278514e-01 4.94400779e-02
 -1.75122065e-01 5.75636880e-01
 -5.90687234e-02 -7.32380471e-01
 -1.26259373e-02 5.04280455e-01
 7.00751927e-01 -2.35891538e-01
 -9.96602719e-02 -7.37678048e-01
 4.91972712e-01 4.36317216e-02
 2.57319455e-01 -8.64640827e-01
 2.90829414e-01 1.44790659e-01
 2.41625282e-01 5.34532603e-01
 -1.59857879e-01 7.59269758e-01
 -5.04882915e-02 8.48897180e-01
 2.05305143e-01 -4.72341517e-01
 1.75564433e-01 -8.77958896e-01
 -2.83214487e-01 -6.21012674e-01
 4.84646657e-01 -5.13090983e-01
 8.18689226e-01 2.73629626e-01
 1.98881250e-02 -7.48702078e-01
 6.92831089e-01 1.29085286e-01
 2.85745647e-01 -7.07530790e-01
 1.03444832e-02 5.02722045e-01
 -3.07651562e-01 -4.95235389e-01
 -2.45887506e-01 -3.08312820e-02
 -1.32763364e-01 7.91750636e-01
 -4.05062292e-01 -2.82914725e-01
 6.92538320e-01 -5.29037666e-01
 -4.06896443e-01 -7.14178463e-01
 -4.81817755e-02 3.90207797e-01
 2.11043153e-01 -5.98174735e-01
 3.85528241e-02 6.70314622e-01
 -8.52059398e-01 1.42476344e-01
 5.12848187e-02 -5.21715283e-01
 6.43297068e-01 5.87772715e-01
 7.60741269e-01 1.04565256e-01
 1.71576047e-01 7.28749001e-01
 -3.65926440e-02 8.69814477e-01
 -6.48820268e-01 -2.54042403e-01
 3.46460987e-01 -8.65161297e-01
 1.20089663e-01 8.27715464e-01
 -2.80070546e-01 -2.10182328e-01
 -3.53480091e-01 -4.72494340e-01
 -4.66996413e-01 6.79128797e-01
 6.69797640e-01 2.80180362e-01
 -7.19597593e-02 -5.11102057e-01
 3.10349236e-01 6.03700113e-01
 3.21046086e-01 4.21712721e-01
 5.24984594e-01 -6.66242831e-01
 -1.92116406e-01 -6.36311023e-01
 5.15353497e-01 2.14448369e-01
 -3.99706867e-01 -5.84136248e-01
 5.16968328e-01 -3.23725975e-01
 -5.75044658e-02 8.00284778e-01
 4.99460265e-02 8.01073177e-01
 2.96809620e-01 -5.20038232e-01
 -6.85343908e-03 -6.67950029e-01
 -4.10667257e-01 -4.14092991e-01
 -6.02445210e-01 -1.69711855e-01
 -7.34147624e-01 6.73485126e-01
 -8.22970019e-01 4.09998233e-01
 6.13901311e-01 2.53423526e-01
 1.61096889e-01 -7.65233647e-01
 -5.60402261e-01 -6.24356772e-01
 -3.42758453e-01 7.34185000e-01
 -3.19796576e-01 -4.47288346e-01
 2.77345216e-01 7.46205619e-01
 5.32256364e-01 -7.73962688e-02
 -2.41004423e-01 8.34508143e-01
 5.41859506e-01 4.06016679e-01
 -3.29904673e-01 -4.58881775e-01
 -3.61471830e-01 -4.85666747e-01
 5.78640960e-01 3.18872236e-01
 6.49097735e-01 4.76660987e-01
 -7.94996612e-02 -8.07644624e-01
 1.86314894e-01 6.02734399e-01
 2.73206406e-02 6.65224933e-01
 5.34071646e-01 8.04517459e-01
 -8.45177313e-01 2.73091771e-01
 1.56143143e-01 6.00660854e-01
 -7.44965412e-01 5.06433442e-01
 1.68489018e-01 -5.26987557e-01
 3.44914163e-01 5.74574544e-01
 -5.05764669e-01 -2.27445650e-01
 -5.87573377e-02 -7.36135401e-01
 1.45042489e-01 6.40536286e-01
 1.17141202e-01 -6.72796130e-01
 -2.27569887e-01 -8.17463082e-02
 7.22278826e-02 8.30933106e-01
 6.90541603e-01 7.71834503e-02
 -1.05726203e-01 -5.17335787e-01
 3.83804099e-01 4.16749579e-01
 -1.43301100e-01 -2.20388168e-01
 6.92969793e-01 5.01752029e-01
 -3.03020309e-01 -7.30653310e-01
 6.24931056e-01 7.10144642e-01
 5.49365854e-01 4.09100670e-01
 5.15889344e-01 8.11354718e-01
 3.51763281e-01 -8.18432109e-01
 -2.80281614e-01 -6.43346842e-01
 6.02555100e-02 -4.38876611e-01
 3.97761303e-01 5.18320723e-01
 7.75563218e-01 -3.83260778e-01
 5.88892059e-01 -3.11498470e-01
 -5.04401544e-01 -6.62106906e-01
 2.91642079e-01 -5.22548218e-01
 2.52077060e-01 6.84757895e-01
 2.94554834e-01 7.72759178e-01
 1.61557855e-01 3.02290113e-01
 -4.98602659e-01 -3.52929976e-01
 4.33194936e-01 7.44749532e-01
 6.41934974e-01 3.41983954e-01
 5.66779497e-01 4.99620128e-01
 2.53615520e-01 -6.91460414e-01
 6.36610484e-01 -4.37143802e-01
 7.36200241e-01 1.82675867e-01
 -6.73162583e-01 -1.54181370e-01
 -1.40878871e-01 -6.49417295e-01
 4.05454001e-01 -8.53987840e-01
 3.91874744e-01 1.87937258e-01
 3.99850601e-01 -4.72338505e-01
 8.78687730e-02 -4.46452563e-01
 -2.72206256e-01 5.70209172e-01
 5.48818552e-01 6.16712577e-01
 -2.72037618e-01 -2.57782177e-01
 -2.28274101e-01 -6.47395351e-01
 6.55430542e-01 -7.04706452e-01
 -6.04706316e-01 -2.92802759e-01
 -1.40102217e-01 7.70411754e-01
 -4.86349988e-01 -4.49451397e-01
 -3.89981777e-01 -6.98733387e-01
 1.24770559e-01 -5.95874315e-01
 7.45579731e-02 8.55753919e-01
 -7.11589689e-01 6.84299293e-01
 5.22158993e-01 -1.23752035e-01
 2.33335023e-01 -7.46501039e-01
 -8.26937026e-02 -7.59018884e-01
 -5.49335441e-01 -1.04515369e-01
 -7.32016776e-01 6.12555491e-01
 -8.17323793e-01 2.52746606e-01
 1.92403376e-01 3.01211717e-01
 -7.89321162e-01 2.84916152e-01
 -3.53819970e-01 -4.62842494e-01
 -1.15658165e-01 -2.31482317e-01
 5.34585220e-01 7.99827596e-01
 2.02125869e-01 7.44112655e-01
 5.85359374e-01 -4.90834385e-01
 1.59540153e-01 5.44379442e-01
 5.22736445e-01 3.30263375e-01
 -3.19772396e-01 6.90978068e-01
 1.51785256e-01 6.46577476e-01
 6.42873427e-01 5.65525766e-01
 1.03506817e-01 4.54326814e-01
 2.66750186e-01 1.16215622e-01
 -4.60214837e-01 -8.64216598e-02
 -7.04433940e-01 -6.39989411e-02
 3.63962125e-01 7.62631915e-01
 7.59378999e-01 3.72089596e-01
 5.59105379e-01 -1.78524958e-01
 6.86832741e-01 -2.06852258e-01
 6.80685249e-01 2.71278622e-01
 4.28632838e-01 -5.98018461e-01
 2.04288588e-01 2.96878715e-01
 6.46908509e-01 9.56292805e-02
 7.79515436e-01 -2.95347783e-01
 -2.20581896e-01 7.51805284e-01
 -2.22410756e-02 -5.01438711e-01
 -2.51221863e-01 -6.59389864e-01
 -1.56681779e-01 6.61155673e-01
 -1.13145466e-01 -7.29506641e-01
 -2.97105865e-01 -3.93525016e-01
 2.23591041e-01 -6.43852396e-01
 6.91074101e-01 1.79563713e-01
 5.20526467e-01 3.68401911e-01
 -8.12214334e-01 5.23609881e-01
 3.62932042e-01 7.83169348e-02
 4.40317302e-01 4.31235318e-01
 5.50623019e-01 -7.35678862e-01
 7.92773222e-01 -4.46472905e-01
 3.72860185e-01 -4.87895359e-01
 1.68210495e-01 -6.01430841e-01
 2.35274693e-01 8.11256550e-01
 -8.08523942e-01 3.40504099e-01
 4.03283080e-02 -3.71526780e-01
 1.26942620e-02 -7.21072459e-01
 -3.63141768e-01 -2.17072862e-01
 2.53345447e-01 -8.27222204e-01
 1.21430239e-01 -8.30948811e-01
 6.25789697e-01 -6.54450300e-01
 -8.42680460e-01 2.22066927e-01
 4.39294359e-02 -6.70291339e-01
 6.69325330e-01 3.68613102e-02
 -5.05549619e-02 8.64555064e-01
 7.24796533e-01 -2.59401793e-01
 -3.14429973e-01 -1.27245077e-01
 7.60454696e-01 -4.69027085e-01
 2.96472688e-01 4.83967041e-02
 5.66857432e-01 2.85172591e-01
 8.37453737e-01 -2.54662661e-01
 -6.37260508e-01 -1.86808867e-01
 -6.03020440e-02 8.53296409e-01
 -1.41597121e-01 4.91425655e-01
 4.76089077e-01 -5.02253835e-01
 4.21129180e-01 5.70238668e-01
 3.08527680e-01 -8.99846589e-01
 -8.64393956e-02 -7.31894895e-01
 7.09199721e-01 3.97893352e-02
 7.45224721e-02 7.02276880e-01
 4.55587357e-01 6.34110519e-01
 -7.84183189e-01 6.49406971e-01
 2.25637704e-01 -6.80851964e-01
 2.99169124e-01 -7.47692662e-01
 3.86704326e-01 -8.64280856e-01
 5.46508036e-01 -6.78883153e-01
 5.84444359e-01 1.49444684e-01
 5.41827863e-01 -7.28617912e-02
 6.16365295e-01 2.33668465e-01
 3.33951265e-01 7.88569802e-01
 3.84265382e-01 2.98253298e-01
 6.35607955e-01 -6.14441972e-01
 7.83933030e-01 3.98490410e-01
 8.40022653e-01 -1.14325249e-01
 2.15850688e-01 2.26367083e-01
 2.80530503e-01 -7.55865236e-01
 1.64296796e-01 -8.16583366e-01
 8.15369708e-02 5.20414423e-01
 3.68400526e-01 -8.44803870e-01
 -5.33927792e-01 -6.67703647e-01
 7.02955984e-01 -1.70286874e-01
 4.13401823e-01 7.69436344e-01
 5.33089756e-01 6.44852320e-01
 -7.86747245e-01 5.13206098e-01
 3.96058655e-01 6.52566717e-01
 -4.89824277e-01 -5.78745662e-01
 -6.30152109e-01 -1.48231470e-01
 2.25101948e-01 -8.04660395e-01
 -6.59461109e-01 -1.55844023e-01
 -3.85799619e-01 -4.11668079e-01
 7.47394706e-01 2.72711222e-01
 2.27490846e-01 2.24590857e-01
 1.92407378e-01 8.09897927e-01
 7.75340496e-01 -3.35424942e-01
 3.68943630e-01 4.21228466e-02
 -5.74662093e-01 -5.59996816e-01
 4.23952411e-01 5.17173619e-01
 1.92079926e-01 1.58316594e-01
 7.41871433e-01 -9.07543822e-03
 -6.74242972e-01 3.81160445e-02
 -2.10570936e-01 -7.03935231e-01
 4.87823066e-01 5.29751104e-01
 -1.91037845e-01 -1.50826889e-01
 -5.63940965e-01 -1.88416796e-01
 -2.29030856e-01 6.93077485e-01
 1.61264639e-01 -5.47928523e-01
 1.18423183e-01 6.46815230e-01
 -2.92317335e-01 -5.38734062e-01
 -3.85195590e-01 -2.34241129e-01
 1.00063634e-01 4.98797751e-01
 -2.15493256e-01 -2.89541019e-01
 -4.57562788e-02 7.22101790e-01
 1.38021132e-01 7.11445234e-01
 -6.00456840e-01 6.91379672e-01
 1.31972557e-01 6.66199694e-01
 5.68019632e-01 4.38228544e-01
 3.94898050e-01 1.42964842e-01
 7.84182830e-01 2.99126635e-01
 4.24649908e-01 4.73310434e-01
 -8.70857185e-02 -4.08121997e-01
 5.05875066e-01 4.84787667e-01
 1.88081912e-02 5.99792046e-01
 -3.09771829e-01 -3.53597794e-01
 1.95585058e-01 6.81383598e-01
 7.71528178e-01 3.36123018e-01
 -5.16839662e-01 -1.38462908e-01
 5.49936252e-01 5.16531550e-01
 -6.57320105e-01 -4.36408714e-01
 2.72568231e-01 -8.11891586e-01
 -1.16378141e-02 -7.49106381e-01
 -2.25652701e-01 6.61780489e-01
 3.59141768e-01 -7.67713086e-01
 -3.43622138e-01 -2.72357175e-01
 3.90565459e-01 -8.09335825e-01
 5.48206995e-01 7.70145663e-01
 2.69313742e-02 7.67238271e-01
 1.83702605e-01 4.46218001e-01
 2.27143453e-01 5.80214824e-01
 -8.25614233e-01 1.29717006e-01
 -2.66724865e-01 -5.52470324e-02
 -9.70914650e-02 -6.02236301e-01
 3.50661841e-01 -5.22059334e-01
 -2.98900853e-01 -5.94208605e-01
 -2.03418595e-01 -2.31116776e-02
 5.82725195e-01 1.07738137e-01
 -8.41529866e-01 3.64337877e-01
 6.44258660e-01 4.50019257e-01
 7.72548629e-01 -5.12824753e-01
 3.04911780e-01 -4.74866672e-01
 -4.29701203e-01 -5.41915305e-01
 -6.99842430e-02 7.60353381e-01
 5.63413998e-01 -6.55628143e-01
 -1.98758207e-01 7.76452250e-01
 -3.03861008e-01 -4.93746694e-01
 6.44434691e-01 2.75571699e-01
 3.02896728e-01 6.56863061e-01
 -4.55147017e-01 -2.36773356e-01
 9.16852376e-02 7.43572664e-01
 7.13631890e-01 -4.73002741e-01
 -1.53780697e-01 -4.54511431e-01
 3.60570948e-01 3.31333985e-01
 1.21531555e-01 -6.25129379e-01
 -2.99023549e-01 -3.65875723e-01
 1.97492943e-01 7.11188585e-01
 2.56348378e-01 4.07843059e-01
 -7.72628287e-02 -5.02058025e-01
 5.93850697e-01 4.71968514e-01
 -7.95453959e-01 5.07078666e-01
 -6.94286558e-03 -7.83677441e-01
 -5.93285580e-03 7.14803506e-01
 -2.06472054e-02 -7.74164328e-01
 4.14784699e-01 -6.97638605e-03
 1.67400706e-01 -7.70072387e-01
 7.53070743e-01 -9.01848049e-02
 -1.32947184e-01 6.92205890e-01
 6.01075541e-01 -7.50358587e-01
 -3.80773426e-01 6.68227210e-01
 4.94014849e-01 -5.08803286e-01
 2.89565554e-02 -6.43063050e-01
 5.98316973e-01 -5.08598305e-01
 -1.79793462e-01 6.38325128e-01
 4.68324494e-01 1.43633369e-01
 -6.30364933e-01 -3.81958667e-02
 3.46085860e-02 -7.25513536e-01
 1.75755417e-01 3.15501174e-01
 8.08122748e-01 -4.00270588e-01
 -1.79455965e-01 -4.39480265e-01
 -1.79036081e-01 7.35180524e-01
 3.47172436e-01 4.73537225e-01
 8.35493804e-02 -8.57587283e-01
 -2.90251166e-01 -4.56292384e-01
 6.36256040e-01 5.78447012e-01
 6.43297526e-01 -3.01093703e-01
 2.33371040e-01 2.48213113e-01
 -3.05446462e-01 7.09021452e-01
 6.73716979e-01 -4.34889180e-01
 -7.83748733e-01 -7.35742151e-02
 1.73593159e-01 7.90222088e-01
 7.36582740e-02 -7.34661525e-01
 3.28850359e-01 6.38813063e-01
 7.63012027e-01 -4.91804386e-01
 6.53111510e-01 6.00150399e-01
 -6.16764177e-01 -8.62978329e-02
 6.31471269e-01 7.40450670e-01
 -3.05353461e-01 -1.18401994e-01
 -2.00126892e-01 -5.41477465e-01
 -5.09109987e-01 7.23935433e-01
 -8.54885834e-02 8.79124814e-01
 -2.66405171e-01 -6.00798462e-01
 5.46759594e-01 6.27440129e-01
 -5.62606185e-02 -7.24967148e-01
 -1.46578174e-01 -8.23688498e-01
 4.56453050e-01 -5.32128294e-01
 3.97682048e-01 5.56905922e-01
 -1.62929002e-01 -9.89241588e-02
 -8.14233282e-01 4.09066143e-01
 9.93360701e-02 6.67094002e-01
 5.57939905e-02 -6.49882149e-01
 6.27180277e-02 -6.74207583e-01
 -4.56524140e-01 -5.63751288e-01
 3.50772595e-01 7.70043040e-01
 7.89650090e-01 2.23771929e-01
 -3.91623804e-01 -4.72629809e-01
 5.73235815e-01 -1.40720297e-01
 4.75958290e-01 -5.39286872e-01
 7.42589253e-01 4.23301701e-01
 -9.81472095e-03 -6.42324668e-01
 -2.28752500e-01 -6.32938241e-01
 -7.44610728e-01 5.83621895e-01
 7.67666188e-01 3.24375814e-01
 6.38868572e-01 -4.91354093e-01
 5.49957061e-01 -1.21317979e-01
 5.07133184e-02 4.14351956e-01
 1.14323241e-01 8.72295691e-01
 -3.98554618e-02 4.04258601e-01
 1.29126161e-01 -5.39247240e-01
 -2.70531117e-01 -4.32648235e-01
 2.90878553e-01 7.43075248e-01
 -4.91444730e-01 -3.41731630e-01
 6.08818197e-01 3.83671367e-01
 3.69411933e-01 -5.27312889e-01
 3.37913782e-01 -7.57718744e-01
 4.74438410e-01 6.00460487e-01
 6.57809680e-01 9.41972423e-02
 3.58885695e-01 -8.35302457e-01
 2.15994636e-01 7.58477905e-01
 -4.25196337e-01 -3.95549469e-01
 3.06638735e-01 8.13562507e-01
 -5.69629609e-01 6.61419715e-01
 -3.76894677e-01 -2.48119169e-01
 -2.46874304e-01 -3.79105354e-01
 -1.76689784e-01 -3.61472813e-01
 -5.15088637e-01 7.08131163e-01
 -3.17264707e-01 -6.09224165e-01
 -1.71495968e-02 7.90729903e-01
 4.59406154e-01 4.06893996e-01
 1.82430734e-02 -6.18632094e-01
 -3.89644740e-02 4.99371642e-01
 -6.87667987e-02 -8.43374183e-01
 3.51348154e-01 -8.03831248e-01
 1.16513688e-01 5.59649897e-01
 -6.64575224e-02 -6.45501882e-01
 7.94495160e-01 2.31342797e-01
 4.24671916e-01 1.87568173e-01
 -4.56424124e-01 -6.90868754e-01
 1.99288688e-01 7.77138267e-01
 3.59684869e-01 1.18169477e-01
 1.52078308e-01 7.94094571e-01
 4.87382189e-01 -6.96461878e-01
 3.36907356e-01 -8.75043599e-01
 5.93537480e-01 -4.30547188e-01
 1.17027451e-01 7.45785982e-01
 7.87809908e-01 -4.02502596e-01
 5.83102626e-01 -7.30916638e-01
 7.74090232e-01 4.40438513e-01
 6.42104123e-02 -7.95240126e-01
 7.62450011e-01 -3.31067499e-01
 5.75792455e-01 5.83144213e-01
 7.88699501e-02 7.40370480e-01
 2.67084121e-01 -7.37751272e-01
 3.91008914e-01 -6.86079450e-01
 6.09838971e-02 4.41629885e-01
 5.87140281e-01 -6.44305712e-01
 3.87130364e-01 5.69053576e-01
 6.57197034e-01 -1.42771158e-01
 1.35518793e-02 -6.29730991e-01
 1.68557786e-01 7.37336650e-01
 -6.79816648e-01 6.71218650e-01
 -7.25585267e-01 -1.88863185e-01
 -8.15888889e-01 2.94730484e-01
 -7.14999517e-01 -1.21080715e-01
 -3.09308072e-01 -5.19652832e-01
 3.59639893e-01 -6.01778775e-01
 -8.00148484e-03 8.80576419e-01
 -8.42430431e-02 4.86755557e-01
 6.53537923e-01 -6.39973970e-01
 4.66809639e-01 3.64152951e-01
 -4.89872583e-01 -3.77410976e-01
 1.27680087e-01 -7.15663908e-01
 3.47980660e-01 5.48390046e-01
 5.81692383e-01 6.26693622e-01
 -3.04445287e-01 -5.05229739e-01
 7.33759969e-01 1.69726301e-01
 7.86027152e-01 -4.86690733e-01
 3.93927540e-01 1.75663141e-01
 -1.13370053e-01 -7.54337596e-01
 -8.59931884e-01 4.05373812e-01
 7.78935078e-01 -3.68752454e-01
 -3.39566602e-01 -6.47487438e-01
 5.97506771e-01 7.02101877e-01
 -2.49802655e-01 -4.93175269e-01
 4.99817060e-01 6.61665239e-01
 -6.45613586e-01 5.79323562e-01
 -1.73961493e-01 -6.98190631e-01
 5.92496385e-01 -3.68995716e-01
 5.44480850e-02 -6.61031004e-01
 7.12084654e-01 4.92698737e-01
 4.16610728e-01 -3.88680304e-02
 2.96348487e-01 7.92256524e-01
 -2.30003657e-01 7.83631397e-01
 -6.44329857e-01 2.02881656e-02
 -2.41743991e-01 -5.40142012e-01
 4.02266967e-01 7.38456899e-01
 -4.54188772e-01 -3.98188806e-01
 -1.62132277e-01 -7.41801302e-01
 2.89779793e-01 -7.29038297e-01
 -7.16911814e-01 6.78810179e-01
 -1.81354539e-01 -6.21463000e-01
 6.34311985e-01 7.38744426e-01
 1.58532540e-01 -6.96875760e-01
 -4.99875617e-03 -3.81258713e-01
 -8.09522321e-01 4.36853501e-01
 7.84702896e-01 -5.52353012e-01
 -1.85220026e-01 6.86734765e-01
 -2.16499445e-01 -2.12240153e-01
 -3.83901004e-02 5.89215587e-01
 -2.38303909e-01 -6.56048324e-01
 1.42637248e-01 6.69897083e-01
 -1.22840074e-01 3.99093601e-01
 2.14059591e-01 2.54039109e-01
 2.25090455e-01 6.07889748e-01
 4.47142802e-01 -4.25882003e-01
 -1.78577543e-01 -5.64051383e-01
 5.13810955e-01 6.28817547e-01
 5.57897783e-01 1.56361979e-01
 4.96958373e-01 5.19360106e-01
 7.18304544e-01 2.31839452e-01
 3.13906307e-01 3.58110692e-01
 4.13716904e-01 7.67525788e-01
 3.93607638e-01 3.88807096e-01
 -1.78018150e-01 -6.70006954e-01
 -3.45726267e-01 -5.19310826e-01
 6.25826679e-01 7.34612161e-01
 6.27278636e-03 -4.86954029e-01
 3.99686685e-01 -6.59343762e-01
 4.18633084e-01 8.38857229e-01
 3.41972924e-01 -6.01519031e-01
 -1.95784726e-01 -5.18124758e-01
 6.01582801e-01 6.74952821e-01
 5.80889193e-01 1.92157940e-01
 -2.66154862e-01 -2.03708025e-01
 7.65828749e-01 -3.03697130e-01
 3.97975896e-01 -8.56327978e-01
 7.48395713e-02 6.49019267e-01
 -7.72975778e-01 3.58703510e-01
 -3.13818018e-02 8.67845233e-01
 5.77153125e-01 6.98778269e-01
 7.76098127e-01 -4.19425447e-01
 -3.24874427e-01 -2.96745418e-01
 4.76150280e-01 3.34174422e-01
 -5.35749742e-03 -7.10335592e-01
 3.20725024e-01 5.05204429e-01
 1.70642457e-01 -6.81793100e-01
 -1.98346398e-01 6.85932823e-01
 -2.83876773e-01 -4.44010268e-01
 7.04155124e-01 8.07950977e-02
 -7.34274133e-01 6.73978417e-01
 6.85760694e-01 3.63115609e-01
 4.56014686e-01 -7.20397485e-01
 -3.69897903e-02 -6.74566063e-01
 4.55566805e-01 7.54700742e-01
 1.26216889e-01 -8.64861207e-01
 -8.28560440e-01 -3.43295109e-02
 -1.68675542e-01 -3.07089716e-01
 4.17963776e-01 -7.32813989e-01
 -5.37412293e-01 -6.67670805e-01
 -1.45601896e-01 -7.63478476e-01
 -5.27308184e-01 -8.88389098e-02
 2.77653351e-01 -7.35332362e-01
 6.37463478e-01 7.47062726e-01
 2.63148803e-01 6.50945151e-01
 7.74103766e-01 -1.99617245e-01
 2.81855398e-01 7.86688209e-01
 -4.00970344e-01 -3.19893032e-01
 -6.77639207e-01 -9.70094855e-02
 -2.53212577e-01 -3.43094487e-01
 5.62266019e-01 -4.12750908e-01
 -1.98390423e-01 -7.30478885e-01
 7.27005288e-01 1.65596563e-01
 5.55203054e-02 -7.93640400e-01
 6.04546836e-01 7.19223776e-01
 4.02301641e-01 -7.63763999e-01
 5.25640374e-01 6.36863283e-01
 -1.86478525e-01 -6.01202024e-01
 -9.03746318e-02 -6.19515318e-01
 1.09324203e-01 -6.98779243e-01
 3.63322325e-01 6.52290127e-01
 8.91409549e-02 -4.49381381e-01
 3.29189974e-01 2.08015550e-01
 5.45323736e-01 -6.45594769e-01
 -6.89557115e-01 -9.54278144e-02
 -3.82378795e-01 -5.40035461e-01
 5.32990555e-01 8.21920776e-01
 7.19090313e-01 4.45244675e-01
 5.42393554e-01 6.25440497e-01
 5.39522786e-01 -6.59838493e-01
 5.38737579e-01 6.63202567e-01
 5.57833941e-01 -4.03010961e-02
 6.47543209e-01 6.27137575e-01
 4.60557159e-01 -5.42127837e-03
 -6.38593340e-02 6.01691987e-01
 3.67013971e-01 7.68904285e-01
 4.12851733e-02 -7.24265065e-01
 6.92355706e-02 6.52335399e-01
 -6.16256648e-01 -7.22168789e-02
 5.93362238e-03 -7.78782365e-01
 6.83724729e-01 3.32759401e-01
 2.69950529e-01 -8.63710556e-01
 8.08800864e-01 3.15679563e-01
 4.62656923e-01 -5.87403303e-01
 -5.76108311e-01 -1.59336692e-01
 -1.56344805e-01 8.02757138e-01
 2.80277140e-02 -7.32350602e-01
 -4.86065131e-01 -3.75037770e-01
 -2.45032589e-01 -3.56856116e-01
 6.26348168e-01 -4.95612123e-01
 6.93253365e-01 2.10061372e-01
 -8.18300244e-02 -4.52348631e-01
 -7.11512118e-02 8.04424750e-01
 -6.79987858e-01 -5.82306348e-02
 6.40839621e-01 3.32201883e-01
 -5.63188739e-02 6.63240055e-01
 7.73984290e-02 -4.26981301e-01
 3.49036900e-01 -8.85093200e-01
 9.35829704e-02 8.33441784e-01
 -4.90070764e-01 -2.11809622e-01
 2.05083228e-03 -6.78169624e-01
 4.16626988e-01 6.45842491e-01
 -8.43033552e-01 1.57190895e-01
 2.77077270e-01 2.35023804e-01
 1.53306476e-01 -5.81010784e-01
 5.87545330e-01 -5.91135296e-01
 -5.11119332e-01 -5.50230183e-01
 1.41787045e-01 -6.36851055e-01
 -2.45633235e-01 -5.52319331e-01
 1.17713385e-01 4.29075263e-01
 6.68440332e-01 5.70524075e-01
 -9.46428832e-02 8.51967690e-01
 -2.65759113e-01 -3.70216249e-01
 5.26346513e-02 -6.95568186e-01
 4.64770464e-01 3.99260719e-01
 8.01086251e-01 -5.37731903e-03
 -3.29112026e-01 -2.22958138e-01
 -5.71561240e-01 -3.47984080e-01
 4.45137906e-01 -8.19158975e-01
 -2.34671232e-01 6.21066496e-01
 1.61700852e-01 -7.83689809e-01
 2.35489777e-01 8.35643988e-01
 8.20227547e-01 -2.97429536e-01
 5.58088675e-02 -6.37999859e-01
 1.85945968e-01 -4.07115800e-01
 3.78367573e-01 -7.05396606e-01
 -4.86984532e-01 -6.32561076e-01
 6.03144869e-01 3.07134539e-01
 -2.77920235e-02 -6.25723953e-01
 5.69324984e-01 -6.79766384e-01
 6.42725355e-01 1.69560391e-01
 -2.08226739e-01 -5.92416090e-01
 5.59974979e-01 7.78468184e-01
 -2.81446661e-01 -4.47705258e-01
 -6.48420595e-01 -3.47864666e-01
 -1.70416009e-01 -2.57414508e-01
 3.62828837e-01 -2.86530863e-02
 8.00911369e-01 -4.62023648e-01
 1.32127759e-01 -6.46650828e-01
 2.17148984e-01 -7.96376074e-01
 -1.55503548e-02 -7.36555189e-01
 -1.00895846e-02 7.88658801e-01
 3.97996467e-01 -1.12078870e-02
 -1.74882145e-01 -1.79698668e-01
 1.86317853e-01 -7.45259827e-01
 -6.03069146e-01 -2.11258751e-01
 8.17783684e-01 1.02439293e-01
 1.64148519e-01 8.00427611e-01
 7.84587402e-02 -7.24605611e-01
 6.63073690e-01 -1.22428689e-01
 7.10995621e-01 3.49081795e-01
 -2.92820062e-01 8.01626382e-01
 -4.97625412e-02 4.78742005e-01
 5.95936620e-01 -5.19410277e-01
 1.93621776e-02 -6.80611200e-01
 6.00478610e-01 7.06055234e-01
 -6.06196602e-02 -3.83891334e-01
 3.61118314e-02 4.25169338e-01
 2.83506566e-01 -8.09737550e-01
 -4.05717173e-01 -3.66035377e-01
 6.31463778e-01 -5.38763791e-01
 6.89196423e-01 7.54057954e-02
 -2.31776851e-01 -4.22644228e-01
 5.20815988e-01 3.68411476e-01
 6.44512342e-01 3.48931721e-01
 -1.62124045e-01 8.78036505e-01
 -2.29595009e-01 -5.52127214e-01
 8.07915258e-01 -1.57048863e-02
 -6.44939731e-01 -2.15637429e-01
 5.00670695e-01 6.09012685e-01
 -5.31723418e-02 -7.56324407e-01
 1.05016502e-01 6.28532487e-01
 3.58213737e-01 -8.51836283e-01
 -6.59923524e-01 6.63091732e-01
 1.43668762e-02 -8.84866431e-01
 2.79075326e-01 -6.26137810e-01
 -4.48563563e-01 -6.29717804e-01
 3.44122696e-01 -7.29175913e-01
 6.20367220e-01 3.28261352e-01
 3.27210091e-01 -8.12372193e-01
 -4.27373651e-01 -2.22354483e-01
 2.25550660e-01 1.01320161e-01
 6.48324923e-01 3.18485118e-01
 -7.87162521e-01 7.73924193e-02
 -5.40547973e-01 7.37282254e-01
 -3.16481642e-01 -4.64231585e-01
 -1.88795518e-01 -6.92506102e-01
 5.60804354e-01 5.65793485e-01
 -4.45857224e-01 -2.27582161e-01
 1.55642985e-01 3.22541697e-01
 6.40869211e-01 3.42457455e-01
 5.03113054e-01 -2.51697476e-01
 2.23732511e-01 -7.64260734e-01
 -1.24532762e-01 7.77341813e-01
 5.18087902e-01 -6.84151854e-01
 -8.23032621e-02 -1.83281069e-01
 -7.11111912e-01 -2.03869289e-01
 5.64752086e-01 6.01028986e-01
 7.12985315e-01 3.84153135e-01
 4.57751361e-01 1.75003133e-01
 5.58499239e-01 -3.72256841e-01
 3.42142462e-01 -8.34668265e-01
 5.54926441e-02 4.73598024e-01
 5.32464043e-01 -5.96196582e-01
 -1.66453800e-03 -5.87374268e-01
 8.37027555e-01 -3.51588111e-01
 -4.64332467e-01 -3.28043272e-01
 7.89283363e-01 -4.88694220e-01
 8.16112890e-02 8.53079442e-01
 -6.37508519e-01 -6.42938605e-02
 4.56848226e-01 7.48035958e-01
 5.97415943e-01 6.76611449e-01
 -3.08471601e-01 -1.73503422e-01
 -5.10292665e-01 6.35477291e-01
 -4.30844093e-01 -2.95600416e-01
 3.03808375e-01 -7.47231612e-01
 3.93045717e-01 7.49934822e-01
 5.89545119e-01 -5.54292872e-01
 7.17463739e-01 2.97958643e-01
 -1.59571469e-01 -3.91785224e-01
 -4.01106199e-01 -1.20990171e-01
 -2.80492170e-01 7.03563177e-01
 5.97957400e-01 7.01179845e-01
 -3.99834414e-01 -3.25181014e-01
 -3.87518043e-02 -8.22413550e-01
 -4.14546210e-01 -6.20905766e-01
 6.60722478e-01 3.15023950e-01
 -2.71665253e-01 -6.55630504e-01
 -2.90398193e-01 -5.95756368e-01
 -2.27705976e-01 -6.63973589e-02
 8.01222437e-02 8.52488206e-01
 -6.08165274e-01 -2.51410042e-02
 6.37138748e-01 1.72108688e-01
 -4.02731003e-02 -3.47622637e-01
 3.56935133e-01 -8.57269935e-01
 4.25109374e-01 -7.57926438e-01
 -6.58377825e-02 5.16838356e-01
 8.81016569e-03 -3.65218507e-01
 6.24609078e-01 6.70728879e-01
 1.49009382e-01 4.86003021e-01
 3.53215475e-01 3.99192399e-01
 -5.82709600e-02 -7.56283193e-01
 -4.43939860e-01 -6.60434875e-01
 7.97727321e-01 -4.75575105e-01
 6.42432650e-01 1.45042485e-01
 2.65434336e-01 -6.57923749e-01
 7.70327264e-01 1.49845863e-01
 2.45806926e-01 3.95412347e-01
 7.11432299e-01 -3.66813468e-01
 5.86026123e-01 -2.50645914e-01
 9.77677966e-02 6.29932351e-01
 -5.72766516e-01 -3.06888345e-01
 -2.32201596e-01 -1.86434359e-01
 5.71554655e-02 5.54386442e-01
 -6.31570990e-01 -2.66851550e-01
 -5.20944766e-02 -3.07656001e-01
 1.31902975e-01 6.87531245e-01
 -5.94536900e-02 -6.10300935e-01
 3.40980366e-01 -8.31914429e-01
 -3.70803521e-01 -1.19091397e-01
 -3.86138895e-01 -4.95637862e-01
 5.35630566e-01 -6.90283558e-01
 6.31016694e-01 2.26513821e-01
 6.56752663e-01 -3.61057717e-01
 -6.62518739e-02 7.57111378e-01
 5.91820243e-01 4.23010502e-01
 5.79310457e-01 -5.15232771e-01
 -1.11710914e-01 -6.31071913e-01
 -6.40079201e-01 -2.70561849e-01
 -8.41652561e-02 -7.52134181e-01
 -8.53989250e-02 9.00000000e-01
 3.83415276e-01 6.20737145e-01
 5.75480911e-01 2.53159412e-01
 2.57736592e-02 -7.47970717e-01
 -3.49708841e-02 6.99169311e-01
 -3.46178770e-01 -3.80573569e-01
 -2.62691607e-01 -3.32313858e-01
 6.47716782e-01 -3.23456671e-01
 3.91898329e-01 -5.14249602e-01
 -6.18414634e-01 -4.84850888e-01
 3.08186349e-02 7.17306677e-01
 2.32444087e-01 5.76438467e-01
 1.98804002e-01 3.14129570e-01
 -1.17811144e-01 -1.02626680e-01
 -1.03692630e-01 -5.84612834e-01
 3.51496925e-01 -7.83369235e-01
 5.44315606e-01 -4.88576732e-01
 1.01896910e-01 7.02515066e-01
 1.02482555e-01 6.33463475e-01
 -3.77614359e-01 -4.05596505e-01
 3.32158748e-02 4.16178294e-01
 1.65402734e-01 2.60168230e-01
 6.26168436e-01 -3.76116036e-01
 -6.29813319e-01 -3.26555619e-01
 7.49743655e-01 4.48862341e-01
 -1.10732960e-01 7.52215848e-01
 4.82944740e-01 6.88806872e-01
 5.54024802e-01 6.86666005e-01
 3.03460576e-01 1.91955135e-01
 5.54728903e-01 -7.38838523e-01
 -3.24957884e-01 -4.80341701e-01
 3.61692629e-01 3.05152438e-01
 -4.45057707e-01 -3.24462960e-01
 -2.15748412e-01 -4.32642102e-01
 -5.38770300e-01 -1.65296104e-01
 -4.02385446e-02 6.34118331e-01
 -2.60853358e-01 -3.97530477e-01
 -4.29078963e-01 -1.67558153e-01
 5.45842454e-02 4.52516150e-01
 6.29154240e-01 5.00104078e-01
 5.38875273e-01 6.08137890e-01
 7.70465538e-01 1.48401334e-01
 5.93144215e-01 -7.69972178e-01
 -8.96087985e-02 -5.73921234e-01
 1.10711666e-01 6.05974922e-01
 -3.61200676e-01 -4.19372187e-01
 -7.68516712e-01 4.80410128e-01
 -1.26090563e-01 -5.54472140e-01
 1.91795144e-01 -9.00000000e-01
 -6.83556860e-01 6.81762507e-01
 3.11799212e-01 7.55541271e-01
 3.65017108e-01 -8.46870391e-01
 3.51765973e-01 1.60365079e-01
 5.00437402e-01 6.74456936e-01
 5.65424991e-01 -6.47637117e-01
 1.93182467e-01 -7.15250583e-01
 7.63574807e-01 2.51806334e-01
 8.18123613e-01 -4.03341770e-01
 4.63418715e-01 6.18832272e-01
 1.15990494e-01 5.37408365e-01
 3.00841271e-01 -5.94678665e-01
 6.91330696e-02 -4.47489435e-01
 -2.54167427e-01 7.79247842e-01
 5.17929536e-01 -7.78572329e-01
 4.81238128e-01 -5.15183756e-01
 -2.61793666e-01 -6.07264846e-01
 -1.51630318e-01 6.13876656e-01
 2.03633949e-01 -7.34329914e-01
 -4.57939516e-01 6.72889920e-01
 -5.51729608e-02 -3.16115814e-01
 -3.77611870e-01 -4.54047859e-01
 -4.18334625e-01 6.65923526e-01
 2.37576736e-01 -8.37434322e-01
 2.77742635e-01 7.48213380e-01
 -1.00420675e-01 -1.91933953e-01
 1.74747945e-01 2.14274340e-01
 6.81768381e-01 4.24277099e-01
 -3.86500827e-01 -1.91540902e-01
 9.53995261e-02 -5.31306273e-01
 -2.05618800e-01 -6.67577296e-01
 2.79006066e-01 -7.54087134e-01
 3.74348559e-01 7.81136306e-01
 5.41441244e-01 -5.10154880e-01
 4.14189574e-01 3.36066908e-01
 -3.85075132e-01 -4.07968010e-01
 4.10775982e-01 4.47314140e-01
 -4.24628099e-02 7.47782036e-01
 -2.34623412e-01 -7.90505916e-02
 1.46806828e-01 8.24668847e-01
 2.91189239e-01 -6.38493996e-01
 -1.07833290e-01 -5.93131162e-01
 7.30139605e-01 -1.28992411e-01
 -8.51685409e-02 -6.74898735e-01
 6.39804111e-04 5.54731076e-01
 4.23460941e-01 -5.62652157e-01
 4.49952986e-03 3.94719926e-01
 -1.47137654e-01 -6.88456441e-01
 2.88060422e-01 7.98467994e-01
 -8.43020128e-01 2.23656213e-01
 5.68921340e-01 -6.08618536e-01
 3.56902935e-01 -5.17899301e-01
 2.25493797e-01 -6.31971312e-01
 -2.85084312e-01 -4.66050975e-01
 -6.21732953e-01 6.61694114e-01
 7.46257026e-01 -3.01371888e-01
 6.25012144e-01 7.57565525e-01
 6.65402214e-01 -4.93943846e-01
 -6.37153572e-01 -1.83969298e-01
 -1.21336486e-01 -4.72409481e-01
 -3.25622482e-01 -4.13775768e-01
 4.60056321e-01 -7.11821324e-01
 4.72675211e-01 -5.83735254e-01
 -1.68596637e-01 -5.74994226e-01
 6.41518679e-01 3.58259305e-01
 1.22302794e-01 -8.15913940e-01
 2.60245411e-01 2.60391731e-01
 -1.14346960e-01 -4.41291326e-01
 -2.71991043e-01 -1.23639444e-01
 -2.14230385e-01 -1.34526851e-01
 3.71870249e-01 -4.73530650e-01
 1.79413484e-02 -6.65989610e-01
 -4.19141336e-01 -3.34946014e-01
 5.49951783e-01 4.20851051e-01
 4.90705913e-01 -2.22150515e-01
 6.03050212e-01 7.06701101e-01
 6.01220377e-01 -4.00584109e-01
 3.45741881e-01 6.33056995e-01
 5.93115395e-01 3.69043823e-02
 5.46422842e-01 6.47536769e-01
 1.09231190e-01 -8.58329241e-01
 -2.78006308e-01 -4.24763733e-01
 -2.59852560e-01 -6.89618484e-01
 7.61682885e-01 -6.96965634e-02
 -3.22444924e-01 7.79807149e-01
 2.23178295e-01 7.87423041e-01
 -4.52033096e-01 -1.61621885e-01
 7.36332208e-01 -1.57147352e-01
 1.45084892e-01 3.55558054e-01
 6.22861813e-01 -7.33612682e-01
 4.40949980e-01 1.59994416e-01
 -1.00355904e-01 -7.80618476e-01
 -9.39730300e-02 -3.67472650e-01
 -2.59887694e-01 -1.23653458e-01
 5.39093357e-01 -7.65772467e-01
 -2.87421045e-01 -5.30500597e-01
 -1.87130372e-01 -7.05535917e-01
 4.82554052e-01 7.30349183e-01
 6.05511220e-01 -6.13277359e-01
 3.70804094e-01 7.77213852e-01
 2.09572282e-01 2.62362132e-01
 2.66692629e-01 6.43001095e-02
 1.83268451e-01 7.06038467e-01
 -2.98500999e-01 -6.84718400e-01
 3.95293604e-01 -6.44175711e-01
 6.09085985e-01 -7.05533623e-01
 1.75484976e-01 2.95403130e-01
 -7.31709116e-01 6.76049876e-01
 -8.55804908e-01 3.61742771e-01
 4.56186560e-01 5.00677573e-01
 5.81990900e-01 2.96335342e-01
 5.78496764e-02 4.70916123e-01
 -2.15809840e-01 5.86945159e-01
 -7.04488099e-01 6.79388862e-01
 -4.65695192e-01 -3.38713167e-01
 9.49085363e-02 5.36451904e-01
 6.25191715e-01 -7.37142838e-01
 -6.45294217e-01 -1.64065710e-02
 6.03152091e-01 2.51098838e-01
 1.58622277e-01 -7.45992406e-01
 -3.24566141e-01 -5.87401678e-01
 4.32361203e-01 -4.21890398e-01
 6.10500945e-01 6.90996232e-01
 4.32519747e-01 -3.98654908e-01
 1.81650619e-01 -8.90414022e-01
 -8.84580153e-02 -1.68733058e-01
 -1.65995026e-01 -6.79518689e-01
 7.18607163e-01 -3.47336185e-01
 -9.45865697e-03 -8.00439021e-01
 6.31239035e-01 5.28132533e-01
 4.74258579e-01 -7.35974065e-01
 8.64828011e-02 -4.96469918e-01
 3.16723449e-01 7.15848256e-01
 3.40479810e-01 -7.14503243e-01
 -4.09537800e-01 -6.96692836e-01
 6.41121788e-01 -3.57002258e-02
 5.36106975e-01 5.80053017e-01
 5.43693021e-01 -3.81106796e-01
 -2.95544153e-02 5.38407881e-01
 -6.72768029e-03 -5.96705210e-01
 6.59070016e-02 6.15728491e-01
 -6.24038512e-01 -6.56614146e-02
 3.47486732e-01 -5.96515923e-01
 2.68658784e-01 -7.83865764e-01
 -2.26827833e-01 -5.19043731e-01
 -5.93875258e-02 -5.53343257e-01
 3.06927275e-01 -7.72184276e-01
 3.38920011e-03 -4.82786619e-01
 3.20732055e-01 -4.56972377e-01
 2.82862177e-01 -6.83142191e-01
 4.00068802e-01 3.68700508e-01
 6.49165511e-01 3.10104752e-01
 -2.51184007e-01 -5.76746478e-01
 1.26838327e-01 6.17151333e-01
 4.44196415e-01 -7.37041285e-01
 2.03716622e-01 4.56732256e-01
 5.73156764e-01 6.88837333e-01
 -3.82154732e-02 4.86644313e-01
 -5.02696387e-02 7.29008012e-01
 2.15937420e-01 -5.16001801e-01
 6.27794264e-01 2.67196941e-01
 -6.97522717e-01 5.11061562e-01
 4.21627643e-01 -4.92785286e-01
 -1.81410283e-02 6.19147326e-01
 7.70750681e-01 2.11693832e-01
 2.32423447e-01 -6.98228154e-01
 2.88270537e-01 1.81255000e-01
 -7.36083620e-01 8.69098065e-02
 4.40201131e-01 8.69734710e-02
 9.17301571e-02 3.64043682e-01
 1.42812067e-01 3.95081434e-01
 -4.65275926e-01 -5.60729696e-01
 6.09555101e-01 -3.74438276e-01
 9.50575594e-02 -6.49286429e-01
 3.23161118e-01 -7.93782771e-01
 7.41064793e-01 -3.67825450e-01
 -2.97583027e-01 -2.25932754e-01
 -2.61107866e-02 6.27499612e-01
 -3.38742140e-02 -2.38544343e-01
 -5.18281377e-01 -5.27640660e-01
 2.11184198e-01 5.07670923e-01
 1.64449039e-02 -6.54943234e-01
 -1.25653290e-01 -6.17699457e-01
 1.98837406e-02 4.21771553e-01
 -1.51073751e-01 -4.98333078e-01
 2.65628385e-01 -5.93023772e-01
 -9.30006339e-02 -7.13316905e-01
 4.46119290e-01 -8.73091511e-01
 3.26965573e-01 -5.64212470e-01
 -3.86269674e-01 -3.72079802e-01
 3.57136630e-01 -6.71331624e-01
 2.91855096e-01 2.11464933e-01
 4.75355659e-02 4.15519372e-01
 7.10009139e-01 4.05161425e-01
 6.32193347e-01 -6.00943139e-01
 -9.73296822e-02 -5.22776823e-01
 1.46868064e-01 8.63697403e-01
 1.61410123e-01 -7.95018934e-01
 7.44659325e-02 -4.58726091e-01
 1.74329912e-03 7.93179341e-01
 -3.88727914e-01 -5.06337943e-01
 -1.61608725e-01 -2.38385489e-01
